Episode, Steps, Reward, Time (in milliseconds), Convergence
1, 36, -3.5000000000000018, 1, 0.27657000000000004
2, 36, -3.5000000000000018, 2, 0.183457723644
3, 36, -3.5000000000000018, 5, 0.198374654567634
4, 36, -3.5000000000000018, 6, 0.23867565356694564
5, 36, -3.5000000000000018, 6, 0.181724553617718
6, 36, -3.5000000000000018, 7, 0.16456399506958153
7, 22, -2.1000000000000005, 6, 0.21728631443316251
8, 36, -3.5000000000000018, 6, 0.16754198311793056
9, 14, -1.3, 7, 0.22356497463095626
10, 36, -3.5000000000000018, 9, 0.2956223453210598
11, 36, -3.5000000000000018, 7, 0.30356495986376975
12, 36, -3.5000000000000018, 8, 0.36621390943390053
13, 36, -3.5000000000000018, 9, 0.2290933891002933
14, 12, -1.0999999999999999, 8, 0.24527872189250555
15, 36, -3.5000000000000018, 9, 0.18626271994003693
16, 36, -3.5000000000000018, 9, 0.26996987080764034
17, 36, -3.5000000000000018, 10, 0.3061235995345494
18, 22, -2.1000000000000005, 10, 0.29738949774931145
19, 36, -3.5000000000000018, 11, 0.26012599214276233
20, 36, -3.5000000000000018, 11, 0.4343754751712392
21, 36, -3.5000000000000018, 11, 0.2924424215301784
22, 14, -1.3, 14, 0.2505197525161548
23, 36, -3.5000000000000018, 15, 0.8465660102551342
24, 36, -3.5000000000000018, 13, 0.3105438834406429
25, 18, -1.7000000000000004, 11, 0.23910490059377665
26, 36, -3.5000000000000018, 13, 0.4038824861490595
27, 15, -1.4000000000000001, 13, 0.4285515236875981
28, 36, -3.5000000000000018, 14, 0.26812805410733187
29, 36, -3.5000000000000018, 12, 0.22477296638646152
30, 36, -3.5000000000000018, 16, 0.5671728168762061
31, 36, -3.5000000000000018, 14, 0.24593357822713102
32, 21, -2.0000000000000004, 15, 0.2931152772783505
33, 36, -3.5000000000000018, 16, 0.18836251086465938
34, 21, -2.0000000000000004, 19, 0.4224025347208107
35, 36, -3.5000000000000018, 15, 0.4802057174390396
36, 15, -1.4000000000000001, 20, 0.4487664932713179
37, 19, -1.8000000000000005, 12, 0.37266084027452306
38, 36, -3.5000000000000018, 17, 0.4623927289242191
39, 36, -3.5000000000000018, 14, 0.28303695673308193
40, 36, -3.5000000000000018, 14, 0.45004824832140466
41, 19, -1.8000000000000005, 18, 0.4876039754041771
42, 36, -3.5000000000000018, 18, 0.3832353582865665
43, 36, -3.5000000000000018, 14, 0.3094483042763637
44, 36, -3.5000000000000018, 16, 0.2804375233718628
45, 15, -1.4000000000000001, 16, 0.1935138647447503
46, 15, -1.4000000000000001, 18, 0.49064424606271473
47, 36, -3.5000000000000018, 17, 0.26163734335688027
48, 36, -3.5000000000000018, 17, 0.3334571118698184
49, 36, -3.5000000000000018, 18, 0.32195378008005604
50, 36, -3.5000000000000018, 19, 0.45111993888815416
51, 36, -3.5000000000000018, 20, 0.4298048513977394
52, 20, -1.9000000000000006, 22, 0.36074283189553547
53, 26, -2.500000000000001, 21, 0.3943138540265605
54, 11, -0.9999999999999999, 17, 0.2853137109678576
55, 36, -3.5000000000000018, 23, 0.4353625715345914
56, 36, -3.5000000000000018, 21, 0.37229672862157304
57, 18, -1.7000000000000004, 24, 0.5025296311142575
58, 19, -1.8000000000000005, 22, 0.6678766015999834
59, 31, -3.0000000000000013, 22, 0.2689834889373478
60, 16, -1.5000000000000002, 19, 0.2051849829837199
61, 36, -3.5000000000000018, 20, 0.7092120224571028
62, 32, -3.1000000000000014, 21, 0.261122264783185
63, 36, -3.5000000000000018, 23, 0.341244764739124
64, 36, -3.5000000000000018, 25, 0.4020266560904946
65, 36, -3.5000000000000018, 21, 0.5907944928619095
66, 32, -3.1000000000000014, 26, 0.5038302563936611
67, 21, -2.0000000000000004, 25, 0.1475799034815144
68, 15, -1.4000000000000001, 25, 0.3984339126442412
69, 17, -1.6000000000000003, 21, 0.3191650693907335
70, 36, -3.5000000000000018, 25, 0.3421362830643005
71, 11, -0.9999999999999999, 26, 0.25969442403487575
72, 36, -3.5000000000000018, 21, 0.3778571300864409
73, 28, -2.700000000000001, 23, 0.23942124898078576
74, 36, -3.5000000000000018, 27, 0.3415098983204208
75, 15, -1.4000000000000001, 24, 0.44037787483623375
76, 25, -2.400000000000001, 23, 0.28678388444598935
77, 36, -3.5000000000000018, 28, 0.4637775627101709
78, 36, -3.5000000000000018, 26, 0.3280878480303875
79, 36, -3.5000000000000018, 25, 0.4808442057178963
80, 21, -2.0000000000000004, 28, 0.31377482753888775
81, 36, -3.5000000000000018, 25, 0.628049699299484
82, 22, -2.1000000000000005, 26, 0.6346633639408228
83, 36, -3.5000000000000018, 27, 0.2628586390302869
84, 36, -3.5000000000000018, 27, 0.38550342249437064
85, 36, -3.5000000000000018, 27, 0.5527896581125631
86, 36, -3.5000000000000018, 27, 0.28816768868404774
87, 20, -1.9000000000000006, 26, 0.30261961860351994
88, 18, -1.7000000000000004, 28, 0.36785674579044325
89, 20, -1.9000000000000006, 31, 0.4127142840562231
90, 36, -3.5000000000000018, 31, 0.35985457437146606
91, 24, -2.3000000000000007, 30, 0.4232303755537959
92, 18, -1.7000000000000004, 27, 0.48080835221780893
93, 36, -3.5000000000000018, 31, 0.45075015733622825
94, 21, -2.0000000000000004, 27, 0.4664409778830676
95, 36, -3.5000000000000018, 30, 0.5017325155337391
96, 36, -3.5000000000000018, 29, 0.5390937859611604
97, 36, -3.5000000000000018, 34, 0.36263944817549765
98, 24, -2.3000000000000007, 30, 0.3927769966073965
99, 21, -2.0000000000000004, 33, 0.4487830477536261
100, 16, -1.5000000000000002, 33, 0.42813387593601826
101, 36, -3.5000000000000018, 33, 0.3418081844466023
102, 31, -3.0000000000000013, 32, 0.4288044638041852
103, 36, -3.5000000000000018, 34, 0.44036472716323294
104, 27, -2.600000000000001, 32, 0.3330783776951758
105, 21, -2.0000000000000004, 38, 0.4488741677672474
106, 36, -3.5000000000000018, 35, 0.7579068043130627
107, 15, -1.4000000000000001, 32, 0.416771190065822
108, 36, -3.5000000000000018, 34, 0.32622532973540025
109, 36, -3.5000000000000018, 34, 0.36145730727710157
110, 23, -2.2000000000000006, 37, 0.3671379824577379
111, 36, -3.5000000000000018, 34, 0.3657782348954224
112, 11, -0.9999999999999999, 33, 0.49083193555362703
113, 11, -0.9999999999999999, 37, 0.3587201523672938
114, 36, -3.5000000000000018, 33, 0.3349760704402187
115, 36, -3.5000000000000018, 31, 0.42716824904896233
116, 21, -2.0000000000000004, 33, 0.4893052470423582
117, 14, -1.3, 38, 0.29718243151296464
118, 26, -2.500000000000001, 36, 0.3053048638527103
119, 14, -1.3, 39, 0.33931720757047157
120, 23, -2.2000000000000006, 40, 0.40840575741818275
121, 12, -1.0999999999999999, 35, 0.3144692183398834
122, 16, -1.5000000000000002, 40, 0.43806754533243564
123, 20, -1.9000000000000006, 35, 0.19445209875978647
124, 27, -2.600000000000001, 35, 0.48465058162007346
125, 36, -3.5000000000000018, 37, 0.4590191852467501
126, 31, -3.0000000000000013, 39, 0.3588219588389988
127, 36, -3.5000000000000018, 38, 0.44346342400425987
128, 14, -1.3, 39, 0.3430003530317911
129, 36, -3.5000000000000018, 41, 0.5855159066434679
130, 21, -2.0000000000000004, 37, 0.36745230023287
131, 28, -2.700000000000001, 44, 0.43387143254181215
132, 36, -3.5000000000000018, 44, 0.30612982295203606
133, 24, -2.3000000000000007, 44, 0.3407843334493805
134, 36, -3.5000000000000018, 36, 0.3873983598374553
135, 12, -1.0999999999999999, 41, 0.2469963080364539
136, 36, -3.5000000000000018, 37, 0.45459505039659076
137, 20, -1.9000000000000006, 39, 0.19766647277957605
138, 36, -3.5000000000000018, 42, 0.4952704228693914
139, 36, -3.5000000000000018, 43, 0.3751045643472427
140, 17, -1.6000000000000003, 38, 0.3232940836295133
141, 22, -2.1000000000000005, 40, 0.4162161299059468
142, 36, -3.5000000000000018, 39, 0.318880639481244
143, 36, -3.5000000000000018, 46, 0.5232436988581666
144, 19, -1.8000000000000005, 55, 0.33574364787130584
145, 36, -3.5000000000000018, 40, 0.32967213006382146
146, 18, -1.7000000000000004, 46, 0.2540359473149836
147, 18, -1.7000000000000004, 43, 0.3550797847531827
148, 36, -3.5000000000000018, 45, 0.5229044220293533
149, 36, -3.5000000000000018, 47, 0.5438560748123314
150, 36, -3.5000000000000018, 49, 0.5117666747494651
151, 23, -2.2000000000000006, 48, 0.49674172557023577
152, 11, -0.9999999999999999, 44, 0.31176247468989626
153, 36, -3.5000000000000018, 43, 0.334742247194272
154, 36, -3.5000000000000018, 51, 0.43985756024997724
155, 36, -3.5000000000000018, 48, 0.5298167792565363
156, 23, -2.2000000000000006, 46, 0.3599796450039521
157, 18, -1.7000000000000004, 45, 0.3717133592392332
158, 12, -1.0999999999999999, 44, 0.3849742250200887
159, 30, -2.9000000000000012, 47, 0.31343841639100023
160, 36, -3.5000000000000018, 46, 0.547335154399226
161, 14, -1.3, 46, 0.3434099114231549
162, 36, -3.5000000000000018, 45, 0.33765661591202156
163, 36, -3.5000000000000018, 49, 0.6205172810945309
164, 25, -2.400000000000001, 50, 0.3982551669348693
165, 18, -1.7000000000000004, 47, 0.2314798968568289
166, 36, -3.5000000000000018, 49, 0.3670788699072013
167, 30, -2.9000000000000012, 48, 0.2155717468060374
168, 36, -3.5000000000000018, 45, 0.41826747197486647
169, 36, -3.5000000000000018, 50, 0.3269426929583596
170, 36, -3.5000000000000018, 44, 0.37283557332754436
171, 36, -3.5000000000000018, 51, 0.45233640687638793
172, 12, -1.0999999999999999, 51, 0.34619896488323554
173, 32, -3.1000000000000014, 52, 0.5037938270500119
174, 36, -3.5000000000000018, 50, 0.3561403105023273
175, 18, -1.7000000000000004, 51, 0.39605372628966135
176, 22, -2.1000000000000005, 51, 0.34577726331139563
177, 36, -3.5000000000000018, 45, 0.3607952171286545
178, 36, -3.5000000000000018, 52, 0.37657257854969317
179, 24, -2.3000000000000007, 50, 0.26261751462018024
180, 36, -3.5000000000000018, 50, 0.2970651025777058
181, 28, -2.700000000000001, 54, 0.4075819659576984
182, 23, -2.2000000000000006, 53, 0.3305716755332815
183, 15, -1.4000000000000001, 55, 0.19330457928825262
184, 17, -1.6000000000000003, 54, 0.26424364062783035
185, 13, -1.2, 56, 0.25486675824481875
186, 13, -1.2, 51, 0.29810292370834
187, 29, -2.800000000000001, 54, 0.257065816159735
188, 17, -1.6000000000000003, 53, 0.43642966002971556
189, 31, -3.0000000000000013, 60, 0.34095091704932057
190, 17, -1.6000000000000003, 57, 0.6901776733032285
191, 36, -3.5000000000000018, 57, 0.45214654609167204
192, 36, -3.5000000000000018, 62, 0.4932363692077015
193, 36, -3.5000000000000018, 58, 0.28393558004866093
194, 15, -1.4000000000000001, 69, 0.2996858657682129
195, 36, -3.5000000000000018, 58, 0.35515917879381703
196, 36, -3.5000000000000018, 57, 0.3191077933523991
197, 16, -1.5000000000000002, 54, 0.394853969189753
198, 36, -3.5000000000000018, 59, 0.37036468222547625
199, 36, -3.5000000000000018, 52, 0.2610244490099512
200, 36, -3.5000000000000018, 56, 0.2979037926263359
201, 21, -2.0000000000000004, 55, 0.37769858176064874
202, 32, -3.1000000000000014, 64, 0.3971372024925999
203, 36, -3.5000000000000018, 57, 0.390951173520816
204, 36, -3.5000000000000018, 61, 0.3846883442667434
205, 36, -3.5000000000000018, 55, 0.4024430521934166
206, 15, -1.4000000000000001, 59, 0.5455752728666455
207, 32, -3.1000000000000014, 61, 0.3324831815090546
208, 13, -1.2, 60, 0.2528604003368964
209, 18, -1.7000000000000004, 64, 0.3357920323662967
210, 36, -3.5000000000000018, 60, 0.6003113242322217
211, 36, -3.5000000000000018, 59, 0.347076611143586
212, 26, -2.500000000000001, 70, 0.3510448241720898
213, 36, -3.5000000000000018, 56, 0.3912196581049492
214, 17, -1.6000000000000003, 58, 0.479392606044331
215, 28, -2.700000000000001, 57, 0.3196975333209453
216, 36, -3.5000000000000018, 68, 0.4842897612665021
217, 34, -3.3000000000000016, 62, 0.3832239856830568
218, 36, -3.5000000000000018, 60, 0.4130335494241999
219, 16, -1.5000000000000002, 65, 0.3309544076159421
220, 36, -3.5000000000000018, 67, 0.3570900779532984
221, 23, -2.2000000000000006, 58, 0.24342178018520433
222, 36, -3.5000000000000018, 71, 0.6002040812659398
223, 20, -1.9000000000000006, 61, 0.3358994096583423
224, 15, -1.4000000000000001, 67, 0.2896464796100894
225, 36, -3.5000000000000018, 64, 0.3334084706512688
226, 31, -3.0000000000000013, 65, 0.5666791884729576
227, 11, -0.9999999999999999, 61, 0.3159265457944248
228, 36, -3.5000000000000018, 63, 0.3752103403535205
229, 27, -2.600000000000001, 62, 0.4675927263112717
230, 19, -1.8000000000000005, 68, 0.4422928061680734
231, 35, -3.4000000000000017, 72, 0.5258890696521091
232, 36, -3.5000000000000018, 66, 0.5698063451688076
233, 23, -2.2000000000000006, 74, 0.4625981330773874
234, 36, -3.5000000000000018, 63, 0.40722876365068517
235, 32, -3.1000000000000014, 64, 0.3440828003867734
236, 24, -2.3000000000000007, 65, 0.4135384437649746
237, 36, -3.5000000000000018, 71, 0.678263845302085
238, 25, -2.400000000000001, 70, 0.3050750650935017
239, 25, -2.400000000000001, 71, 0.279611312898405
240, 36, -3.5000000000000018, 71, 0.5365969317625283
241, 30, -2.9000000000000012, 70, 0.4233160608932419
242, 15, -1.4000000000000001, 74, 0.297726003765883
243, 36, -3.5000000000000018, 71, 0.36820186944642685
244, 28, -2.700000000000001, 68, 0.5174906493228653
245, 26, -2.500000000000001, 70, 0.19883071806008257
246, 28, -2.700000000000001, 72, 0.33658478055215324
247, 36, -3.5000000000000018, 73, 0.20574638440494142
248, 36, -3.5000000000000018, 77, 0.2932493458578259
249, 22, -2.1000000000000005, 69, 0.4484478833342955
250, 36, -3.5000000000000018, 72, 0.4290413607113652
251, 17, -1.6000000000000003, 70, 0.4740525239781468
252, 25, -2.400000000000001, 70, 0.3292982861457314
253, 36, -3.5000000000000018, 69, 0.42269842592710694
254, 30, -2.9000000000000012, 72, 0.33995050826992046
255, 14, -1.3, 71, 0.1670669417870092
256, 36, -3.5000000000000018, 78, 0.5629795489868249
257, 36, -3.5000000000000018, 71, 0.44423389058794516
258, 12, -1.0999999999999999, 66, 0.3182268393059273
259, 23, -2.2000000000000006, 75, 0.6852293526513347
260, 19, -1.8000000000000005, 72, 0.2521695376272071
261, 36, -3.5000000000000018, 74, 0.534867847136007
262, 11, -0.9999999999999999, 74, 0.3951273565109883
263, 36, -3.5000000000000018, 74, 0.46315507523201194
264, 36, -3.5000000000000018, 74, 0.4563331651561424
265, 17, -1.6000000000000003, 72, 0.4633776287435689
266, 17, -1.6000000000000003, 71, 0.3659457249273783
267, 36, -3.5000000000000018, 75, 0.5020438721437728
268, 11, -0.9999999999999999, 80, 0.48323370233748775
269, 36, -3.5000000000000018, 73, 0.4697385252738761
270, 20, -1.9000000000000006, 73, 0.3283740334135681
271, 36, -3.5000000000000018, 74, 0.4001769105957871
272, 36, -3.5000000000000018, 73, 0.5691293123442556
273, 36, -3.5000000000000018, 71, 0.408816353006497
274, 11, -0.9999999999999999, 71, 0.4645475366352114
275, 36, -3.5000000000000018, 78, 0.46033831340759024
276, 36, -3.5000000000000018, 83, 0.4498342828626455
277, 36, -3.5000000000000018, 85, 0.44534809414110454
278, 36, -3.5000000000000018, 76, 0.35114692571884987
279, 36, -3.5000000000000018, 74, 0.47349802724235
280, 30, -2.9000000000000012, 78, 0.699794194201554
281, 16, -1.5000000000000002, 78, 0.4142788948985363
282, 36, -3.5000000000000018, 83, 0.43627653471490946
283, 36, -3.5000000000000018, 81, 0.5269956731161517
284, 18, -1.7000000000000004, 78, 0.4656679263877985
285, 36, -3.5000000000000018, 77, 0.30077770861572795
286, 29, -2.800000000000001, 85, 0.396294721991985
287, 36, -3.5000000000000018, 88, 0.22705827916637777
288, 27, -2.600000000000001, 76, 0.31915187708318227
289, 36, -3.5000000000000018, 85, 0.49775051531414993
290, 36, -3.5000000000000018, 73, 0.3565111587166131
291, 27, -2.600000000000001, 77, 0.37019610351828924
292, 30, -2.9000000000000012, 84, 0.2604821318212682
293, 36, -3.5000000000000018, 79, 0.35856065573721263
294, 19, -1.8000000000000005, 84, 0.48146345944842106
295, 22, -2.1000000000000005, 82, 0.3964845464791128
296, 19, -1.8000000000000005, 79, 0.2721693732022459
297, 17, -1.6000000000000003, 81, 0.44195543873478793
298, 36, -3.5000000000000018, 90, 0.5173188748665539
299, 11, -0.9999999999999999, 79, 0.3298345788403172
300, 36, -3.5000000000000018, 77, 0.3001715017480411
301, 13, -1.2, 82, 0.45701697453928797
302, 12, -1.0999999999999999, 85, 0.27617551810005025
303, 31, -3.0000000000000013, 81, 0.3109528103624051
304, 32, -3.1000000000000014, 84, 0.477760981468458
305, 36, -3.5000000000000018, 94, 0.39487871000604724
306, 15, -1.4000000000000001, 91, 0.4396872242882901
307, 26, -2.500000000000001, 84, 0.21910507375418586
308, 36, -3.5000000000000018, 83, 0.3926981618841334
309, 36, -3.5000000000000018, 82, 0.5411584063959214
310, 29, -2.800000000000001, 85, 0.4179226258807578
311, 28, -2.700000000000001, 86, 0.29769387109351186
312, 17, -1.6000000000000003, 89, 0.3902195178376595
313, 36, -3.5000000000000018, 86, 0.5725417988545519
314, 28, -2.700000000000001, 88, 0.2760756958529067
315, 36, -3.5000000000000018, 86, 0.3673973983623926
316, 36, -3.5000000000000018, 91, 0.4681911446425454
317, 31, -3.0000000000000013, 87, 0.3745456387190277
318, 26, -2.500000000000001, 94, 0.32468977416077527
319, 28, -2.700000000000001, 85, 0.4389105293606199
320, 26, -2.500000000000001, 91, 0.3436982130832108
321, 36, -3.5000000000000018, 92, 0.2643319214695863
322, 26, -2.500000000000001, 88, 0.48015213741955187
323, 36, -3.5000000000000018, 93, 0.5146922360681327
324, 20, -1.9000000000000006, 93, 0.262467351007603
325, 29, -2.800000000000001, 83, 0.3918689082268767
326, 20, -1.9000000000000006, 94, 0.33371190655364447
327, 12, -1.0999999999999999, 89, 0.3491781540376817
328, 19, -1.8000000000000005, 94, 0.3535864549611396
329, 27, -2.600000000000001, 85, 0.4404235865097432
330, 36, -3.5000000000000018, 88, 0.5201420425583219
331, 35, -3.4000000000000017, 92, 0.32493641240275817
332, 13, -1.2, 88, 0.3792665771908661
333, 15, -1.4000000000000001, 91, 0.42049597331425237
334, 18, -1.7000000000000004, 91, 0.3264800718903955
335, 36, -3.5000000000000018, 94, 0.36794989777179665
336, 30, -2.9000000000000012, 93, 0.332905906484511
337, 28, -2.700000000000001, 96, 0.3943079155310959
338, 36, -3.5000000000000018, 95, 0.45269549545983323
339, 34, -3.3000000000000016, 91, 0.35079681629460624
340, 36, -3.5000000000000018, 95, 0.45242521167413097
341, 19, -1.8000000000000005, 87, 0.555204606921972
342, 36, -3.5000000000000018, 105, 0.6784640885513851
343, 33, -3.2000000000000015, 93, 0.594734017287833
344, 18, -1.7000000000000004, 91, 0.3991952930130902
345, 36, -3.5000000000000018, 102, 0.4146170664186388
346, 36, -3.5000000000000018, 94, 0.395214854893336
347, 36, -3.5000000000000018, 95, 0.6806442048589852
348, 36, -3.5000000000000018, 99, 0.25791556097369384
349, 12, -1.0999999999999999, 91, 0.3898226023545518
350, 26, -2.500000000000001, 98, 0.39596362067128876
351, 36, -3.5000000000000018, 92, 0.5259271892552049
352, 36, -3.5000000000000018, 104, 0.6061878285985006
353, 18, -1.7000000000000004, 97, 0.28387881901971856
354, 36, -3.5000000000000018, 90, 0.22428621128706727
355, 22, -2.1000000000000005, 98, 0.45779152183286387
356, 36, -3.5000000000000018, 103, 0.5479262499972228
357, 26, -2.500000000000001, 97, 0.35877015892638753
358, 36, -3.5000000000000018, 103, 0.6012882703274829
359, 36, -3.5000000000000018, 92, 0.4331718797421462
360, 29, -2.800000000000001, 107, 0.5355462903468765
361, 13, -1.2, 101, 0.3673600596778288
362, 14, -1.3, 104, 0.38608913522669885
363, 36, -3.5000000000000018, 106, 0.5771817537336343
364, 16, -1.5000000000000002, 104, 0.3682841624947655
365, 24, -2.3000000000000007, 109, 0.1827561854325036
366, 36, -3.5000000000000018, 94, 0.3520792944442728
367, 16, -1.5000000000000002, 99, 0.34482241684857207
368, 36, -3.5000000000000018, 104, 0.23466026748587798
369, 21, -2.0000000000000004, 96, 0.23472345312461385
370, 36, -3.5000000000000018, 112, 0.4684449476902972
371, 16, -1.5000000000000002, 103, 0.380887984530625
372, 36, -3.5000000000000018, 97, 0.37553588598253185
373, 36, -3.5000000000000018, 99, 0.4262583316303141
374, 36, -3.5000000000000018, 103, 0.3642442429410715
375, 36, -3.5000000000000018, 103, 0.4457293765158121
376, 24, -2.3000000000000007, 100, 0.4138438468481691
377, 25, -2.400000000000001, 108, 0.28452773478594917
378, 32, -3.1000000000000014, 101, 0.5934005145274891
379, 30, -2.9000000000000012, 109, 0.23565905948005317
380, 36, -3.5000000000000018, 106, 0.627294746656238
381, 36, -3.5000000000000018, 101, 0.4613884164265474
382, 19, -1.8000000000000005, 104, 0.4514768236488249
383, 36, -3.5000000000000018, 103, 0.36355287938662917
384, 36, -3.5000000000000018, 111, 0.3793379246125317
385, 11, -0.9999999999999999, 102, 0.4437924247770626
386, 16, -1.5000000000000002, 102, 0.36881807373609865
387, 36, -3.5000000000000018, 103, 0.32999659777481816
388, 36, -3.5000000000000018, 109, 0.4637757293138949
389, 16, -1.5000000000000002, 108, 0.4444685893855367
390, 36, -3.5000000000000018, 107, 0.3180326870258434
391, 36, -3.5000000000000018, 102, 0.47099444404187063
392, 11, -0.9999999999999999, 107, 0.4550789175862723
393, 36, -3.5000000000000018, 109, 0.5175858295983813
394, 36, -3.5000000000000018, 103, 0.16272695584636587
395, 36, -3.5000000000000018, 106, 0.30645717181510745
396, 16, -1.5000000000000002, 106, 0.4587637349427378
397, 15, -1.4000000000000001, 112, 0.41438617046896886
398, 27, -2.600000000000001, 115, 0.49310165003151774
399, 17, -1.6000000000000003, 106, 0.32902834255951396
400, 25, -2.400000000000001, 106, 0.4563167495797368
401, 14, -1.3, 107, 0.4561602108581615
402, 36, -3.5000000000000018, 116, 0.3300666190370074
403, 36, -3.5000000000000018, 108, 0.3728801559903992
404, 36, -3.5000000000000018, 111, 0.3702128611857006
405, 36, -3.5000000000000018, 111, 0.285868454482628
406, 36, -3.5000000000000018, 121, 0.4951861303737126
407, 31, -3.0000000000000013, 120, 0.3937869912743548
408, 36, -3.5000000000000018, 111, 0.3605480174864517
409, 15, -1.4000000000000001, 118, 0.516765359467243
410, 36, -3.5000000000000018, 107, 0.42700331796714686
411, 36, -3.5000000000000018, 113, 0.5112341359084218
412, 36, -3.5000000000000018, 115, 0.47144330662764966
413, 14, -1.3, 112, 0.3385914133824573
414, 28, -2.700000000000001, 120, 0.2804147131180019
415, 20, -1.9000000000000006, 113, 0.24675401999610802
416, 17, -1.6000000000000003, 119, 0.19850085757705638
417, 36, -3.5000000000000018, 111, 0.6044921822863804
418, 36, -3.5000000000000018, 113, 0.34493054015612523
419, 17, -1.6000000000000003, 102, 0.45910001876226847
420, 15, -1.4000000000000001, 113, 0.3554056084179802
421, 36, -3.5000000000000018, 115, 0.42110686615401693
422, 36, -3.5000000000000018, 112, 0.48302956839600375
423, 19, -1.8000000000000005, 116, 0.34460003461384126
424, 14, -1.3, 116, 0.26047080746854623
425, 36, -3.5000000000000018, 123, 0.4251927400623041
426, 32, -3.1000000000000014, 115, 0.5589415044639314
427, 36, -3.5000000000000018, 121, 0.3486126302896816
428, 36, -3.5000000000000018, 111, 0.30302181225673586
429, 27, -2.600000000000001, 121, 0.2745455941723032
430, 24, -2.3000000000000007, 115, 0.44393366168406995
431, 36, -3.5000000000000018, 114, 0.28370532648137736
432, 25, -2.400000000000001, 111, 0.49746084571647486
433, 36, -3.5000000000000018, 127, 0.27011327868426166
434, 22, -2.1000000000000005, 116, 0.4122184068955994
435, 19, -1.8000000000000005, 116, 0.2134762485809889
436, 36, -3.5000000000000018, 113, 0.34355456451092126
437, 27, -2.600000000000001, 122, 0.41333296976832923
438, 36, -3.5000000000000018, 111, 0.2796087187825972
439, 36, -3.5000000000000018, 124, 0.22726229044950286
440, 30, -2.9000000000000012, 112, 0.3500250317900767
441, 15, -1.4000000000000001, 120, 0.3552741353586639
442, 22, -2.1000000000000005, 122, 0.34671704094008104
443, 26, -2.500000000000001, 118, 0.1937319490696993
444, 36, -3.5000000000000018, 119, 0.5348807052274092
445, 33, -3.2000000000000015, 121, 0.5986309129948204
446, 36, -3.5000000000000018, 122, 0.4292581516152303
447, 36, -3.5000000000000018, 118, 0.32158662454927023
448, 20, -1.9000000000000006, 117, 0.2301323757604128
449, 17, -1.6000000000000003, 127, 0.29750581416597677
450, 36, -3.5000000000000018, 129, 0.3110769749104527
451, 14, -1.3, 122, 0.48119829886135235
452, 36, -3.5000000000000018, 122, 0.7800780602573292
453, 36, -3.5000000000000018, 115, 0.386426003630705
454, 36, -3.5000000000000018, 124, 0.16680676088882085
455, 16, -1.5000000000000002, 124, 0.17901764257270947
456, 36, -3.5000000000000018, 123, 0.42730903288662114
457, 36, -3.5000000000000018, 122, 0.46708364055456797
458, 12, -1.0999999999999999, 128, 0.33880316418441614
459, 36, -3.5000000000000018, 119, 0.42773393168873053
460, 36, -3.5000000000000018, 115, 0.28105553994270793
461, 36, -3.5000000000000018, 120, 0.2648951868763747
462, 36, -3.5000000000000018, 132, 0.36801856458960347
463, 36, -3.5000000000000018, 124, 0.329952889336123
464, 21, -2.0000000000000004, 126, 0.25820459260701556
465, 32, -3.1000000000000014, 127, 0.5515757712044973
466, 29, -2.800000000000001, 141, 0.5787553276697991
467, 12, -1.0999999999999999, 123, 0.29051628354383374
468, 32, -3.1000000000000014, 133, 0.39874340693138016
469, 36, -3.5000000000000018, 121, 0.3336442148063564
470, 36, -3.5000000000000018, 138, 0.29489489825866655
471, 36, -3.5000000000000018, 117, 0.4504517554639529
472, 28, -2.700000000000001, 121, 0.18567064997293145
473, 27, -2.600000000000001, 123, 0.4758537970736718
474, 36, -3.5000000000000018, 129, 0.3512170868597484
475, 36, -3.5000000000000018, 129, 0.38553911427724213
476, 21, -2.0000000000000004, 124, 0.20091106821928428
477, 30, -2.9000000000000012, 125, 0.44538586589575513
478, 36, -3.5000000000000018, 127, 0.4070780466270105
479, 36, -3.5000000000000018, 126, 0.3828246921360583
480, 13, -1.2, 127, 0.5083004292367702
481, 36, -3.5000000000000018, 131, 0.2830858766508453
482, 36, -3.5000000000000018, 134, 0.3176296867900342
483, 16, -1.5000000000000002, 134, 0.5464528928942466
484, 36, -3.5000000000000018, 128, 0.38022819077289105
485, 24, -2.3000000000000007, 133, 0.3121331302219999
486, 29, -2.800000000000001, 136, 0.32474928533308356
487, 36, -3.5000000000000018, 134, 0.47053316089862024
488, 18, -1.7000000000000004, 129, 0.1715227538780334
489, 36, -3.5000000000000018, 132, 0.4377200823502535
490, 12, -1.0999999999999999, 133, 0.1744380423020535
491, 15, -1.4000000000000001, 137, 0.4220402364498951
492, 36, -3.5000000000000018, 121, 0.303792514202451
493, 27, -2.600000000000001, 126, 0.48004476073234437
494, 15, -1.4000000000000001, 135, 0.35183977646394426
495, 36, -3.5000000000000018, 128, 0.290614310896786
496, 36, -3.5000000000000018, 139, 0.6019852472189802
497, 20, -1.9000000000000006, 142, 0.26678568653211054
498, 19, -1.8000000000000005, 132, 0.3395770865206845
499, 36, -3.5000000000000018, 138, 0.47739384519998906
500, 31, -3.0000000000000013, 134, 0.5513185768950212
