Episode, Steps, Reward, Time (in milliseconds), Convergence
1, 36, -3.5000000000000018, 2, 0.25228572861865783
2, 36, -3.5000000000000018, 2, 0.183319900758
3, 36, -3.5000000000000018, 4, 0.18423754292110728
4, 36, -3.5000000000000018, 5, 0.23005377157939655
5, 36, -3.5000000000000018, 5, 0.23698091052062886
6, 36, -3.5000000000000018, 6, 0.17915337297774842
7, 22, -2.1000000000000005, 9, 0.22942026380303554
8, 36, -3.5000000000000018, 9, 0.2686302578032891
9, 20, -1.9000000000000006, 10, 0.2510334840537156
10, 36, -3.5000000000000018, 8, 0.1949455703581766
11, 36, -3.5000000000000018, 10, 0.25637787598813705
12, 31, -3.0000000000000013, 11, 0.2752511243961126
13, 35, -3.4000000000000017, 10, 0.3276038112395878
14, 27, -2.600000000000001, 11, 0.3391154048294858
15, 15, -1.4000000000000001, 10, 0.28140985853258016
16, 36, -3.5000000000000018, 15, 0.27529000119397806
17, 17, -1.6000000000000003, 13, 0.2662067022800821
18, 19, -1.8000000000000005, 9, 0.16546830794089673
19, 28, -2.700000000000001, 13, 0.3153103291301119
20, 36, -3.5000000000000018, 13, 0.3184172839995404
21, 14, -1.3, 16, 0.2584707206050263
22, 36, -3.5000000000000018, 14, 0.15844672663576276
23, 14, -1.3, 15, 0.15674372048693885
24, 23, -2.2000000000000006, 13, 0.29708535855022455
25, 36, -3.5000000000000018, 15, 0.31951447207142764
26, 36, -3.5000000000000018, 18, 0.36107661732068325
27, 36, -3.5000000000000018, 21, 0.5248614034896775
28, 17, -1.6000000000000003, 21, 0.35749332830466957
29, 23, -2.2000000000000006, 17, 0.5111551151392472
30, 19, -1.8000000000000005, 18, 0.27827008403841624
31, 17, -1.6000000000000003, 16, 0.381215830950696
32, 36, -3.5000000000000018, 16, 0.33137652056685685
33, 33, -3.2000000000000015, 18, 0.36718445924377646
34, 36, -3.5000000000000018, 20, 0.3980616002716606
35, 36, -3.5000000000000018, 20, 0.23966788898558578
36, 29, -2.800000000000001, 16, 0.2761843663328587
37, 13, -1.2, 20, 0.3673661476783604
38, 36, -3.5000000000000018, 21, 0.30509765057275273
39, 12, -1.0999999999999999, 18, 0.35119978438967214
40, 36, -3.5000000000000018, 23, 0.37495414664754767
41, 13, -1.2, 20, 0.3899134242971156
42, 15, -1.4000000000000001, 22, 0.32500889787264275
43, 28, -2.700000000000001, 26, 0.3360544229670608
44, 36, -3.5000000000000018, 22, 0.40520407249718465
45, 17, -1.6000000000000003, 23, 0.3259156217835608
46, 29, -2.800000000000001, 22, 0.40554007339023057
47, 36, -3.5000000000000018, 25, 0.35665266962495307
48, 36, -3.5000000000000018, 22, 0.42687052278627635
49, 36, -3.5000000000000018, 23, 0.2685430867516323
50, 36, -3.5000000000000018, 24, 0.2818947508065337
51, 30, -2.9000000000000012, 28, 0.3082255151742772
52, 36, -3.5000000000000018, 32, 0.21915176947159853
53, 36, -3.5000000000000018, 22, 0.25133796972913636
54, 18, -1.7000000000000004, 28, 0.34456913676476963
55, 36, -3.5000000000000018, 30, 0.5070268938900628
56, 36, -3.5000000000000018, 33, 0.4116961597091018
57, 36, -3.5000000000000018, 30, 0.35028609528972643
58, 36, -3.5000000000000018, 29, 0.40500637958506813
59, 36, -3.5000000000000018, 29, 0.3292938285874729
60, 36, -3.5000000000000018, 30, 0.39137398397234335
61, 36, -3.5000000000000018, 31, 0.4243518813646521
62, 36, -3.5000000000000018, 29, 0.3480436640339489
63, 36, -3.5000000000000018, 29, 0.3014117718689713
64, 30, -2.9000000000000012, 29, 0.41756029678769246
65, 36, -3.5000000000000018, 29, 0.4688036418572448
66, 29, -2.800000000000001, 30, 0.3064707851831361
67, 36, -3.5000000000000018, 33, 0.45063030969735307
68, 36, -3.5000000000000018, 38, 0.3444269130348666
69, 19, -1.8000000000000005, 31, 0.25136226779160675
70, 22, -2.1000000000000005, 33, 0.3528604789329084
71, 36, -3.5000000000000018, 33, 0.28431400630418907
72, 19, -1.8000000000000005, 29, 0.2626821395941292
73, 15, -1.4000000000000001, 35, 0.1915694887598829
74, 36, -3.5000000000000018, 36, 0.3844576050663596
75, 13, -1.2, 37, 0.4455105414221743
76, 29, -2.800000000000001, 42, 0.3137308240839347
77, 17, -1.6000000000000003, 40, 0.2533494006059554
78, 18, -1.7000000000000004, 37, 0.40780064117324955
79, 36, -3.5000000000000018, 38, 0.39636711350489473
80, 16, -1.5000000000000002, 38, 0.3290834927611149
81, 36, -3.5000000000000018, 43, 0.2684746319893529
82, 36, -3.5000000000000018, 34, 0.3062865493066287
83, 11, -0.9999999999999999, 36, 0.42081517431349136
84, 36, -3.5000000000000018, 41, 0.2815343820527161
85, 36, -3.5000000000000018, 38, 0.18435305976068928
86, 36, -3.5000000000000018, 42, 0.372371144361644
87, 36, -3.5000000000000018, 43, 0.44825764955101266
88, 36, -3.5000000000000018, 46, 0.23921020543054372
89, 15, -1.4000000000000001, 42, 0.39715433901465436
90, 33, -3.2000000000000015, 42, 0.3519078849490076
91, 36, -3.5000000000000018, 42, 0.5105214619341417
92, 36, -3.5000000000000018, 38, 0.33705686448256533
93, 29, -2.800000000000001, 45, 0.41130534250513767
94, 17, -1.6000000000000003, 41, 0.26979827748043406
95, 36, -3.5000000000000018, 46, 0.2894390138467887
96, 36, -3.5000000000000018, 44, 0.29931455918729694
97, 11, -0.9999999999999999, 46, 0.44595092375098455
98, 22, -2.1000000000000005, 49, 0.1832344803528385
99, 13, -1.2, 49, 0.3486623191446102
100, 36, -3.5000000000000018, 50, 0.373685818904774
101, 16, -1.5000000000000002, 50, 0.1720347412351494
102, 36, -3.5000000000000018, 45, 0.35533724168910097
103, 36, -3.5000000000000018, 46, 0.43134791117290466
104, 36, -3.5000000000000018, 49, 0.3476673666888015
105, 19, -1.8000000000000005, 43, 0.1969420561391516
106, 13, -1.2, 45, 0.4089314872330726
107, 13, -1.2, 48, 0.1897526099107687
108, 36, -3.5000000000000018, 47, 0.19754797703750293
109, 36, -3.5000000000000018, 49, 0.24674560250329547
110, 36, -3.5000000000000018, 53, 0.42118197837669014
111, 36, -3.5000000000000018, 55, 0.2974690617705502
112, 15, -1.4000000000000001, 44, 0.36360756016243034
113, 22, -2.1000000000000005, 50, 0.4923330924090118
114, 36, -3.5000000000000018, 52, 0.21080654459838588
115, 15, -1.4000000000000001, 54, 0.21727015484099654
116, 22, -2.1000000000000005, 55, 0.3206582897634512
117, 19, -1.8000000000000005, 49, 0.24722708906222762
118, 36, -3.5000000000000018, 49, 0.2604506526259526
119, 14, -1.3, 62, 0.377821134754744
120, 36, -3.5000000000000018, 54, 0.44738130144298005
121, 36, -3.5000000000000018, 49, 0.3378152550271565
122, 22, -2.1000000000000005, 60, 0.34702906578872555
123, 36, -3.5000000000000018, 59, 0.3162377425563569
124, 36, -3.5000000000000018, 60, 0.32084575177313635
125, 36, -3.5000000000000018, 57, 0.3480128272795122
126, 14, -1.3, 60, 0.34374584030499067
127, 24, -2.3000000000000007, 52, 0.40438719949500834
128, 25, -2.400000000000001, 57, 0.291650875991983
129, 13, -1.2, 62, 0.31988852837891857
130, 36, -3.5000000000000018, 60, 0.23496661774080396
131, 27, -2.600000000000001, 58, 0.2267946989335502
132, 36, -3.5000000000000018, 63, 0.37065578708844593
133, 35, -3.4000000000000017, 58, 0.4884828370392516
134, 34, -3.3000000000000016, 56, 0.5647868831524007
135, 36, -3.5000000000000018, 62, 0.35438035308379146
136, 36, -3.5000000000000018, 63, 0.3070866020464901
137, 36, -3.5000000000000018, 58, 0.3062241357857432
138, 23, -2.2000000000000006, 59, 0.4200391770551655
139, 22, -2.1000000000000005, 62, 0.457532540211368
140, 28, -2.700000000000001, 65, 0.23699635979148276
141, 14, -1.3, 59, 0.2859642664714873
142, 36, -3.5000000000000018, 63, 0.3292872218735444
143, 36, -3.5000000000000018, 68, 0.32320236296195215
144, 19, -1.8000000000000005, 67, 0.36895339536188865
145, 16, -1.5000000000000002, 61, 0.23531647867504074
146, 11, -0.9999999999999999, 62, 0.38110610731941397
147, 27, -2.600000000000001, 64, 0.326956984584014
148, 15, -1.4000000000000001, 68, 0.3712589859307355
149, 20, -1.9000000000000006, 72, 0.30668066989647136
150, 36, -3.5000000000000018, 65, 0.396155228328706
151, 36, -3.5000000000000018, 67, 0.3893336176244455
152, 36, -3.5000000000000018, 76, 0.22193072261086144
153, 36, -3.5000000000000018, 71, 0.34933238706134556
154, 31, -3.0000000000000013, 65, 0.2370495608861518
155, 36, -3.5000000000000018, 62, 0.393837640326502
156, 18, -1.7000000000000004, 72, 0.31833415950209437
157, 36, -3.5000000000000018, 67, 0.44580096311363937
158, 14, -1.3, 73, 0.5928709197517302
159, 11, -0.9999999999999999, 70, 0.2293320676711258
160, 36, -3.5000000000000018, 71, 0.36047270108312834
161, 25, -2.400000000000001, 73, 0.293150722650916
162, 18, -1.7000000000000004, 68, 0.2962504257109868
163, 36, -3.5000000000000018, 70, 0.35760775000330147
164, 15, -1.4000000000000001, 68, 0.34283128965645326
165, 18, -1.7000000000000004, 76, 0.3497429881339802
166, 36, -3.5000000000000018, 73, 0.3780199074885149
167, 36, -3.5000000000000018, 71, 0.28519614029774387
168, 36, -3.5000000000000018, 77, 0.3444341964041824
169, 36, -3.5000000000000018, 73, 0.4645724237998743
170, 17, -1.6000000000000003, 81, 0.41951728373099173
171, 36, -3.5000000000000018, 71, 0.36960289777861766
172, 17, -1.6000000000000003, 79, 0.37335992578092086
173, 29, -2.800000000000001, 80, 0.3183495997680354
174, 36, -3.5000000000000018, 80, 0.36873952583234026
175, 36, -3.5000000000000018, 85, 0.34723424208087506
176, 36, -3.5000000000000018, 77, 0.33703470733307267
177, 26, -2.500000000000001, 73, 0.23841917847173047
178, 16, -1.5000000000000002, 79, 0.1745516650905521
179, 36, -3.5000000000000018, 86, 0.3547155062196752
180, 16, -1.5000000000000002, 77, 0.3424844219743126
181, 36, -3.5000000000000018, 82, 0.33399077972169566
182, 36, -3.5000000000000018, 74, 0.4655724595418096
183, 36, -3.5000000000000018, 74, 0.3504430768826778
184, 36, -3.5000000000000018, 76, 0.24746098814857143
185, 36, -3.5000000000000018, 85, 0.4465619316056183
186, 15, -1.4000000000000001, 84, 0.29042717937571094
187, 36, -3.5000000000000018, 76, 0.5309673890027283
188, 36, -3.5000000000000018, 77, 0.3542746872918139
189, 36, -3.5000000000000018, 79, 0.3927381036088773
190, 13, -1.2, 83, 0.35681632349287623
191, 36, -3.5000000000000018, 82, 0.34702066506529106
192, 36, -3.5000000000000018, 84, 0.34452561579776547
193, 36, -3.5000000000000018, 82, 0.34766266274600266
194, 36, -3.5000000000000018, 87, 0.27680417048519185
195, 12, -1.0999999999999999, 82, 0.20637973256488207
196, 20, -1.9000000000000006, 90, 0.4235980854219099
197, 13, -1.2, 90, 0.2998709631825945
198, 36, -3.5000000000000018, 83, 0.4474433913997234
199, 36, -3.5000000000000018, 84, 0.3429390136927095
200, 12, -1.0999999999999999, 83, 0.21937605078254585
201, 36, -3.5000000000000018, 94, 0.41067872274843836
202, 11, -0.9999999999999999, 87, 0.263387817636513
203, 22, -2.1000000000000005, 88, 0.24203647602284745
204, 36, -3.5000000000000018, 92, 0.36736640260987086
205, 36, -3.5000000000000018, 91, 0.23626306142385156
206, 13, -1.2, 93, 0.27525167722674126
207, 22, -2.1000000000000005, 88, 0.25926075548305605
208, 12, -1.0999999999999999, 97, 0.38511545028062033
209, 19, -1.8000000000000005, 83, 0.24994558185686783
210, 36, -3.5000000000000018, 90, 0.4051478136618607
211, 36, -3.5000000000000018, 93, 0.38473980249672657
212, 14, -1.3, 89, 0.3334695308211516
213, 36, -3.5000000000000018, 100, 0.3476849336436387
214, 12, -1.0999999999999999, 96, 0.3731888035523374
215, 36, -3.5000000000000018, 93, 0.26171950124947796
216, 36, -3.5000000000000018, 86, 0.35153386723096003
217, 25, -2.400000000000001, 96, 0.26026510048503937
218, 11, -0.9999999999999999, 93, 0.1854890819178695
219, 36, -3.5000000000000018, 101, 0.3769638282451957
220, 19, -1.8000000000000005, 93, 0.4225703137890453
221, 17, -1.6000000000000003, 95, 0.24590756422056195
222, 36, -3.5000000000000018, 93, 0.4480650873813943
223, 28, -2.700000000000001, 98, 0.4368571179829114
224, 32, -3.1000000000000014, 98, 0.1894315536458775
225, 28, -2.700000000000001, 100, 0.3756349402021708
226, 19, -1.8000000000000005, 105, 0.2656837913695076
227, 36, -3.5000000000000018, 99, 0.2962521095004764
228, 36, -3.5000000000000018, 99, 0.4858746764255819
229, 36, -3.5000000000000018, 90, 0.4500201901024183
230, 34, -3.3000000000000016, 101, 0.24878965548158805
231, 36, -3.5000000000000018, 100, 0.47907405682035004
232, 22, -2.1000000000000005, 98, 0.2752665301020438
233, 36, -3.5000000000000018, 107, 0.292206346238792
234, 16, -1.5000000000000002, 105, 0.35452166744817437
235, 36, -3.5000000000000018, 106, 0.35042124076389525
236, 18, -1.7000000000000004, 99, 0.3926807895771648
237, 36, -3.5000000000000018, 104, 0.282571877585057
238, 33, -3.2000000000000015, 100, 0.37904402482345745
239, 28, -2.700000000000001, 108, 0.32705700024821727
240, 36, -3.5000000000000018, 98, 0.5205674586564515
241, 17, -1.6000000000000003, 96, 0.2207046367224983
242, 36, -3.5000000000000018, 103, 0.3158257937405856
243, 23, -2.2000000000000006, 104, 0.3993105803338527
244, 36, -3.5000000000000018, 106, 0.3147214819810458
245, 36, -3.5000000000000018, 101, 0.2603496175962863
246, 36, -3.5000000000000018, 104, 0.3664226394712331
247, 36, -3.5000000000000018, 102, 0.27228717931767804
248, 16, -1.5000000000000002, 105, 0.360657478224627
249, 36, -3.5000000000000018, 114, 0.36893395455743105
250, 14, -1.3, 104, 0.41352464864542915
251, 16, -1.5000000000000002, 99, 0.17800847454666757
252, 23, -2.2000000000000006, 109, 0.330338913137892
253, 11, -0.9999999999999999, 118, 0.4299956915243537
254, 26, -2.500000000000001, 113, 0.3453114467810505
255, 20, -1.9000000000000006, 110, 0.5041721695440532
256, 36, -3.5000000000000018, 105, 0.29271119689697556
257, 36, -3.5000000000000018, 102, 0.36534988687550685
258, 36, -3.5000000000000018, 113, 0.26292441287279256
259, 34, -3.3000000000000016, 112, 0.5432777674293191
260, 19, -1.8000000000000005, 111, 0.20252353204800522
261, 36, -3.5000000000000018, 112, 0.40668338543944804
262, 22, -2.1000000000000005, 104, 0.43787677413313264
263, 36, -3.5000000000000018, 121, 0.35053698509613573
264, 36, -3.5000000000000018, 116, 0.3713220621572253
265, 25, -2.400000000000001, 113, 0.39078218365550643
266, 19, -1.8000000000000005, 114, 0.32604389497339126
267, 12, -1.0999999999999999, 113, 0.2516078293181486
268, 14, -1.3, 123, 0.2864401249235904
269, 16, -1.5000000000000002, 115, 0.2943024120658685
270, 28, -2.700000000000001, 120, 0.29338893047686265
271, 36, -3.5000000000000018, 115, 0.5332301179051094
272, 26, -2.500000000000001, 112, 0.1923533548564823
273, 36, -3.5000000000000018, 118, 0.4695360209173989
274, 36, -3.5000000000000018, 120, 0.40995769248633457
275, 23, -2.2000000000000006, 130, 0.4189459961164961
276, 36, -3.5000000000000018, 118, 0.3403318292842855
277, 24, -2.3000000000000007, 124, 0.2824528734599523
278, 15, -1.4000000000000001, 122, 0.41086608833775007
279, 36, -3.5000000000000018, 120, 0.5404532362131539
280, 21, -2.0000000000000004, 115, 0.44106887333674605
281, 33, -3.2000000000000015, 119, 0.2768560521342056
282, 36, -3.5000000000000018, 123, 0.2576693222327193
283, 12, -1.0999999999999999, 117, 0.33918490505289034
284, 20, -1.9000000000000006, 133, 0.2648387086838857
285, 36, -3.5000000000000018, 123, 0.3139489762685218
286, 36, -3.5000000000000018, 116, 0.5114375838635078
287, 17, -1.6000000000000003, 118, 0.43992959425777034
288, 23, -2.2000000000000006, 133, 0.35976130489259717
289, 23, -2.2000000000000006, 122, 0.2200884262170223
290, 36, -3.5000000000000018, 117, 0.37028652072767804
291, 12, -1.0999999999999999, 124, 0.2531498952570242
292, 36, -3.5000000000000018, 133, 0.3581717965223492
293, 36, -3.5000000000000018, 123, 0.550574685743658
294, 36, -3.5000000000000018, 127, 0.2950530555877866
295, 35, -3.4000000000000017, 128, 0.41760541305800114
296, 16, -1.5000000000000002, 131, 0.4103983135530203
297, 22, -2.1000000000000005, 117, 0.19489753475360472
298, 36, -3.5000000000000018, 127, 0.40336643808541917
299, 36, -3.5000000000000018, 136, 0.389348127758117
300, 36, -3.5000000000000018, 135, 0.3550623391179326
301, 11, -0.9999999999999999, 131, 0.22239517925914587
302, 36, -3.5000000000000018, 135, 0.40018390594557973
303, 26, -2.500000000000001, 145, 0.2537782099107331
304, 28, -2.700000000000001, 135, 0.30743986735699136
305, 36, -3.5000000000000018, 124, 0.2934116886696807
306, 36, -3.5000000000000018, 130, 0.303065182665456
307, 36, -3.5000000000000018, 144, 0.3838258958454708
308, 23, -2.2000000000000006, 130, 0.30398257490310704
309, 36, -3.5000000000000018, 119, 0.39302129051325974
310, 13, -1.2, 128, 0.38867812134230273
311, 36, -3.5000000000000018, 145, 0.40136952876730997
312, 26, -2.500000000000001, 135, 0.37143470439747683
313, 17, -1.6000000000000003, 136, 0.3602916902254587
314, 36, -3.5000000000000018, 126, 0.23685531700958706
315, 12, -1.0999999999999999, 139, 0.22749847188254424
316, 12, -1.0999999999999999, 128, 0.44422870903860034
317, 30, -2.9000000000000012, 131, 0.28074134575007936
318, 36, -3.5000000000000018, 132, 0.3374734152060128
319, 36, -3.5000000000000018, 145, 0.43302186212094274
320, 36, -3.5000000000000018, 137, 0.38736461185604565
321, 36, -3.5000000000000018, 138, 0.4122777694088362
322, 31, -3.0000000000000013, 144, 0.4509637836268334
323, 11, -0.9999999999999999, 134, 0.2797198519079407
324, 32, -3.1000000000000014, 144, 0.301133657050656
325, 36, -3.5000000000000018, 137, 0.32121272964360015
326, 19, -1.8000000000000005, 140, 0.2618398063503744
327, 19, -1.8000000000000005, 135, 0.41075037735388853
328, 36, -3.5000000000000018, 137, 0.23538418812969164
329, 36, -3.5000000000000018, 145, 0.30733059247893957
330, 12, -1.0999999999999999, 145, 0.3243567889530443
331, 14, -1.3, 142, 0.14929002767306476
332, 28, -2.700000000000001, 141, 0.3187304299383995
333, 17, -1.6000000000000003, 139, 0.3082403529604887
334, 36, -3.5000000000000018, 137, 0.28168239627696123
335, 36, -3.5000000000000018, 152, 0.3258467163188353
336, 36, -3.5000000000000018, 144, 0.20270022079810024
337, 35, -3.4000000000000017, 146, 0.34027164925127845
338, 18, -1.7000000000000004, 147, 0.31887752889410614
339, 36, -3.5000000000000018, 144, 0.32652156669860255
340, 36, -3.5000000000000018, 144, 0.4175989774136751
341, 36, -3.5000000000000018, 147, 0.42235101865783053
342, 19, -1.8000000000000005, 145, 0.3174189665437914
343, 36, -3.5000000000000018, 156, 0.3091489521791387
344, 36, -3.5000000000000018, 146, 0.43556170729619426
345, 22, -2.1000000000000005, 151, 0.3296909422956986
346, 25, -2.400000000000001, 146, 0.3209047662221661
347, 31, -3.0000000000000013, 152, 0.3105274097737495
348, 26, -2.500000000000001, 145, 0.40182800528085627
349, 36, -3.5000000000000018, 157, 0.2657499780099837
350, 36, -3.5000000000000018, 149, 0.25731372498803884
351, 13, -1.2, 143, 0.4644398968923895
352, 17, -1.6000000000000003, 144, 0.3800196927897428
353, 13, -1.2, 160, 0.4259508197166282
354, 36, -3.5000000000000018, 150, 0.342283062408854
355, 36, -3.5000000000000018, 143, 0.3423470934106321
356, 15, -1.4000000000000001, 154, 0.44308966420247936
357, 36, -3.5000000000000018, 144, 0.42074142494335987
358, 13, -1.2, 144, 0.28600498363920657
359, 25, -2.400000000000001, 159, 0.3537091191496884
360, 36, -3.5000000000000018, 157, 0.5437971634143217
361, 28, -2.700000000000001, 150, 0.4083227056609343
362, 16, -1.5000000000000002, 148, 0.2833365814570057
363, 36, -3.5000000000000018, 157, 0.28452065716637764
364, 22, -2.1000000000000005, 149, 0.34544352348335566
365, 36, -3.5000000000000018, 147, 0.35458042540535817
366, 36, -3.5000000000000018, 154, 0.4501212379302122
367, 36, -3.5000000000000018, 156, 0.3766069161449891
368, 36, -3.5000000000000018, 167, 0.269322123403788
369, 33, -3.2000000000000015, 156, 0.17633364154073028
370, 24, -2.3000000000000007, 162, 0.5251325420254009
371, 19, -1.8000000000000005, 154, 0.3176192317638711
372, 15, -1.4000000000000001, 153, 0.31688992747724487
373, 15, -1.4000000000000001, 169, 0.2539478831083719
374, 36, -3.5000000000000018, 142, 0.3938057225781976
375, 16, -1.5000000000000002, 148, 0.3356657682210793
376, 19, -1.8000000000000005, 158, 0.28570970571434123
377, 36, -3.5000000000000018, 148, 0.4667515029385334
378, 14, -1.3, 161, 0.2876906228793612
379, 14, -1.3, 169, 0.37510027005607105
380, 36, -3.5000000000000018, 166, 0.34699157027087146
381, 16, -1.5000000000000002, 153, 0.40416474143217873
382, 32, -3.1000000000000014, 162, 0.29787028718512326
383, 36, -3.5000000000000018, 160, 0.33543632433435777
384, 36, -3.5000000000000018, 166, 0.39265147289005553
385, 18, -1.7000000000000004, 167, 0.23529575159353072
386, 36, -3.5000000000000018, 164, 0.3630116251596329
387, 25, -2.400000000000001, 160, 0.543278133248899
388, 36, -3.5000000000000018, 164, 0.22985753419634536
389, 17, -1.6000000000000003, 167, 0.53696727515354
390, 36, -3.5000000000000018, 165, 0.41447752294485307
391, 36, -3.5000000000000018, 182, 0.39420176215256875
392, 13, -1.2, 165, 0.3411548802808456
393, 24, -2.3000000000000007, 174, 0.281011276165297
394, 34, -3.3000000000000016, 172, 0.7116309760323264
395, 36, -3.5000000000000018, 165, 0.2514574300255676
396, 18, -1.7000000000000004, 159, 0.42451245835748574
397, 20, -1.9000000000000006, 164, 0.5000006520718178
398, 14, -1.3, 171, 0.2839462986543604
399, 19, -1.8000000000000005, 171, 0.22770726430444432
400, 24, -2.3000000000000007, 180, 0.2841254376976192
401, 36, -3.5000000000000018, 170, 0.2625923099652523
402, 36, -3.5000000000000018, 166, 0.24074598870914943
403, 20, -1.9000000000000006, 176, 0.3393932221171925
404, 36, -3.5000000000000018, 175, 0.30250610303420267
405, 17, -1.6000000000000003, 172, 0.25140207474026366
406, 30, -2.9000000000000012, 180, 0.3742231895395214
407, 13, -1.2, 170, 0.32978097596856215
408, 36, -3.5000000000000018, 173, 0.3813346863729178
409, 36, -3.5000000000000018, 172, 0.3792296191301259
410, 36, -3.5000000000000018, 170, 0.5107461720289143
411, 25, -2.400000000000001, 170, 0.30985209897145044
412, 36, -3.5000000000000018, 171, 0.5128394484351738
413, 36, -3.5000000000000018, 169, 0.3672106099277188
414, 17, -1.6000000000000003, 168, 0.3057623973774434
415, 22, -2.1000000000000005, 169, 0.28384216688503106
416, 17, -1.6000000000000003, 179, 0.34219763800395087
417, 14, -1.3, 182, 0.27967904081676553
418, 36, -3.5000000000000018, 178, 0.37557886443342464
419, 16, -1.5000000000000002, 172, 0.43946086205257195
420, 24, -2.3000000000000007, 198, 0.24504316615352695
421, 36, -3.5000000000000018, 170, 0.5273919711735928
422, 33, -3.2000000000000015, 181, 0.23054291594371568
423, 24, -2.3000000000000007, 182, 0.3469339963624778
424, 31, -3.0000000000000013, 171, 0.3255693219411982
425, 36, -3.5000000000000018, 176, 0.37273728203627265
426, 18, -1.7000000000000004, 179, 0.3847350889115665
427, 36, -3.5000000000000018, 189, 0.441246168267764
428, 31, -3.0000000000000013, 188, 0.26460729009139605
429, 36, -3.5000000000000018, 175, 0.26364175482583785
430, 36, -3.5000000000000018, 189, 0.3799832441288289
431, 36, -3.5000000000000018, 166, 0.3528537518500162
432, 22, -2.1000000000000005, 179, 0.1767408776070834
433, 36, -3.5000000000000018, 179, 0.3509196691905077
434, 36, -3.5000000000000018, 194, 0.34522717966167493
435, 26, -2.500000000000001, 176, 0.3471109893380596
436, 36, -3.5000000000000018, 164, 0.3429161978542251
437, 16, -1.5000000000000002, 198, 0.41175209696738635
438, 36, -3.5000000000000018, 187, 0.2658047187014463
439, 36, -3.5000000000000018, 194, 0.5061127109469273
440, 36, -3.5000000000000018, 182, 0.17232248583249854
441, 20, -1.9000000000000006, 182, 0.19092647132077067
442, 13, -1.2, 201, 0.2971387319239813
443, 36, -3.5000000000000018, 190, 0.41275619216265086
444, 36, -3.5000000000000018, 177, 0.45274535568717234
445, 36, -3.5000000000000018, 188, 0.32640948988256474
446, 36, -3.5000000000000018, 187, 0.2574365672655816
447, 14, -1.3, 184, 0.2841032276380393
448, 19, -1.8000000000000005, 185, 0.2144371548106807
449, 36, -3.5000000000000018, 182, 0.3345362719354945
450, 36, -3.5000000000000018, 189, 0.3446275170408721
451, 36, -3.5000000000000018, 191, 0.5367507893275729
452, 36, -3.5000000000000018, 181, 0.42587385518794985
453, 24, -2.3000000000000007, 197, 0.3102354539508674
454, 36, -3.5000000000000018, 190, 0.4276618706390415
455, 36, -3.5000000000000018, 197, 0.30576703912258096
456, 36, -3.5000000000000018, 198, 0.3177131776594879
457, 17, -1.6000000000000003, 189, 0.16155523433510494
458, 22, -2.1000000000000005, 191, 0.23516799050064946
459, 36, -3.5000000000000018, 192, 0.25284753734941456
460, 36, -3.5000000000000018, 191, 0.5116471755054322
461, 36, -3.5000000000000018, 189, 0.26191503309045805
462, 36, -3.5000000000000018, 190, 0.33571575449842866
463, 36, -3.5000000000000018, 205, 0.38008416551421553
464, 13, -1.2, 187, 0.26201549832511883
465, 14, -1.3, 182, 0.16554576534487664
466, 36, -3.5000000000000018, 200, 0.4157168225960506
467, 36, -3.5000000000000018, 195, 0.34581282882633635
468, 16, -1.5000000000000002, 196, 0.34051580636229284
469, 36, -3.5000000000000018, 190, 0.408504095130382
470, 14, -1.3, 193, 0.31703355241771825
471, 36, -3.5000000000000018, 203, 0.23493612922808688
472, 14, -1.3, 194, 0.2954773231507489
473, 12, -1.0999999999999999, 209, 0.32547119037711214
474, 36, -3.5000000000000018, 197, 0.3276875583685822
475, 35, -3.4000000000000017, 195, 0.430922280514612
476, 12, -1.0999999999999999, 201, 0.2653346936171932
477, 28, -2.700000000000001, 207, 0.33726923232984535
478, 13, -1.2, 187, 0.22073321791667536
479, 36, -3.5000000000000018, 202, 0.31879418107936675
480, 16, -1.5000000000000002, 211, 0.421397819966155
481, 31, -3.0000000000000013, 200, 0.4168319940817893
482, 36, -3.5000000000000018, 194, 0.3863156709251312
483, 36, -3.5000000000000018, 204, 0.416984571161201
484, 23, -2.2000000000000006, 199, 0.33457977162293817
485, 20, -1.9000000000000006, 210, 0.43535773457673577
486, 36, -3.5000000000000018, 218, 0.3047588319530792
487, 20, -1.9000000000000006, 198, 0.304254997685841
488, 36, -3.5000000000000018, 216, 0.2561386460183619
489, 22, -2.1000000000000005, 203, 0.35171014969277165
490, 18, -1.7000000000000004, 208, 0.4145128611959802
491, 15, -1.4000000000000001, 210, 0.25178929343711154
492, 14, -1.3, 202, 0.2520217873739007
493, 15, -1.4000000000000001, 206, 0.3438914267025587
494, 36, -3.5000000000000018, 202, 0.3640461614719692
495, 36, -3.5000000000000018, 210, 0.20687859884576498
496, 36, -3.5000000000000018, 203, 0.28524029713235854
497, 14, -1.3, 192, 0.3911642193123077
498, 36, -3.5000000000000018, 212, 0.43550990560761327
499, 26, -2.500000000000001, 203, 0.35845517475450006
500, 36, -3.5000000000000018, 214, 0.37228851755414305
