Episode, Steps, Reward, Time (in milliseconds), Convergence
1, 36, -3.5000000000000018, 1, 0.15387217207798728
2, 36, -3.5000000000000018, 3, 0.12843260846878646
3, 36, -3.5000000000000018, 2, 0.1894168750767687
4, 36, -3.5000000000000018, 3, 0.18103461407539684
5, 36, -3.5000000000000018, 4, 0.13625473900020668
6, 36, -3.5000000000000018, 5, 0.17741015998995863
7, 36, -3.5000000000000018, 5, 0.1345242036321106
8, 36, -3.5000000000000018, 6, 0.13691669739971557
9, 36, -3.5000000000000018, 6, 0.21790424663878052
10, 36, -3.5000000000000018, 5, 0.15987907777975968
11, 36, -3.5000000000000018, 8, 0.1530376795361419
12, 36, -3.5000000000000018, 6, 0.13885034748998543
13, 36, -3.5000000000000018, 7, 0.14860168144745045
14, 36, -3.5000000000000018, 8, 0.11822976256642226
15, 36, -3.5000000000000018, 7, 0.07763045445588773
16, 36, -3.5000000000000018, 8, 0.23872500852637601
17, 28, -2.700000000000001, 8, 0.1990224602682058
18, 15, -1.4000000000000001, 9, 0.13575188056263943
19, 36, -3.5000000000000018, 8, 0.28865704301300427
20, 36, -3.5000000000000018, 8, 0.19958606269799828
21, 36, -3.5000000000000018, 11, 0.21014423561024298
22, 15, -1.4000000000000001, 10, 0.33598611054476935
23, 28, -2.700000000000001, 11, 0.19432555517317351
24, 28, -2.700000000000001, 11, 0.26782247898465084
25, 14, -1.3, 10, 0.21615333350697796
26, 36, -3.5000000000000018, 11, 0.2507315665435337
27, 36, -3.5000000000000018, 10, 0.1561957372118692
28, 14, -1.3, 10, 0.29804243067124614
29, 23, -2.2000000000000006, 10, 0.23135332520609647
30, 36, -3.5000000000000018, 11, 0.15212081104956088
31, 36, -3.5000000000000018, 11, 0.21057001987783897
32, 36, -3.5000000000000018, 11, 0.18782845591408082
33, 36, -3.5000000000000018, 11, 0.19024346227776778
34, 12, -1.0999999999999999, 12, 0.16609814075805907
35, 11, -0.9999999999999999, 10, 0.1978027042838848
36, 21, -2.0000000000000004, 13, 0.17063755263308644
37, 22, -2.1000000000000005, 12, 0.25057232266981067
38, 36, -3.5000000000000018, 11, 0.31416451426577313
39, 15, -1.4000000000000001, 13, 0.20227881787979585
40, 18, -1.7000000000000004, 14, 0.2633479079572466
41, 32, -3.1000000000000014, 14, 0.2574073536518584
42, 36, -3.5000000000000018, 11, 0.2674894000727977
43, 34, -3.3000000000000016, 14, 0.38813505619478517
44, 35, -3.4000000000000017, 12, 0.13695630241625067
45, 13, -1.2, 16, 0.3385450392818533
46, 25, -2.400000000000001, 15, 0.218345575734618
47, 15, -1.4000000000000001, 13, 0.13675244636540174
48, 20, -1.9000000000000006, 13, 0.2222899145558413
49, 36, -3.5000000000000018, 14, 0.20537711159652305
50, 24, -2.3000000000000007, 14, 0.1909367449233228
51, 24, -2.3000000000000007, 15, 0.32753809206991025
52, 21, -2.0000000000000004, 15, 0.29108548522815303
53, 32, -3.1000000000000014, 13, 0.22466998560923623
54, 14, -1.3, 14, 0.29297050886686726
55, 24, -2.3000000000000007, 13, 0.2390573056560571
56, 15, -1.4000000000000001, 15, 0.3305489887089117
57, 12, -1.0999999999999999, 14, 0.1781313850233106
58, 18, -1.7000000000000004, 14, 0.1485305101615707
59, 15, -1.4000000000000001, 15, 0.12501770510565324
60, 11, -0.9999999999999999, 15, 0.2093908024773214
61, 23, -2.2000000000000006, 15, 0.17688254871638687
62, 36, -3.5000000000000018, 15, 0.2371580663102273
63, 28, -2.700000000000001, 15, 0.14125988969371372
64, 13, -1.2, 14, 0.233508973396941
65, 36, -3.5000000000000018, 17, 0.40784103743914024
66, 11, -0.9999999999999999, 15, 0.1402915341151365
67, 14, -1.3, 17, 0.24795031709893878
68, 18, -1.7000000000000004, 15, 0.21181002821721762
69, 36, -3.5000000000000018, 17, 0.2714828338518971
70, 23, -2.2000000000000006, 15, 0.2237337811772674
71, 34, -3.3000000000000016, 15, 0.28918070756693126
72, 31, -3.0000000000000013, 16, 0.2398075802999745
73, 14, -1.3, 15, 0.2038490663644283
74, 36, -3.5000000000000018, 16, 0.0979635101041334
75, 15, -1.4000000000000001, 15, 0.14178656336904283
76, 21, -2.0000000000000004, 18, 0.34675939467358685
77, 20, -1.9000000000000006, 18, 0.31445035141965505
78, 20, -1.9000000000000006, 18, 0.2646381864896603
79, 15, -1.4000000000000001, 18, 0.3071778479606193
80, 12, -1.0999999999999999, 18, 0.23722712222867504
81, 15, -1.4000000000000001, 18, 0.2650744296683879
82, 18, -1.7000000000000004, 19, 0.3322214466100795
83, 11, -0.9999999999999999, 22, 0.4128016213056136
84, 23, -2.2000000000000006, 23, 0.4206443603586527
85, 36, -3.5000000000000018, 18, 0.11974062867357849
86, 19, -1.8000000000000005, 19, 0.4046081784727311
87, 18, -1.7000000000000004, 19, 0.18420454284345333
88, 12, -1.0999999999999999, 18, 0.22542424112468407
89, 15, -1.4000000000000001, 18, 0.1574501072697091
90, 20, -1.9000000000000006, 19, 0.23052046691246808
91, 36, -3.5000000000000018, 20, 0.2599374148322968
92, 36, -3.5000000000000018, 19, 0.18464926333365683
93, 25, -2.400000000000001, 19, 0.3519553708560741
94, 28, -2.700000000000001, 21, 0.28250252508864904
95, 11, -0.9999999999999999, 21, 0.5167677899783045
96, 18, -1.7000000000000004, 20, 0.24108271128775705
97, 18, -1.7000000000000004, 20, 0.27012638748241413
98, 36, -3.5000000000000018, 21, 0.2237355993912109
99, 19, -1.8000000000000005, 23, 0.3457701280594063
100, 36, -3.5000000000000018, 20, 0.44013479095837016
101, 18, -1.7000000000000004, 22, 0.36790866618294316
102, 11, -0.9999999999999999, 19, 0.19708210625573552
103, 16, -1.5000000000000002, 21, 0.3910403733278254
104, 27, -2.600000000000001, 22, 0.42143976289638385
105, 36, -3.5000000000000018, 22, 0.24657141005506705
106, 36, -3.5000000000000018, 21, 0.2062540881382402
107, 19, -1.8000000000000005, 21, 0.20512783949516722
108, 19, -1.8000000000000005, 21, 0.2075892881897322
109, 36, -3.5000000000000018, 21, 0.25306911921112296
110, 20, -1.9000000000000006, 22, 0.17065274826033983
111, 36, -3.5000000000000018, 21, 0.35244734594744337
112, 36, -3.5000000000000018, 25, 0.20613943763471632
113, 12, -1.0999999999999999, 24, 0.24204128805201885
114, 36, -3.5000000000000018, 24, 0.32921331324442726
115, 12, -1.0999999999999999, 23, 0.2761747200485432
116, 30, -2.9000000000000012, 22, 0.17650755346961344
117, 36, -3.5000000000000018, 24, 0.22757790294319635
118, 13, -1.2, 22, 0.24882906875861677
119, 22, -2.1000000000000005, 23, 0.27328461805649584
120, 23, -2.2000000000000006, 25, 0.4270234642049061
121, 19, -1.8000000000000005, 23, 0.11805588163462655
122, 16, -1.5000000000000002, 23, 0.2534136016656878
123, 26, -2.500000000000001, 24, 0.23486648783427644
124, 36, -3.5000000000000018, 26, 0.3656269936031429
125, 16, -1.5000000000000002, 26, 0.27901857802350916
126, 32, -3.1000000000000014, 25, 0.23434419379443217
127, 18, -1.7000000000000004, 24, 0.25865886905103985
128, 36, -3.5000000000000018, 25, 0.24445469562963507
129, 29, -2.800000000000001, 28, 0.3088557457786498
130, 19, -1.8000000000000005, 25, 0.33084979377079526
131, 36, -3.5000000000000018, 24, 0.17594000577273883
132, 14, -1.3, 24, 0.35837459978209335
133, 31, -3.0000000000000013, 26, 0.2423662221572207
134, 36, -3.5000000000000018, 27, 0.3020459021062897
135, 15, -1.4000000000000001, 26, 0.24616150976917872
136, 33, -3.2000000000000015, 27, 0.3704810423519551
137, 36, -3.5000000000000018, 25, 0.17400336051072807
138, 36, -3.5000000000000018, 27, 0.30270305555316424
139, 13, -1.2, 25, 0.16554342333709227
140, 20, -1.9000000000000006, 25, 0.2181429532121255
141, 16, -1.5000000000000002, 25, 0.27193394011563876
142, 14, -1.3, 25, 0.22121205466999772
143, 35, -3.4000000000000017, 24, 0.2870617430363698
144, 24, -2.3000000000000007, 26, 0.2335046340780743
145, 11, -0.9999999999999999, 27, 0.2848162550908968
146, 17, -1.6000000000000003, 27, 0.23487174185861925
147, 36, -3.5000000000000018, 27, 0.19542996478139374
148, 11, -0.9999999999999999, 34, 0.15408304529332806
149, 12, -1.0999999999999999, 26, 0.23266176368838598
150, 36, -3.5000000000000018, 27, 0.19730395548110624
151, 20, -1.9000000000000006, 27, 0.1999261597979306
152, 20, -1.9000000000000006, 28, 0.2353882609537663
153, 36, -3.5000000000000018, 30, 0.2390151803113416
154, 16, -1.5000000000000002, 30, 0.2441856071736052
155, 14, -1.3, 32, 0.255050804766514
156, 15, -1.4000000000000001, 27, 0.17163779417129832
157, 22, -2.1000000000000005, 29, 0.24523747082206931
158, 15, -1.4000000000000001, 30, 0.28576959488408993
159, 25, -2.400000000000001, 30, 0.3672215915091701
160, 25, -2.400000000000001, 29, 0.13823583057241284
161, 36, -3.5000000000000018, 31, 0.3854027785392216
162, 18, -1.7000000000000004, 30, 0.15887316569870907
163, 14, -1.3, 30, 0.14328457931328198
164, 14, -1.3, 29, 0.08973026506365678
165, 30, -2.9000000000000012, 33, 0.23814425570213926
166, 36, -3.5000000000000018, 31, 0.22437674034100252
167, 26, -2.500000000000001, 30, 0.21179298487809706
168, 17, -1.6000000000000003, 30, 0.16526059841405538
169, 36, -3.5000000000000018, 31, 0.17776272064330345
170, 20, -1.9000000000000006, 31, 0.2213123595861317
171, 13, -1.2, 30, 0.30363851854304236
172, 34, -3.3000000000000016, 29, 0.3300284131874005
173, 15, -1.4000000000000001, 28, 0.12564562864192186
174, 17, -1.6000000000000003, 31, 0.39363769979512464
175, 18, -1.7000000000000004, 31, 0.24841056373849868
176, 14, -1.3, 31, 0.09479217588578692
177, 21, -2.0000000000000004, 30, 0.23937396868548788
178, 28, -2.700000000000001, 31, 0.23944032402655024
179, 36, -3.5000000000000018, 32, 0.1867578241571174
180, 16, -1.5000000000000002, 29, 0.17160565899676905
181, 36, -3.5000000000000018, 33, 0.21377500949624906
182, 11, -0.9999999999999999, 31, 0.1719707778816515
183, 34, -3.3000000000000016, 31, 0.2188910898593286
184, 36, -3.5000000000000018, 35, 0.3286730646203142
185, 15, -1.4000000000000001, 30, 0.19219406516049875
186, 36, -3.5000000000000018, 33, 0.5021071203454277
187, 12, -1.0999999999999999, 34, 0.27978107655920637
188, 20, -1.9000000000000006, 32, 0.11479766661331425
189, 14, -1.3, 33, 0.14589197811940813
190, 12, -1.0999999999999999, 30, 0.15338846510932247
191, 31, -3.0000000000000013, 34, 0.19495658444558917
192, 34, -3.3000000000000016, 34, 0.2800449767946388
193, 33, -3.2000000000000015, 36, 0.35332976630894486
194, 36, -3.5000000000000018, 37, 0.2543785585891494
195, 18, -1.7000000000000004, 32, 0.1509594370948404
196, 16, -1.5000000000000002, 37, 0.1704852414152539
197, 36, -3.5000000000000018, 39, 0.2750196330461172
198, 32, -3.1000000000000014, 39, 0.2873718555453033
199, 21, -2.0000000000000004, 34, 0.23842714147054989
200, 19, -1.8000000000000005, 34, 0.25641637612881363
201, 36, -3.5000000000000018, 38, 0.22373140744234843
202, 16, -1.5000000000000002, 34, 0.3264066821011409
203, 27, -2.600000000000001, 34, 0.2526568152634334
204, 19, -1.8000000000000005, 38, 0.43619422745149206
205, 36, -3.5000000000000018, 35, 0.16335156135765028
206, 13, -1.2, 36, 0.32940613648448447
207, 36, -3.5000000000000018, 35, 0.20819981487861394
208, 27, -2.600000000000001, 31, 0.16675724999818842
209, 11, -0.9999999999999999, 38, 0.2239360657964926
210, 16, -1.5000000000000002, 42, 0.36585455927463006
211, 36, -3.5000000000000018, 38, 0.24057944936990006
212, 33, -3.2000000000000015, 34, 0.26931862553106733
213, 21, -2.0000000000000004, 38, 0.31968955998673865
214, 32, -3.1000000000000014, 38, 0.24442708935839397
215, 36, -3.5000000000000018, 36, 0.2903603288865926
216, 15, -1.4000000000000001, 35, 0.20407000781817608
217, 23, -2.2000000000000006, 36, 0.23193286343064634
218, 12, -1.0999999999999999, 37, 0.23249689779455918
219, 21, -2.0000000000000004, 36, 0.16805221418601946
220, 36, -3.5000000000000018, 40, 0.11066195266826473
221, 36, -3.5000000000000018, 40, 0.26625073407799604
222, 17, -1.6000000000000003, 40, 0.13154757801084538
223, 12, -1.0999999999999999, 38, 0.1703524866932704
224, 20, -1.9000000000000006, 41, 0.31493511114535744
225, 13, -1.2, 39, 0.18261891727128454
226, 17, -1.6000000000000003, 38, 0.1867795996098773
227, 26, -2.500000000000001, 41, 0.202455520412811
228, 36, -3.5000000000000018, 37, 0.14514485435853774
229, 36, -3.5000000000000018, 37, 0.3015201676043926
230, 25, -2.400000000000001, 41, 0.3449150034689643
231, 36, -3.5000000000000018, 42, 0.18266099112379508
232, 15, -1.4000000000000001, 38, 0.1362042833884698
233, 13, -1.2, 42, 0.2981858654462991
234, 11, -0.9999999999999999, 40, 0.15509202136644062
235, 27, -2.600000000000001, 43, 0.2052961011340232
236, 25, -2.400000000000001, 40, 0.24984465659472022
237, 28, -2.700000000000001, 40, 0.36379542690807054
238, 14, -1.3, 42, 0.21752878271120796
239, 19, -1.8000000000000005, 39, 0.22183264542686265
240, 36, -3.5000000000000018, 46, 0.5777342343524599
241, 19, -1.8000000000000005, 42, 0.31926697564271256
242, 21, -2.0000000000000004, 43, 0.2505572975478624
243, 36, -3.5000000000000018, 40, 0.23335866887465995
244, 17, -1.6000000000000003, 45, 0.3405152072313843
245, 18, -1.7000000000000004, 43, 0.11268528279902279
246, 23, -2.2000000000000006, 42, 0.11139010689923556
247, 19, -1.8000000000000005, 45, 0.09652128336858301
248, 30, -2.9000000000000012, 44, 0.1837895668505236
249, 26, -2.500000000000001, 43, 0.21234725418969147
250, 13, -1.2, 42, 0.22053673059540846
251, 15, -1.4000000000000001, 40, 0.15000521048112592
252, 36, -3.5000000000000018, 43, 0.3259493528548585
253, 29, -2.800000000000001, 45, 0.23916798808993422
254, 36, -3.5000000000000018, 42, 0.15415505384318196
255, 30, -2.9000000000000012, 43, 0.19923815695818725
256, 17, -1.6000000000000003, 42, 0.24595150533442944
257, 18, -1.7000000000000004, 44, 0.27200771253596284
258, 18, -1.7000000000000004, 44, 0.2772022342387803
259, 15, -1.4000000000000001, 45, 0.1615995576690029
260, 13, -1.2, 41, 0.14544432753531122
261, 16, -1.5000000000000002, 44, 0.14528354007688493
262, 12, -1.0999999999999999, 43, 0.2638026021944873
263, 24, -2.3000000000000007, 47, 0.17400073727351928
264, 15, -1.4000000000000001, 43, 0.38722204088002443
265, 15, -1.4000000000000001, 44, 0.27644107190669676
266, 14, -1.3, 46, 0.23210267032060905
267, 13, -1.2, 45, 0.34081165821807735
268, 17, -1.6000000000000003, 45, 0.19064478279728791
269, 30, -2.9000000000000012, 45, 0.2951478839940491
270, 23, -2.2000000000000006, 45, 0.2459912586173123
271, 16, -1.5000000000000002, 42, 0.21278590233659356
272, 35, -3.4000000000000017, 47, 0.18436996772424386
273, 11, -0.9999999999999999, 45, 0.20623790534234487
274, 36, -3.5000000000000018, 42, 0.281657938318015
275, 13, -1.2, 44, 0.3053080085457478
276, 11, -0.9999999999999999, 48, 0.17058190774525572
277, 36, -3.5000000000000018, 44, 0.2900897275012724
278, 36, -3.5000000000000018, 47, 0.24546302298701894
279, 13, -1.2, 47, 0.2129150372520987
280, 20, -1.9000000000000006, 44, 0.16507622077536022
281, 14, -1.3, 46, 0.18500954562776994
282, 21, -2.0000000000000004, 49, 0.13467456937131872
283, 36, -3.5000000000000018, 47, 0.17349089132665996
284, 19, -1.8000000000000005, 47, 0.2857949103747903
285, 13, -1.2, 49, 0.31216877503856555
286, 17, -1.6000000000000003, 50, 0.20871889946452793
287, 12, -1.0999999999999999, 48, 0.18569242576771328
288, 23, -2.2000000000000006, 47, 0.18726189804266213
289, 36, -3.5000000000000018, 52, 0.2647785801469065
290, 22, -2.1000000000000005, 47, 0.3500610602990547
291, 14, -1.3, 50, 0.23478894795830918
292, 36, -3.5000000000000018, 50, 0.28011784122313654
293, 24, -2.3000000000000007, 56, 0.22206706391278325
294, 22, -2.1000000000000005, 48, 0.21402237605577135
295, 14, -1.3, 47, 0.17545471336940885
296, 13, -1.2, 46, 0.33428471410923055
297, 15, -1.4000000000000001, 48, 0.24257229877640318
298, 36, -3.5000000000000018, 47, 0.2662324420211293
299, 12, -1.0999999999999999, 47, 0.20608366213731188
300, 11, -0.9999999999999999, 47, 0.3760391174359956
301, 16, -1.5000000000000002, 50, 0.19669177195406928
302, 24, -2.3000000000000007, 53, 0.381194751736462
303, 19, -1.8000000000000005, 49, 0.28206500094064857
304, 36, -3.5000000000000018, 49, 0.28701927810802075
305, 36, -3.5000000000000018, 49, 0.1502124079352457
306, 15, -1.4000000000000001, 50, 0.18644393694590877
307, 15, -1.4000000000000001, 49, 0.18309517965086775
308, 13, -1.2, 50, 0.20720152012161563
309, 35, -3.4000000000000017, 53, 0.360037360101103
310, 26, -2.500000000000001, 53, 0.17897020158707266
311, 36, -3.5000000000000018, 55, 0.37351271155214083
312, 12, -1.0999999999999999, 50, 0.12731486423481764
313, 13, -1.2, 52, 0.13001772230085007
314, 13, -1.2, 49, 0.20382978925243667
315, 36, -3.5000000000000018, 52, 0.17407678562047713
316, 16, -1.5000000000000002, 47, 0.17504580154532562
317, 25, -2.400000000000001, 51, 0.18080079010291072
318, 36, -3.5000000000000018, 48, 0.2520603813447405
319, 16, -1.5000000000000002, 54, 0.21384323487228385
320, 19, -1.8000000000000005, 47, 0.1497855326564166
321, 33, -3.2000000000000015, 54, 0.1522383920205439
322, 13, -1.2, 50, 0.19648399921458026
323, 28, -2.700000000000001, 52, 0.2883771732706593
324, 15, -1.4000000000000001, 50, 0.2517212037605736
325, 15, -1.4000000000000001, 51, 0.35554250247696895
326, 20, -1.9000000000000006, 52, 0.3630441785281494
327, 14, -1.3, 51, 0.1285384085080643
328, 14, -1.3, 52, 0.14720995371820833
329, 16, -1.5000000000000002, 52, 0.1671726423064689
330, 27, -2.600000000000001, 54, 0.2275141033258713
331, 16, -1.5000000000000002, 57, 0.2340955083484556
332, 14, -1.3, 55, 0.17621328753897814
333, 32, -3.1000000000000014, 51, 0.16629582696023404
334, 15, -1.4000000000000001, 51, 0.24985612403770463
335, 15, -1.4000000000000001, 52, 0.29035036623638366
336, 23, -2.2000000000000006, 52, 0.20009180501793555
337, 15, -1.4000000000000001, 54, 0.49742420268596654
338, 36, -3.5000000000000018, 54, 0.2209142466747398
339, 36, -3.5000000000000018, 55, 0.26949624523934324
340, 14, -1.3, 56, 0.16142298798027666
341, 36, -3.5000000000000018, 53, 0.25146673557930643
342, 16, -1.5000000000000002, 52, 0.10426851962372019
343, 29, -2.800000000000001, 53, 0.27859984137997673
344, 34, -3.3000000000000016, 52, 0.19174703004261984
345, 36, -3.5000000000000018, 53, 0.15526141170763452
346, 14, -1.3, 57, 0.09214193851518904
347, 34, -3.3000000000000016, 60, 0.371337605645534
348, 16, -1.5000000000000002, 60, 0.3350512412108254
349, 36, -3.5000000000000018, 60, 0.3509344904188697
350, 22, -2.1000000000000005, 55, 0.20787460534933827
351, 15, -1.4000000000000001, 56, 0.1242361503003635
352, 36, -3.5000000000000018, 60, 0.3011431782926235
353, 23, -2.2000000000000006, 54, 0.16949805968801357
354, 16, -1.5000000000000002, 58, 0.266448506502589
355, 28, -2.700000000000001, 56, 0.1364031973942058
356, 25, -2.400000000000001, 52, 0.2688922263101113
357, 28, -2.700000000000001, 61, 0.21220571743024286
358, 13, -1.2, 59, 0.10364611386539557
359, 11, -0.9999999999999999, 57, 0.2667350962895151
360, 36, -3.5000000000000018, 56, 0.2502021753957675
361, 36, -3.5000000000000018, 59, 0.2380226469979867
362, 11, -0.9999999999999999, 59, 0.33091230409739003
363, 15, -1.4000000000000001, 58, 0.38661207591075153
364, 15, -1.4000000000000001, 60, 0.2879072515364465
365, 17, -1.6000000000000003, 58, 0.24065167470344928
366, 36, -3.5000000000000018, 59, 0.23892394219103552
367, 36, -3.5000000000000018, 61, 0.25071726920823423
368, 26, -2.500000000000001, 56, 0.13743881309193506
369, 13, -1.2, 56, 0.15185642677754485
370, 36, -3.5000000000000018, 62, 0.4449304641134705
371, 15, -1.4000000000000001, 65, 0.30015766368558694
372, 16, -1.5000000000000002, 59, 0.26242477729059677
373, 36, -3.5000000000000018, 60, 0.15491532770660033
374, 11, -0.9999999999999999, 59, 0.19462856196597678
375, 36, -3.5000000000000018, 58, 0.3076847965477567
376, 12, -1.0999999999999999, 63, 0.16016745141673772
377, 11, -0.9999999999999999, 61, 0.3487490568488173
378, 16, -1.5000000000000002, 60, 0.24498766276192574
379, 36, -3.5000000000000018, 57, 0.10430562030328527
380, 29, -2.800000000000001, 63, 0.20058847852913486
381, 18, -1.7000000000000004, 58, 0.2734390845377195
382, 18, -1.7000000000000004, 64, 0.14537443714062148
383, 22, -2.1000000000000005, 63, 0.27249612132988377
384, 23, -2.2000000000000006, 60, 0.11158199540996416
385, 13, -1.2, 58, 0.19413810721273006
386, 25, -2.400000000000001, 60, 0.17758498877962547
387, 14, -1.3, 66, 0.36093040391987175
388, 24, -2.3000000000000007, 61, 0.26322620014377907
389, 16, -1.5000000000000002, 62, 0.2953543044412228
390, 32, -3.1000000000000014, 62, 0.15545018785117504
391, 13, -1.2, 67, 0.18141982613165542
392, 19, -1.8000000000000005, 65, 0.2983221321818428
393, 24, -2.3000000000000007, 59, 0.19810147255735644
394, 13, -1.2, 63, 0.3512949654769528
395, 34, -3.3000000000000016, 60, 0.33466898021267344
396, 20, -1.9000000000000006, 65, 0.25102490445305015
397, 36, -3.5000000000000018, 67, 0.2923757042279871
398, 36, -3.5000000000000018, 64, 0.4491414325790275
399, 16, -1.5000000000000002, 63, 0.3499768443782826
400, 32, -3.1000000000000014, 66, 0.3785073056442614
401, 36, -3.5000000000000018, 61, 0.2863876422470102
402, 22, -2.1000000000000005, 59, 0.17273765128150298
403, 18, -1.7000000000000004, 63, 0.2444058203304753
404, 11, -0.9999999999999999, 63, 0.2738850925430849
405, 36, -3.5000000000000018, 61, 0.40978324585821513
406, 36, -3.5000000000000018, 64, 0.3194189780863737
407, 36, -3.5000000000000018, 64, 0.17676450550144662
408, 36, -3.5000000000000018, 68, 0.2831162606756046
409, 22, -2.1000000000000005, 67, 0.2589758742762611
410, 30, -2.9000000000000012, 63, 0.4044170721756315
411, 15, -1.4000000000000001, 68, 0.33417722838447567
412, 13, -1.2, 64, 0.18880076457267592
413, 14, -1.3, 66, 0.26644985145536443
414, 36, -3.5000000000000018, 69, 0.18366666650403962
415, 31, -3.0000000000000013, 71, 0.27619481208895086
416, 16, -1.5000000000000002, 68, 0.09915279404047528
417, 36, -3.5000000000000018, 63, 0.2814747202432242
418, 17, -1.6000000000000003, 67, 0.1728231142635377
419, 17, -1.6000000000000003, 67, 0.22369874937867662
420, 22, -2.1000000000000005, 63, 0.3157327115660026
421, 36, -3.5000000000000018, 70, 0.23097595525696502
422, 16, -1.5000000000000002, 64, 0.15875154127059266
423, 18, -1.7000000000000004, 65, 0.23605115071023897
424, 16, -1.5000000000000002, 70, 0.2209868602784234
425, 33, -3.2000000000000015, 64, 0.3082787487225189
426, 35, -3.4000000000000017, 67, 0.279617153189926
427, 14, -1.3, 69, 0.22503263989452338
428, 14, -1.3, 71, 0.2555715315338778
429, 27, -2.600000000000001, 70, 0.3794825632206691
430, 18, -1.7000000000000004, 67, 0.22330605937448644
431, 20, -1.9000000000000006, 68, 0.2755389316530152
432, 19, -1.8000000000000005, 66, 0.3032177432595947
433, 12, -1.0999999999999999, 68, 0.1409836836123306
434, 36, -3.5000000000000018, 66, 0.18134621620168567
435, 11, -0.9999999999999999, 64, 0.20242349861113684
436, 25, -2.400000000000001, 72, 0.28299573612585194
437, 36, -3.5000000000000018, 69, 0.22447035826143424
438, 19, -1.8000000000000005, 61, 0.25744468156077327
439, 23, -2.2000000000000006, 71, 0.3615751484706696
440, 15, -1.4000000000000001, 70, 0.4695526409054023
441, 21, -2.0000000000000004, 70, 0.21457737059462745
442, 18, -1.7000000000000004, 71, 0.19018641226117428
443, 14, -1.3, 74, 0.2580495134664299
444, 23, -2.2000000000000006, 65, 0.2468990246518381
445, 30, -2.9000000000000012, 68, 0.25045342794442016
446, 36, -3.5000000000000018, 74, 0.20671792298251368
447, 36, -3.5000000000000018, 71, 0.35578764076841285
448, 13, -1.2, 70, 0.3194967688853795
449, 36, -3.5000000000000018, 67, 0.23099754540893291
450, 18, -1.7000000000000004, 71, 0.15376374803673254
451, 14, -1.3, 71, 0.26454545674945296
452, 18, -1.7000000000000004, 69, 0.5009190926877404
453, 25, -2.400000000000001, 72, 0.4658056591069559
454, 36, -3.5000000000000018, 69, 0.34723633692104494
455, 14, -1.3, 72, 0.1299988901326028
456, 15, -1.4000000000000001, 76, 0.39754080082567467
457, 36, -3.5000000000000018, 71, 0.22569151460265602
458, 36, -3.5000000000000018, 67, 0.19217338329881306
459, 22, -2.1000000000000005, 71, 0.45736511857497186
460, 13, -1.2, 71, 0.199179660110915
461, 35, -3.4000000000000017, 71, 0.27130367438646785
462, 36, -3.5000000000000018, 70, 0.2942199048403529
463, 15, -1.4000000000000001, 73, 0.2503859149061627
464, 14, -1.3, 78, 0.36090749799434074
465, 14, -1.3, 71, 0.24504032911172513
466, 36, -3.5000000000000018, 79, 0.30807364576426965
467, 14, -1.3, 72, 0.13361915794184487
468, 16, -1.5000000000000002, 73, 0.31581251952730915
469, 13, -1.2, 77, 0.23989988134678186
470, 20, -1.9000000000000006, 74, 0.216816044572137
471, 19, -1.8000000000000005, 74, 0.20511862314630624
472, 14, -1.3, 76, 0.2758129713544678
473, 15, -1.4000000000000001, 74, 0.28570485299348003
474, 23, -2.2000000000000006, 72, 0.2463348486207516
475, 11, -0.9999999999999999, 75, 0.36314180993595746
476, 13, -1.2, 74, 0.14151365078592415
477, 18, -1.7000000000000004, 78, 0.3089770413023597
478, 36, -3.5000000000000018, 77, 0.2746360545615856
479, 16, -1.5000000000000002, 74, 0.2197813534465689
480, 15, -1.4000000000000001, 79, 0.1522809103060141
481, 36, -3.5000000000000018, 78, 0.3743040193802665
482, 13, -1.2, 76, 0.2791201278917981
483, 13, -1.2, 79, 0.24112972303786173
484, 36, -3.5000000000000018, 78, 0.3100221839895798
485, 12, -1.0999999999999999, 81, 0.26651018282154837
486, 18, -1.7000000000000004, 78, 0.22639430871457122
487, 29, -2.800000000000001, 74, 0.1666475110165857
488, 15, -1.4000000000000001, 79, 0.20866276292364883
489, 31, -3.0000000000000013, 73, 0.2426498679396374
490, 36, -3.5000000000000018, 81, 0.3812537442806484
491, 15, -1.4000000000000001, 75, 0.25096491067267557
492, 33, -3.2000000000000015, 78, 0.20672022375401966
493, 11, -0.9999999999999999, 77, 0.2537694903583537
494, 17, -1.6000000000000003, 76, 0.35076636189289356
495, 36, -3.5000000000000018, 82, 0.5029082408492137
496, 21, -2.0000000000000004, 76, 0.11054206852251136
497, 36, -3.5000000000000018, 80, 0.2153279747194662
498, 36, -3.5000000000000018, 76, 0.19424539721063694
499, 16, -1.5000000000000002, 78, 0.3018821146779822
500, 22, -2.1000000000000005, 74, 0.12644114667792594
