Episode, Steps, Reward, Time (in milliseconds), Convergence
1, 36, -3.5000000000000018, 5, 0.15000000000000002
2, 36, -3.5000000000000018, 5, 0.10005758816068067
3, 36, -3.5000000000000018, 5, 0.1026906017075098
4, 36, -3.5000000000000018, 7, 0.09000098848135496
5, 36, -3.5000000000000018, 7, 0.09678727615433888
6, 36, -3.5000000000000018, 10, 0.06229149424969421
7, 36, -3.5000000000000018, 9, 0.10882381607283476
8, 36, -3.5000000000000018, 10, 0.09125487096815843
9, 36, -3.5000000000000018, 7, 0.0880730766544579
10, 36, -3.5000000000000018, 10, 0.08585680468039436
11, 36, -3.5000000000000018, 10, 0.08728856756982628
12, 36, -3.5000000000000018, 11, 0.09376920498480923
13, 16, -1.5000000000000002, 15, 0.13747503444950404
14, 36, -3.5000000000000018, 10, 0.0854382114153257
15, 14, -1.3, 13, 0.11274107004377043
16, 18, -1.7000000000000004, 14, 0.14040550717589523
17, 11, -0.9999999999999999, 13, 0.12577543457438345
18, 35, -3.4000000000000017, 15, 0.11721243608393167
19, 14, -1.3, 15, 0.11531131244515014
20, 12, -1.0999999999999999, 17, 0.1322361730151953
21, 13, -1.2, 14, 0.09908947447830574
22, 11, -0.9999999999999999, 17, 0.15917426360300002
23, 14, -1.3, 17, 0.10383297856153395
24, 36, -3.5000000000000018, 15, 0.10561731367768235
25, 17, -1.6000000000000003, 15, 0.11338743624428732
26, 29, -2.800000000000001, 16, 0.09727195168810931
27, 36, -3.5000000000000018, 16, 0.12385494261140712
28, 36, -3.5000000000000018, 17, 0.1141590481881053
29, 36, -3.5000000000000018, 22, 0.10914219163573535
30, 14, -1.3, 19, 0.07788293174271721
31, 26, -2.500000000000001, 16, 0.1119017788931338
32, 34, -3.3000000000000016, 17, 0.14284292189208625
33, 16, -1.5000000000000002, 19, 0.14297534862530192
34, 31, -3.0000000000000013, 19, 0.14415450430265703
35, 13, -1.2, 20, 0.15369603370432683
36, 17, -1.6000000000000003, 21, 0.18681713044818915
37, 14, -1.3, 19, 0.15724607253926198
38, 13, -1.2, 20, 0.1323948144021896
39, 36, -3.5000000000000018, 22, 0.17406671270163931
40, 16, -1.5000000000000002, 22, 0.1608145727744723
41, 18, -1.7000000000000004, 18, 0.16022859738498307
42, 15, -1.4000000000000001, 22, 0.11471045089895315
43, 33, -3.2000000000000015, 24, 0.1831153567804601
44, 28, -2.700000000000001, 22, 0.12720749078352367
45, 15, -1.4000000000000001, 23, 0.14602869269513463
46, 27, -2.600000000000001, 24, 0.10983131130063128
47, 13, -1.2, 24, 0.169948122126919
48, 27, -2.600000000000001, 26, 0.2071340568299741
49, 36, -3.5000000000000018, 27, 0.13779941546725272
50, 18, -1.7000000000000004, 22, 0.12556875276033974
51, 23, -2.2000000000000006, 23, 0.11632876448403318
52, 11, -0.9999999999999999, 26, 0.12686760391807317
53, 36, -3.5000000000000018, 25, 0.14748191736363636
54, 36, -3.5000000000000018, 25, 0.16282542689982565
55, 11, -0.9999999999999999, 28, 0.13427880328321773
56, 20, -1.9000000000000006, 25, 0.1325504237708069
57, 13, -1.2, 28, 0.19137460680006074
58, 13, -1.2, 23, 0.11294454403865872
59, 17, -1.6000000000000003, 25, 0.09985789799481254
60, 14, -1.3, 27, 0.09553138552879448
61, 12, -1.0999999999999999, 28, 0.11222616290519638
62, 21, -2.0000000000000004, 26, 0.08407298572983135
63, 16, -1.5000000000000002, 29, 0.1454153953002001
64, 15, -1.4000000000000001, 31, 0.15640529957391852
65, 20, -1.9000000000000006, 29, 0.15615553838997132
66, 24, -2.3000000000000007, 29, 0.13717660903372797
67, 18, -1.7000000000000004, 31, 0.1274532028606279
68, 36, -3.5000000000000018, 33, 0.12250387330565338
69, 17, -1.6000000000000003, 32, 0.1434588038775032
70, 15, -1.4000000000000001, 30, 0.1443609584240919
71, 19, -1.8000000000000005, 30, 0.13991779295461126
72, 17, -1.6000000000000003, 32, 0.16552200992056965
73, 20, -1.9000000000000006, 30, 0.0758255305160116
74, 36, -3.5000000000000018, 32, 0.1828193065486513
75, 36, -3.5000000000000018, 32, 0.11441016488867017
76, 13, -1.2, 34, 0.16422018820038875
77, 36, -3.5000000000000018, 36, 0.1130014276667397
78, 29, -2.800000000000001, 36, 0.08949905674657266
79, 29, -2.800000000000001, 38, 0.14462876172636085
80, 11, -0.9999999999999999, 31, 0.16286802330574712
81, 36, -3.5000000000000018, 35, 0.11372500211491343
82, 13, -1.2, 33, 0.18511191644975505
83, 16, -1.5000000000000002, 34, 0.0837770153453068
84, 14, -1.3, 35, 0.06912074592668283
85, 17, -1.6000000000000003, 33, 0.13754217583605988
86, 14, -1.3, 39, 0.12979862276267767
87, 13, -1.2, 38, 0.11407133306197736
88, 36, -3.5000000000000018, 35, 0.14209340478358023
89, 24, -2.3000000000000007, 32, 0.128284396285409
90, 17, -1.6000000000000003, 37, 0.11715638505685191
91, 12, -1.0999999999999999, 36, 0.14772080815937882
92, 27, -2.600000000000001, 34, 0.1349141827354765
93, 29, -2.800000000000001, 35, 0.21760095485857245
94, 17, -1.6000000000000003, 37, 0.13555963623559397
95, 14, -1.3, 37, 0.0660270273388186
96, 17, -1.6000000000000003, 39, 0.1536442063810915
97, 25, -2.400000000000001, 38, 0.14575552430061856
98, 13, -1.2, 41, 0.17607795716600916
99, 36, -3.5000000000000018, 39, 0.18313236849854686
100, 36, -3.5000000000000018, 38, 0.25962366517261143
101, 15, -1.4000000000000001, 38, 0.11592929673147645
102, 16, -1.5000000000000002, 41, 0.15753081632368615
103, 36, -3.5000000000000018, 42, 0.10790063544232498
104, 36, -3.5000000000000018, 44, 0.11675125762443947
105, 14, -1.3, 42, 0.1851641864751108
106, 36, -3.5000000000000018, 43, 0.1491541302079531
107, 36, -3.5000000000000018, 43, 0.12686439170190567
108, 15, -1.4000000000000001, 43, 0.08261218339247034
109, 12, -1.0999999999999999, 40, 0.1179742929873493
110, 36, -3.5000000000000018, 44, 0.19285058889421425
111, 14, -1.3, 38, 0.16963876303194947
112, 19, -1.8000000000000005, 40, 0.12891296692477494
113, 21, -2.0000000000000004, 45, 0.14853135784714633
114, 14, -1.3, 47, 0.16017332147079388
115, 15, -1.4000000000000001, 46, 0.11176457311199284
116, 17, -1.6000000000000003, 48, 0.10132556942944215
117, 13, -1.2, 48, 0.1462960439248917
118, 21, -2.0000000000000004, 44, 0.13428515411021746
119, 12, -1.0999999999999999, 45, 0.1577799956607604
120, 14, -1.3, 47, 0.202904984146421
121, 12, -1.0999999999999999, 48, 0.20068723220218365
122, 20, -1.9000000000000006, 45, 0.1051516228458772
123, 12, -1.0999999999999999, 43, 0.14034203229266878
124, 15, -1.4000000000000001, 53, 0.24439304326444233
125, 21, -2.0000000000000004, 50, 0.12201337895697328
126, 15, -1.4000000000000001, 50, 0.09596288051653057
127, 36, -3.5000000000000018, 42, 0.17238646264060575
128, 36, -3.5000000000000018, 48, 0.10344712130684197
129, 36, -3.5000000000000018, 48, 0.1450532795119136
130, 16, -1.5000000000000002, 47, 0.10599083874954718
131, 12, -1.0999999999999999, 47, 0.12621477370413253
132, 18, -1.7000000000000004, 49, 0.12161589866568656
133, 14, -1.3, 51, 0.13240873302681266
134, 18, -1.7000000000000004, 47, 0.1185742750224898
135, 35, -3.4000000000000017, 52, 0.12115193037682426
136, 33, -3.2000000000000015, 55, 0.16819950962326813
137, 26, -2.500000000000001, 51, 0.12765792994303826
138, 16, -1.5000000000000002, 46, 0.14417153193815002
139, 11, -0.9999999999999999, 50, 0.1307213310080133
140, 14, -1.3, 54, 0.08722804713429261
141, 15, -1.4000000000000001, 51, 0.16140553507555355
142, 13, -1.2, 52, 0.14055265554819585
143, 15, -1.4000000000000001, 51, 0.13647494709409103
144, 11, -0.9999999999999999, 55, 0.14497582843772905
145, 36, -3.5000000000000018, 57, 0.1824232660957097
146, 14, -1.3, 55, 0.1437734451003022
147, 15, -1.4000000000000001, 55, 0.1735110156247981
148, 20, -1.9000000000000006, 53, 0.09911890933331902
149, 21, -2.0000000000000004, 57, 0.1264888330583347
150, 17, -1.6000000000000003, 53, 0.14081041967442104
151, 17, -1.6000000000000003, 54, 0.12936389018441596
152, 14, -1.3, 56, 0.15999982324197093
153, 16, -1.5000000000000002, 58, 0.15112249200695604
154, 12, -1.0999999999999999, 59, 0.1523000178414059
155, 14, -1.3, 56, 0.12496614215441637
156, 36, -3.5000000000000018, 53, 0.1634516471826053
157, 36, -3.5000000000000018, 59, 0.1591859806753494
158, 14, -1.3, 55, 0.1385843872971726
159, 14, -1.3, 58, 0.09830692895212068
160, 17, -1.6000000000000003, 56, 0.09669957610272073
161, 13, -1.2, 58, 0.10884630979986598
162, 22, -2.1000000000000005, 57, 0.20988408517483814
163, 36, -3.5000000000000018, 65, 0.10881937729817692
164, 14, -1.3, 58, 0.17090236064112851
165, 36, -3.5000000000000018, 62, 0.10126675064903923
166, 36, -3.5000000000000018, 59, 0.13653148793109549
167, 13, -1.2, 56, 0.16911866744396953
168, 26, -2.500000000000001, 61, 0.13394057306742058
169, 17, -1.6000000000000003, 66, 0.11140467450465108
170, 36, -3.5000000000000018, 60, 0.13999370499129304
171, 15, -1.4000000000000001, 61, 0.14458916030915425
172, 15, -1.4000000000000001, 65, 0.1917301938754299
173, 17, -1.6000000000000003, 63, 0.13569218614160006
174, 14, -1.3, 60, 0.1286054916608787
175, 12, -1.0999999999999999, 60, 0.12687877132370007
176, 16, -1.5000000000000002, 59, 0.16888936367271
177, 12, -1.0999999999999999, 62, 0.18445330626764134
178, 16, -1.5000000000000002, 65, 0.22953967880556947
179, 16, -1.5000000000000002, 68, 0.17566749484525224
180, 18, -1.7000000000000004, 67, 0.11230772953915646
181, 15, -1.4000000000000001, 67, 0.19198434413696835
182, 36, -3.5000000000000018, 63, 0.1336757789374703
183, 28, -2.700000000000001, 67, 0.1454046314684645
184, 13, -1.2, 64, 0.13229519817189916
185, 22, -2.1000000000000005, 63, 0.11410963132033214
186, 21, -2.0000000000000004, 63, 0.17569379256764217
187, 36, -3.5000000000000018, 69, 0.11802788618547833
188, 15, -1.4000000000000001, 65, 0.08157237070710743
189, 16, -1.5000000000000002, 63, 0.11581233490355425
190, 35, -3.4000000000000017, 67, 0.1991003967785685
191, 27, -2.600000000000001, 69, 0.21713445106460583
192, 31, -3.0000000000000013, 66, 0.11786964359945329
193, 22, -2.1000000000000005, 68, 0.08518904653068649
194, 36, -3.5000000000000018, 71, 0.1669695522906205
195, 17, -1.6000000000000003, 61, 0.11958314983596485
196, 19, -1.8000000000000005, 68, 0.16710815846505944
197, 25, -2.400000000000001, 64, 0.18292569657013502
198, 11, -0.9999999999999999, 68, 0.15185723557500447
199, 17, -1.6000000000000003, 67, 0.16835167434568854
200, 15, -1.4000000000000001, 70, 0.162249807580106
201, 16, -1.5000000000000002, 78, 0.1515596804867887
202, 13, -1.2, 74, 0.18263611490616816
203, 17, -1.6000000000000003, 73, 0.12643215972801658
204, 11, -0.9999999999999999, 73, 0.18351660472832226
205, 15, -1.4000000000000001, 70, 0.17292189202030583
206, 11, -0.9999999999999999, 66, 0.1039062440658326
207, 36, -3.5000000000000018, 67, 0.15531578760317277
208, 36, -3.5000000000000018, 81, 0.17443780447845336
209, 30, -2.9000000000000012, 76, 0.20201640123295272
210, 22, -2.1000000000000005, 79, 0.19136636977645194
211, 14, -1.3, 82, 0.13565584977321082
212, 22, -2.1000000000000005, 77, 0.051543380416838036
213, 36, -3.5000000000000018, 75, 0.13328848188227438
214, 15, -1.4000000000000001, 76, 0.21365346538569807
215, 17, -1.6000000000000003, 75, 0.09833158708450995
216, 19, -1.8000000000000005, 75, 0.18442189798285968
217, 15, -1.4000000000000001, 77, 0.14007315521196329
218, 13, -1.2, 78, 0.1284505937525836
219, 11, -0.9999999999999999, 77, 0.13587423922949043
220, 18, -1.7000000000000004, 75, 0.13574525456517894
221, 17, -1.6000000000000003, 85, 0.1534926578379664
222, 25, -2.400000000000001, 77, 0.12872763686902883
223, 18, -1.7000000000000004, 81, 0.06529114405689107
224, 15, -1.4000000000000001, 86, 0.09285933403015334
225, 25, -2.400000000000001, 77, 0.12287832320984693
226, 14, -1.3, 78, 0.15316642600141483
227, 12, -1.0999999999999999, 86, 0.1475453769084638
228, 26, -2.500000000000001, 73, 0.19574830748338873
229, 12, -1.0999999999999999, 87, 0.16181265810450585
230, 15, -1.4000000000000001, 81, 0.12225841222335265
231, 12, -1.0999999999999999, 75, 0.13500400119132816
232, 26, -2.500000000000001, 83, 0.09241091211677732
233, 11, -0.9999999999999999, 88, 0.14871490622990957
234, 17, -1.6000000000000003, 90, 0.1335281429095665
235, 36, -3.5000000000000018, 82, 0.1565770786018581
236, 11, -0.9999999999999999, 76, 0.12180110707444969
237, 13, -1.2, 86, 0.12758712176156806
238, 15, -1.4000000000000001, 84, 0.06687222594940079
239, 13, -1.2, 80, 0.13237624353058808
240, 12, -1.0999999999999999, 80, 0.1738980234217289
241, 11, -0.9999999999999999, 81, 0.14989902830299284
242, 17, -1.6000000000000003, 86, 0.0981702418755932
243, 19, -1.8000000000000005, 83, 0.0937716191261051
244, 11, -0.9999999999999999, 80, 0.0913957258301401
245, 36, -3.5000000000000018, 95, 0.11905613658955189
246, 36, -3.5000000000000018, 91, 0.22515537905776434
247, 15, -1.4000000000000001, 87, 0.14794777643672175
248, 19, -1.8000000000000005, 83, 0.15031620046540506
249, 16, -1.5000000000000002, 80, 0.1709563138032213
250, 18, -1.7000000000000004, 87, 0.09253668985859509
251, 11, -0.9999999999999999, 88, 0.16925838793542908
252, 14, -1.3, 87, 0.07667657455002042
253, 26, -2.500000000000001, 88, 0.14025447923976564
254, 36, -3.5000000000000018, 85, 0.16499432054613772
255, 14, -1.3, 89, 0.19027958624108265
256, 18, -1.7000000000000004, 88, 0.12482021687704048
257, 31, -3.0000000000000013, 98, 0.14519200564845208
258, 26, -2.500000000000001, 92, 0.19810768810270418
259, 19, -1.8000000000000005, 87, 0.16696185018965815
260, 36, -3.5000000000000018, 93, 0.19871386454846307
261, 21, -2.0000000000000004, 85, 0.20393346642499566
262, 15, -1.4000000000000001, 95, 0.16742675219641145
263, 17, -1.6000000000000003, 95, 0.15659635336833827
264, 15, -1.4000000000000001, 88, 0.1870594065232829
265, 13, -1.2, 92, 0.10186915788885653
266, 25, -2.400000000000001, 94, 0.1529271370953056
267, 13, -1.2, 96, 0.13210894936437523
268, 13, -1.2, 97, 0.1977591848095226
269, 28, -2.700000000000001, 94, 0.12992677856527035
270, 23, -2.2000000000000006, 93, 0.11785073257924972
271, 15, -1.4000000000000001, 95, 0.10264294558513032
272, 17, -1.6000000000000003, 89, 0.20098053652128067
273, 11, -0.9999999999999999, 95, 0.20417357940823572
274, 18, -1.7000000000000004, 100, 0.11380072677442588
275, 15, -1.4000000000000001, 90, 0.1809072019637279
276, 14, -1.3, 97, 0.15326304590234868
277, 13, -1.2, 91, 0.13480829395436034
278, 12, -1.0999999999999999, 101, 0.14406569528123064
279, 36, -3.5000000000000018, 95, 0.16317425663998475
280, 26, -2.500000000000001, 108, 0.18595553495663047
281, 11, -0.9999999999999999, 95, 0.17886143060043136
282, 21, -2.0000000000000004, 90, 0.16559228676571747
283, 18, -1.7000000000000004, 99, 0.1731145537531743
284, 14, -1.3, 97, 0.10827936955011963
285, 17, -1.6000000000000003, 108, 0.07324423248806533
286, 36, -3.5000000000000018, 95, 0.15255239966328882
287, 12, -1.0999999999999999, 98, 0.15789414469912266
288, 20, -1.9000000000000006, 106, 0.17312802473917643
289, 14, -1.3, 103, 0.1307550065631593
290, 21, -2.0000000000000004, 94, 0.10541598100606064
291, 29, -2.800000000000001, 93, 0.18723604865164556
292, 36, -3.5000000000000018, 98, 0.17378060303432707
293, 18, -1.7000000000000004, 103, 0.14141601755005517
294, 14, -1.3, 102, 0.16994835952102605
295, 28, -2.700000000000001, 102, 0.15109648674716247
296, 21, -2.0000000000000004, 101, 0.12312705397429613
297, 17, -1.6000000000000003, 105, 0.11269843545424957
298, 11, -0.9999999999999999, 103, 0.12390138490053948
299, 20, -1.9000000000000006, 105, 0.13036667377700534
300, 36, -3.5000000000000018, 103, 0.15813234373059426
301, 36, -3.5000000000000018, 100, 0.15475847671331922
302, 11, -0.9999999999999999, 104, 0.12429145739740577
303, 13, -1.2, 106, 0.09723519731318175
304, 28, -2.700000000000001, 108, 0.12413123600953035
305, 23, -2.2000000000000006, 103, 0.15667080696981905
306, 15, -1.4000000000000001, 104, 0.17899210070270422
307, 16, -1.5000000000000002, 101, 0.10845799865733907
308, 13, -1.2, 108, 0.1131775673229306
309, 19, -1.8000000000000005, 103, 0.14350622828472615
310, 15, -1.4000000000000001, 106, 0.11788176828678809
311, 33, -3.2000000000000015, 104, 0.08828147203093006
312, 28, -2.700000000000001, 103, 0.1324249437788816
313, 15, -1.4000000000000001, 109, 0.1353419827768183
314, 18, -1.7000000000000004, 110, 0.06475550702515903
315, 13, -1.2, 102, 0.09512726818151984
316, 11, -0.9999999999999999, 106, 0.08317569124106461
317, 15, -1.4000000000000001, 116, 0.21658806003266717
318, 19, -1.8000000000000005, 107, 0.21193820745270064
319, 16, -1.5000000000000002, 110, 0.0989557701072169
320, 12, -1.0999999999999999, 110, 0.15311662265488146
321, 15, -1.4000000000000001, 115, 0.07389905319729784
322, 13, -1.2, 111, 0.20028771132867973
323, 13, -1.2, 109, 0.08244324463298758
324, 12, -1.0999999999999999, 114, 0.15573766434086367
325, 16, -1.5000000000000002, 110, 0.129972900581516
326, 13, -1.2, 112, 0.1026233879331031
327, 16, -1.5000000000000002, 105, 0.13006203269298922
328, 20, -1.9000000000000006, 107, 0.18177406203127844
329, 16, -1.5000000000000002, 114, 0.1373057173024001
330, 18, -1.7000000000000004, 113, 0.09538944445055664
331, 14, -1.3, 118, 0.1545277298596487
332, 11, -0.9999999999999999, 111, 0.20442842144365225
333, 17, -1.6000000000000003, 116, 0.12465456157269705
334, 16, -1.5000000000000002, 116, 0.13162478401269206
335, 25, -2.400000000000001, 124, 0.15161630801595283
336, 36, -3.5000000000000018, 115, 0.13169071353492623
337, 20, -1.9000000000000006, 116, 0.05148024396787526
338, 17, -1.6000000000000003, 114, 0.17875863407304216
339, 14, -1.3, 110, 0.11043429401041516
340, 19, -1.8000000000000005, 113, 0.1252800293743278
341, 15, -1.4000000000000001, 109, 0.11217402216921957
342, 13, -1.2, 113, 0.211368754826617
343, 36, -3.5000000000000018, 123, 0.133302240880643
344, 16, -1.5000000000000002, 117, 0.16307709138814552
345, 15, -1.4000000000000001, 111, 0.1393628429352861
346, 13, -1.2, 118, 0.2080276699888095
347, 13, -1.2, 114, 0.17250338733372017
348, 33, -3.2000000000000015, 121, 0.14200688249779003
349, 14, -1.3, 112, 0.10325597289277705
350, 14, -1.3, 116, 0.12009969395349943
351, 14, -1.3, 120, 0.15323977783386256
352, 22, -2.1000000000000005, 122, 0.13079025810852662
353, 16, -1.5000000000000002, 118, 0.18386751396084045
354, 11, -0.9999999999999999, 114, 0.13328380550487245
355, 36, -3.5000000000000018, 122, 0.12053064233605226
356, 29, -2.800000000000001, 127, 0.14922636378214837
357, 11, -0.9999999999999999, 117, 0.1370191425995987
358, 11, -0.9999999999999999, 120, 0.1605044410657921
359, 13, -1.2, 112, 0.16672028959113117
360, 24, -2.3000000000000007, 120, 0.1127011746434648
361, 17, -1.6000000000000003, 126, 0.149113670913895
362, 22, -2.1000000000000005, 125, 0.19421174468531155
363, 13, -1.2, 120, 0.09395624363344357
364, 14, -1.3, 119, 0.13029813026964732
365, 32, -3.1000000000000014, 127, 0.15734880941380225
366, 11, -0.9999999999999999, 115, 0.18158641429980377
367, 16, -1.5000000000000002, 121, 0.16064303756315224
368, 36, -3.5000000000000018, 120, 0.1998791625447689
369, 36, -3.5000000000000018, 128, 0.14007880171834436
370, 17, -1.6000000000000003, 123, 0.14255661664958458
371, 17, -1.6000000000000003, 120, 0.17356660619275033
372, 14, -1.3, 122, 0.05814741430090753
373, 36, -3.5000000000000018, 124, 0.09083414330956152
374, 14, -1.3, 125, 0.1862914397627302
375, 13, -1.2, 125, 0.11841361479232093
376, 36, -3.5000000000000018, 126, 0.10864539345908009
377, 36, -3.5000000000000018, 139, 0.1407872690053913
378, 12, -1.0999999999999999, 130, 0.1485457769318992
379, 25, -2.400000000000001, 120, 0.10774763286832167
380, 36, -3.5000000000000018, 131, 0.18459415643865018
381, 11, -0.9999999999999999, 135, 0.0957745397676582
382, 36, -3.5000000000000018, 131, 0.1947527058334969
383, 36, -3.5000000000000018, 126, 0.208061301492926
384, 12, -1.0999999999999999, 130, 0.16389278807166674
385, 16, -1.5000000000000002, 130, 0.13097769294927544
386, 36, -3.5000000000000018, 122, 0.10486504855714107
387, 12, -1.0999999999999999, 127, 0.19197725186814468
388, 36, -3.5000000000000018, 128, 0.1384163545182674
389, 15, -1.4000000000000001, 132, 0.17661614019830685
390, 19, -1.8000000000000005, 125, 0.11937775719448607
391, 17, -1.6000000000000003, 130, 0.10813764975321549
392, 13, -1.2, 139, 0.1720668818036808
393, 13, -1.2, 133, 0.10750817417017888
394, 13, -1.2, 131, 0.10532878763647502
395, 21, -2.0000000000000004, 128, 0.18079150903621877
396, 12, -1.0999999999999999, 133, 0.18697401124602586
397, 18, -1.7000000000000004, 130, 0.21882165909115736
398, 15, -1.4000000000000001, 127, 0.09142505479194885
399, 15, -1.4000000000000001, 130, 0.16339369249529345
400, 36, -3.5000000000000018, 138, 0.09504854889895625
401, 19, -1.8000000000000005, 137, 0.15079954811879653
402, 12, -1.0999999999999999, 135, 0.12114927127131958
403, 17, -1.6000000000000003, 137, 0.09517838918144528
404, 19, -1.8000000000000005, 129, 0.13135368858168828
405, 32, -3.1000000000000014, 136, 0.1789680196341324
406, 27, -2.600000000000001, 128, 0.17726399438324725
407, 14, -1.3, 140, 0.11535080004775966
408, 11, -0.9999999999999999, 130, 0.1814041293854325
409, 15, -1.4000000000000001, 139, 0.1267571170767876
410, 19, -1.8000000000000005, 134, 0.15745689705796195
411, 22, -2.1000000000000005, 144, 0.17582054746724435
412, 36, -3.5000000000000018, 140, 0.15049664366073323
413, 22, -2.1000000000000005, 135, 0.21335363079366665
414, 17, -1.6000000000000003, 137, 0.1731723042833635
415, 21, -2.0000000000000004, 140, 0.11080722189191472
416, 36, -3.5000000000000018, 147, 0.16818932107058515
417, 26, -2.500000000000001, 136, 0.10577892532937117
418, 11, -0.9999999999999999, 135, 0.1846840612810302
419, 13, -1.2, 143, 0.12641150966775205
420, 15, -1.4000000000000001, 139, 0.16820171815802765
421, 36, -3.5000000000000018, 141, 0.13508218211941808
422, 17, -1.6000000000000003, 141, 0.18500705918155966
423, 11, -0.9999999999999999, 143, 0.19781755262458456
424, 36, -3.5000000000000018, 133, 0.186191547433457
425, 36, -3.5000000000000018, 137, 0.11511561811968396
426, 12, -1.0999999999999999, 134, 0.11682023439304934
427, 11, -0.9999999999999999, 141, 0.058168718466159786
428, 18, -1.7000000000000004, 145, 0.09473100720013311
429, 13, -1.2, 143, 0.1551132907581918
430, 36, -3.5000000000000018, 143, 0.17134946079139812
431, 16, -1.5000000000000002, 141, 0.11191023021107349
432, 12, -1.0999999999999999, 146, 0.17881360165767202
433, 11, -0.9999999999999999, 144, 0.13563743358215352
434, 13, -1.2, 147, 0.11227191505480483
435, 22, -2.1000000000000005, 137, 0.1438666589428964
436, 12, -1.0999999999999999, 150, 0.15131930692490614
437, 17, -1.6000000000000003, 149, 0.14894897005745256
438, 13, -1.2, 145, 0.09747496336954375
439, 13, -1.2, 154, 0.09173121777734916
440, 23, -2.2000000000000006, 139, 0.18731443376342038
441, 13, -1.2, 148, 0.12798919251454877
442, 20, -1.9000000000000006, 153, 0.10608486001388207
443, 18, -1.7000000000000004, 156, 0.18752984301817222
444, 15, -1.4000000000000001, 143, 0.10986062773254379
445, 28, -2.700000000000001, 156, 0.18872721291439304
446, 36, -3.5000000000000018, 145, 0.11097973060213773
447, 21, -2.0000000000000004, 144, 0.12810773121842361
448, 17, -1.6000000000000003, 150, 0.13825964872894514
449, 27, -2.600000000000001, 153, 0.07326340375307983
450, 15, -1.4000000000000001, 144, 0.18048246140897706
451, 20, -1.9000000000000006, 148, 0.12645215465265214
452, 36, -3.5000000000000018, 152, 0.09334458532389656
453, 14, -1.3, 151, 0.14974986298912918
454, 13, -1.2, 150, 0.11645901298696426
455, 36, -3.5000000000000018, 156, 0.14438816329915616
456, 19, -1.8000000000000005, 157, 0.1466693034051152
457, 14, -1.3, 159, 0.18420266355717685
458, 20, -1.9000000000000006, 150, 0.19684603306032122
459, 18, -1.7000000000000004, 158, 0.1765501472503872
460, 30, -2.9000000000000012, 146, 0.128565448911506
461, 15, -1.4000000000000001, 155, 0.1296384595947231
462, 14, -1.3, 158, 0.21526912060814807
463, 32, -3.1000000000000014, 159, 0.12729053999825934
464, 15, -1.4000000000000001, 148, 0.12230141211418077
465, 14, -1.3, 155, 0.1296711909411823
466, 16, -1.5000000000000002, 152, 0.1544130068259617
467, 15, -1.4000000000000001, 146, 0.08780982384051617
468, 15, -1.4000000000000001, 154, 0.11383236184419754
469, 20, -1.9000000000000006, 161, 0.1534945279915596
470, 12, -1.0999999999999999, 150, 0.12125743721010629
471, 26, -2.500000000000001, 148, 0.14492596445786982
472, 13, -1.2, 158, 0.167064145345446
473, 27, -2.600000000000001, 153, 0.1460685915400477
474, 36, -3.5000000000000018, 157, 0.19193713108949018
475, 13, -1.2, 166, 0.16708879902256912
476, 27, -2.600000000000001, 157, 0.2063241986224157
477, 15, -1.4000000000000001, 161, 0.1510084351018935
478, 12, -1.0999999999999999, 165, 0.14561260447435764
479, 13, -1.2, 155, 0.15981440320059914
480, 36, -3.5000000000000018, 161, 0.1481579543942934
481, 24, -2.3000000000000007, 159, 0.12485641971773048
482, 17, -1.6000000000000003, 169, 0.08872935153010553
483, 36, -3.5000000000000018, 167, 0.15455256450878574
484, 36, -3.5000000000000018, 158, 0.16709597177082475
485, 34, -3.3000000000000016, 159, 0.13943388162812675
486, 14, -1.3, 162, 0.16358353852303864
487, 24, -2.3000000000000007, 166, 0.18268467656374765
488, 16, -1.5000000000000002, 172, 0.1556404916594989
489, 11, -0.9999999999999999, 160, 0.12599808115888766
490, 25, -2.400000000000001, 164, 0.16057332604728386
491, 18, -1.7000000000000004, 155, 0.14541137062710208
492, 19, -1.8000000000000005, 166, 0.15374273246630488
493, 19, -1.8000000000000005, 156, 0.11667039004154672
494, 20, -1.9000000000000006, 167, 0.10343519246059474
495, 15, -1.4000000000000001, 163, 0.1408079280887372
496, 20, -1.9000000000000006, 162, 0.13159798681860532
497, 14, -1.3, 162, 0.24668065712465137
498, 26, -2.500000000000001, 169, 0.17600145660714078
499, 13, -1.2, 162, 0.04498341952765128
500, 16, -1.5000000000000002, 170, 0.12311666591483461
