Episode, Steps, Reward, Time (in milliseconds), Convergence
1, 36, -3.5000000000000018, 6, 0.014990719773779373
2, 36, -3.5000000000000018, 12, 0.01782238552733309
3, 36, -3.5000000000000018, 11, 0.012797142718306828
4, 36, -3.5000000000000018, 12, 0.015853173366704137
5, 36, -3.5000000000000018, 10, 0.013466912907727835
6, 36, -3.5000000000000018, 7, 0.012582215852489947
7, 36, -3.5000000000000018, 9, 0.015895750510098436
8, 33, -3.2000000000000015, 14, 0.016684189755029583
9, 36, -3.5000000000000018, 9, 0.015079384183761015
10, 36, -3.5000000000000018, 15, 0.015604448421741274
11, 36, -3.5000000000000018, 15, 0.01611724131384748
12, 36, -3.5000000000000018, 21, 0.01134465683752972
13, 36, -3.5000000000000018, 33, 0.016608730574962066
14, 36, -3.5000000000000018, 22, 0.015973286050198515
15, 36, -3.5000000000000018, 24, 0.010044948253163377
16, 29, -2.800000000000001, 27, 0.019061126567421427
17, 36, -3.5000000000000018, 20, 0.015664154193986812
18, 26, -2.500000000000001, 31, 0.01360874740155571
19, 36, -3.5000000000000018, 24, 0.018315723596838723
20, 36, -3.5000000000000018, 30, 0.014955513543022991
21, 36, -3.5000000000000018, 26, 0.016016327988625234
22, 28, -2.700000000000001, 28, 0.017514153190685666
23, 23, -2.2000000000000006, 28, 0.018993933795021067
24, 15, -1.4000000000000001, 34, 0.01714707274364735
25, 12, -1.0999999999999999, 34, 0.02075261928573008
26, 20, -1.9000000000000006, 26, 0.015519453303328934
27, 18, -1.7000000000000004, 33, 0.014415793307757108
28, 18, -1.7000000000000004, 41, 0.021175692094732634
29, 36, -3.5000000000000018, 29, 0.016111076631593668
30, 36, -3.5000000000000018, 31, 0.016679581656281472
31, 36, -3.5000000000000018, 35, 0.018659085440340728
32, 30, -2.9000000000000012, 29, 0.01668016379922227
33, 21, -2.0000000000000004, 38, 0.020974721150834374
34, 16, -1.5000000000000002, 37, 0.014244019361790095
35, 16, -1.5000000000000002, 44, 0.01654121175343476
36, 28, -2.700000000000001, 38, 0.01859980116393717
37, 19, -1.8000000000000005, 40, 0.019100007523013995
38, 17, -1.6000000000000003, 39, 0.014901806002725948
39, 13, -1.2, 44, 0.017192372042013182
40, 19, -1.8000000000000005, 51, 0.01804819211629527
41, 23, -2.2000000000000006, 45, 0.020565501987915735
42, 16, -1.5000000000000002, 46, 0.019081401525953834
43, 16, -1.5000000000000002, 47, 0.025245206032867284
44, 17, -1.6000000000000003, 46, 0.022535808647578537
45, 36, -3.5000000000000018, 41, 0.019825813912800916
46, 18, -1.7000000000000004, 51, 0.021144526486581605
47, 26, -2.500000000000001, 42, 0.020143300274301057
48, 11, -0.9999999999999999, 45, 0.017575541327491007
49, 12, -1.0999999999999999, 53, 0.025033419193247253
50, 25, -2.400000000000001, 47, 0.022628184034792165
51, 16, -1.5000000000000002, 52, 0.02714224020382544
52, 13, -1.2, 63, 0.027443535165690258
53, 15, -1.4000000000000001, 51, 0.019699716497568853
54, 11, -0.9999999999999999, 57, 0.022509619508558565
55, 11, -0.9999999999999999, 58, 0.023756920224676847
56, 12, -1.0999999999999999, 58, 0.025221833276314942
57, 13, -1.2, 59, 0.02345893394475579
58, 20, -1.9000000000000006, 61, 0.01956320352863694
59, 16, -1.5000000000000002, 60, 0.02280821083062945
60, 15, -1.4000000000000001, 57, 0.018528424797702336
61, 19, -1.8000000000000005, 63, 0.028353251339381602
62, 14, -1.3, 71, 0.02471765379041102
63, 14, -1.3, 60, 0.020228540498105074
64, 19, -1.8000000000000005, 61, 0.022739056771499233
65, 11, -0.9999999999999999, 59, 0.021593193853553627
66, 19, -1.8000000000000005, 57, 0.023288957442100078
67, 13, -1.2, 61, 0.024928274061631506
68, 11, -0.9999999999999999, 57, 0.012210871759804398
69, 13, -1.2, 69, 0.024754515572198543
70, 13, -1.2, 57, 0.022969857978738628
71, 13, -1.2, 71, 0.024333002570848777
72, 23, -2.2000000000000006, 66, 0.023368275120235205
73, 19, -1.8000000000000005, 82, 0.025047055025976872
74, 13, -1.2, 77, 0.024620977081364126
75, 16, -1.5000000000000002, 72, 0.023989051665225802
76, 22, -2.1000000000000005, 74, 0.03333030184496444
77, 19, -1.8000000000000005, 71, 0.020398841273686852
78, 11, -0.9999999999999999, 85, 0.022258013087974482
79, 13, -1.2, 70, 0.01647086625914318
80, 13, -1.2, 73, 0.026022495849820193
81, 12, -1.0999999999999999, 86, 0.03415381612485846
82, 13, -1.2, 73, 0.02965638612052246
83, 13, -1.2, 73, 0.022819019402344765
84, 15, -1.4000000000000001, 74, 0.02201038298667607
85, 14, -1.3, 78, 0.026616906868768386
86, 15, -1.4000000000000001, 80, 0.02830361160475614
87, 14, -1.3, 96, 0.02861115746697196
88, 14, -1.3, 87, 0.02403785790843771
89, 15, -1.4000000000000001, 90, 0.024520332751445495
90, 12, -1.0999999999999999, 88, 0.026231503335702566
91, 12, -1.0999999999999999, 83, 0.024397956096934292
92, 16, -1.5000000000000002, 88, 0.02803063257477495
93, 13, -1.2, 87, 0.025465463037225744
94, 11, -0.9999999999999999, 86, 0.020370072660962024
95, 16, -1.5000000000000002, 80, 0.02563423846558388
96, 20, -1.9000000000000006, 84, 0.018624827574736935
97, 13, -1.2, 83, 0.022396825385841312
98, 14, -1.3, 87, 0.02203466116213637
99, 11, -0.9999999999999999, 85, 0.02615105535313411
100, 18, -1.7000000000000004, 92, 0.02651283414135397
101, 13, -1.2, 88, 0.03031973291241269
102, 19, -1.8000000000000005, 91, 0.018141302967493944
103, 14, -1.3, 104, 0.022781445531814604
104, 14, -1.3, 82, 0.031350597080791465
105, 12, -1.0999999999999999, 100, 0.02220774479602783
106, 11, -0.9999999999999999, 91, 0.02686945946597935
107, 15, -1.4000000000000001, 94, 0.027448048040235706
108, 15, -1.4000000000000001, 95, 0.028726515418636023
109, 14, -1.3, 103, 0.028263887818050448
110, 18, -1.7000000000000004, 107, 0.02592076830673956
111, 13, -1.2, 93, 0.028421015036251274
112, 13, -1.2, 102, 0.029335191342509392
113, 12, -1.0999999999999999, 95, 0.02776857126896154
114, 12, -1.0999999999999999, 99, 0.02491608645546839
115, 12, -1.0999999999999999, 102, 0.02638558326977336
116, 18, -1.7000000000000004, 88, 0.027478751110220356
117, 16, -1.5000000000000002, 97, 0.02484281417771378
118, 18, -1.7000000000000004, 104, 0.02675485096673924
119, 13, -1.2, 104, 0.024601525903750032
120, 17, -1.6000000000000003, 96, 0.027821732105563268
121, 15, -1.4000000000000001, 112, 0.017254332647470116
122, 13, -1.2, 108, 0.019577593146190342
123, 13, -1.2, 121, 0.02833999936479048
124, 14, -1.3, 110, 0.03146589090637475
125, 17, -1.6000000000000003, 106, 0.029552855999740224
126, 11, -0.9999999999999999, 101, 0.02588799956538068
127, 15, -1.4000000000000001, 127, 0.03376329562518432
128, 13, -1.2, 113, 0.026933176459666586
129, 16, -1.5000000000000002, 106, 0.02440002045539469
130, 15, -1.4000000000000001, 109, 0.023176108016633723
131, 16, -1.5000000000000002, 103, 0.02270165055408252
132, 32, -3.1000000000000014, 116, 0.023533376832072073
133, 19, -1.8000000000000005, 133, 0.02684115923569752
134, 17, -1.6000000000000003, 111, 0.027420129202088805
135, 13, -1.2, 108, 0.02417202415324282
136, 11, -0.9999999999999999, 114, 0.020854735603518137
137, 14, -1.3, 125, 0.02547153905906374
138, 20, -1.9000000000000006, 101, 0.025083571258143422
139, 13, -1.2, 116, 0.01914398600623879
140, 13, -1.2, 109, 0.027335337160451778
141, 13, -1.2, 135, 0.024708084247565765
142, 11, -0.9999999999999999, 131, 0.03269234793181197
143, 12, -1.0999999999999999, 130, 0.02864408600564705
144, 14, -1.3, 128, 0.029913409144995184
145, 14, -1.3, 122, 0.028337633748496183
146, 13, -1.2, 141, 0.027994159179922984
147, 18, -1.7000000000000004, 115, 0.023869979647385575
148, 12, -1.0999999999999999, 122, 0.029410416949022355
149, 13, -1.2, 139, 0.025495202573443176
150, 23, -2.2000000000000006, 118, 0.026272646466125926
151, 15, -1.4000000000000001, 144, 0.029464544384563418
152, 11, -0.9999999999999999, 137, 0.025858083557193656
153, 32, -3.1000000000000014, 129, 0.025606794294968593
154, 18, -1.7000000000000004, 147, 0.025762250875068116
155, 12, -1.0999999999999999, 136, 0.02147285083868733
156, 22, -2.1000000000000005, 131, 0.025494640156078607
157, 19, -1.8000000000000005, 135, 0.01909306244273634
158, 13, -1.2, 128, 0.028678969893166983
159, 14, -1.3, 130, 0.02826570879990742
160, 12, -1.0999999999999999, 128, 0.025930081437454122
161, 13, -1.2, 144, 0.023482397837280344
162, 18, -1.7000000000000004, 138, 0.032858698377561946
163, 15, -1.4000000000000001, 128, 0.02779771036320655
164, 17, -1.6000000000000003, 134, 0.027096839293632824
165, 12, -1.0999999999999999, 136, 0.027484935078211925
166, 11, -0.9999999999999999, 139, 0.026919798341445533
167, 26, -2.500000000000001, 143, 0.025777380626084367
168, 22, -2.1000000000000005, 148, 0.029499779841195617
169, 11, -0.9999999999999999, 148, 0.02667312152863821
170, 11, -0.9999999999999999, 138, 0.02217349295446358
171, 11, -0.9999999999999999, 146, 0.0260647890974266
172, 13, -1.2, 140, 0.022521487091258452
173, 13, -1.2, 145, 0.030015268790572147
174, 15, -1.4000000000000001, 151, 0.023351705060149386
175, 13, -1.2, 142, 0.021969160325867862
176, 19, -1.8000000000000005, 132, 0.0297948998743508
177, 14, -1.3, 145, 0.025631004064712193
178, 16, -1.5000000000000002, 149, 0.026692781844964986
179, 16, -1.5000000000000002, 144, 0.026782235846385838
180, 12, -1.0999999999999999, 150, 0.024952696313077505
181, 21, -2.0000000000000004, 147, 0.02382571748634188
182, 14, -1.3, 151, 0.02105105289556075
183, 11, -0.9999999999999999, 146, 0.024797064611141284
184, 15, -1.4000000000000001, 158, 0.02513150246602419
185, 12, -1.0999999999999999, 148, 0.02524974746660702
186, 17, -1.6000000000000003, 156, 0.02931544435576469
187, 11, -0.9999999999999999, 153, 0.026706618985007258
188, 13, -1.2, 159, 0.03202588609961077
189, 19, -1.8000000000000005, 157, 0.029326022271804197
190, 15, -1.4000000000000001, 150, 0.024925659264275812
191, 12, -1.0999999999999999, 167, 0.025672159380693782
192, 11, -0.9999999999999999, 160, 0.024571496891985456
193, 20, -1.9000000000000006, 154, 0.021263627455242684
194, 13, -1.2, 172, 0.026538061596935614
195, 21, -2.0000000000000004, 157, 0.021646117418191335
196, 15, -1.4000000000000001, 164, 0.028486952006339994
197, 11, -0.9999999999999999, 181, 0.022677341907878623
198, 21, -2.0000000000000004, 174, 0.02795135298798279
199, 14, -1.3, 171, 0.029302696531436023
200, 15, -1.4000000000000001, 165, 0.026395648016281026
201, 16, -1.5000000000000002, 163, 0.026333972784415238
202, 13, -1.2, 162, 0.02565709345898326
203, 11, -0.9999999999999999, 198, 0.030121567188427956
204, 19, -1.8000000000000005, 159, 0.02574544836225401
205, 19, -1.8000000000000005, 181, 0.02324635374304207
206, 18, -1.7000000000000004, 182, 0.02501440387656778
207, 12, -1.0999999999999999, 183, 0.029200150960962845
208, 16, -1.5000000000000002, 184, 0.015573578210857142
209, 18, -1.7000000000000004, 164, 0.02413870123334938
210, 11, -0.9999999999999999, 169, 0.0236644490457818
211, 17, -1.6000000000000003, 173, 0.030829224420290458
212, 11, -0.9999999999999999, 196, 0.025166902809193425
213, 13, -1.2, 156, 0.02430910257372948
214, 13, -1.2, 187, 0.02969551374144741
215, 17, -1.6000000000000003, 182, 0.019938785320892882
216, 15, -1.4000000000000001, 178, 0.027310124202615804
217, 14, -1.3, 178, 0.03399890724438703
218, 16, -1.5000000000000002, 156, 0.027747767991330163
219, 17, -1.6000000000000003, 186, 0.023075808017599064
220, 14, -1.3, 184, 0.026450402701263753
221, 13, -1.2, 188, 0.025498191561625805
222, 18, -1.7000000000000004, 177, 0.025017301994958496
223, 14, -1.3, 183, 0.031690116375807986
224, 17, -1.6000000000000003, 181, 0.017321856340484
225, 15, -1.4000000000000001, 192, 0.031658647475880874
226, 13, -1.2, 200, 0.025857403314665572
227, 18, -1.7000000000000004, 186, 0.0300799197508822
228, 21, -2.0000000000000004, 193, 0.024852467503429843
229, 11, -0.9999999999999999, 182, 0.023176577640622087
230, 12, -1.0999999999999999, 178, 0.02571140089043733
231, 13, -1.2, 186, 0.03312028215780993
232, 13, -1.2, 196, 0.02119604539639869
233, 19, -1.8000000000000005, 198, 0.027490784139048374
234, 18, -1.7000000000000004, 200, 0.029270459353324174
235, 16, -1.5000000000000002, 204, 0.030154558808136556
236, 12, -1.0999999999999999, 188, 0.02701512173570625
237, 21, -2.0000000000000004, 195, 0.024643314833058372
238, 18, -1.7000000000000004, 194, 0.021068984668298096
239, 19, -1.8000000000000005, 213, 0.032567992779895305
240, 12, -1.0999999999999999, 194, 0.02216018968811828
241, 12, -1.0999999999999999, 208, 0.02534573066773066
242, 13, -1.2, 189, 0.01989832339719977
243, 16, -1.5000000000000002, 208, 0.016264257805802096
244, 18, -1.7000000000000004, 196, 0.029181345983283702
245, 15, -1.4000000000000001, 211, 0.02510919777949927
246, 15, -1.4000000000000001, 188, 0.022160212787766143
247, 14, -1.3, 204, 0.024500126167082525
248, 13, -1.2, 217, 0.027182387864088275
249, 17, -1.6000000000000003, 184, 0.025530025912880172
250, 13, -1.2, 218, 0.027252099900589966
251, 19, -1.8000000000000005, 221, 0.029009594029589802
252, 12, -1.0999999999999999, 207, 0.024813927245813883
253, 11, -0.9999999999999999, 213, 0.026032837409794896
254, 13, -1.2, 201, 0.02497002811813681
255, 13, -1.2, 209, 0.029193452546565912
256, 13, -1.2, 211, 0.03384375182984667
257, 19, -1.8000000000000005, 227, 0.03220176304254774
258, 15, -1.4000000000000001, 225, 0.024579169147539937
259, 17, -1.6000000000000003, 229, 0.029028470314897303
260, 14, -1.3, 207, 0.02699571736452111
261, 11, -0.9999999999999999, 195, 0.024341019723810198
262, 16, -1.5000000000000002, 221, 0.023060032886361326
263, 11, -0.9999999999999999, 215, 0.026562885652507195
264, 13, -1.2, 233, 0.02627994250694876
265, 13, -1.2, 234, 0.028889615253259393
266, 17, -1.6000000000000003, 216, 0.02387239720041956
267, 22, -2.1000000000000005, 245, 0.02671411500462717
268, 17, -1.6000000000000003, 229, 0.032305584072220284
269, 12, -1.0999999999999999, 228, 0.03322396585417464
270, 11, -0.9999999999999999, 218, 0.02328853829699451
271, 21, -2.0000000000000004, 230, 0.024756323805312674
272, 15, -1.4000000000000001, 218, 0.029859713808293664
273, 16, -1.5000000000000002, 230, 0.023452896953877422
274, 14, -1.3, 217, 0.02689944356411411
275, 14, -1.3, 228, 0.02911548144649312
276, 20, -1.9000000000000006, 240, 0.02476881393157998
277, 12, -1.0999999999999999, 244, 0.017007218854242945
278, 18, -1.7000000000000004, 222, 0.030008671136181553
279, 12, -1.0999999999999999, 225, 0.02653902243293732
280, 16, -1.5000000000000002, 245, 0.025257543151601003
281, 18, -1.7000000000000004, 230, 0.02474137179238678
282, 12, -1.0999999999999999, 242, 0.02840305902087692
283, 11, -0.9999999999999999, 231, 0.02928709717216993
284, 15, -1.4000000000000001, 236, 0.02313035667540042
285, 16, -1.5000000000000002, 230, 0.021928275975223732
286, 17, -1.6000000000000003, 251, 0.02911350882091812
287, 19, -1.8000000000000005, 228, 0.025335222297139692
288, 12, -1.0999999999999999, 244, 0.02758466828480144
289, 19, -1.8000000000000005, 234, 0.023660681613922097
290, 19, -1.8000000000000005, 235, 0.02464468290697741
291, 12, -1.0999999999999999, 244, 0.025448860954030428
292, 15, -1.4000000000000001, 225, 0.024626737825206357
293, 13, -1.2, 239, 0.028523521802456653
294, 12, -1.0999999999999999, 245, 0.031147320655528277
295, 21, -2.0000000000000004, 248, 0.01966598545529552
296, 12, -1.0999999999999999, 243, 0.0230429333001807
297, 16, -1.5000000000000002, 254, 0.024695721521623026
298, 14, -1.3, 252, 0.030045052464875432
299, 14, -1.3, 244, 0.02175315269070266
300, 11, -0.9999999999999999, 250, 0.023642189324116325
301, 15, -1.4000000000000001, 263, 0.021951492057155964
302, 20, -1.9000000000000006, 232, 0.024173231468785028
303, 15, -1.4000000000000001, 242, 0.026773803226673998
304, 16, -1.5000000000000002, 233, 0.029196923249683704
305, 15, -1.4000000000000001, 237, 0.021819662976398813
306, 12, -1.0999999999999999, 245, 0.031243162512739953
307, 15, -1.4000000000000001, 247, 0.02747638373215966
308, 15, -1.4000000000000001, 239, 0.024465807992286592
309, 16, -1.5000000000000002, 267, 0.024870640784724674
310, 18, -1.7000000000000004, 259, 0.02393781039388343
311, 17, -1.6000000000000003, 250, 0.024688303607894535
312, 11, -0.9999999999999999, 247, 0.02528209215433863
313, 14, -1.3, 265, 0.024938756721179067
314, 19, -1.8000000000000005, 249, 0.023063664742374923
315, 15, -1.4000000000000001, 249, 0.023294377570751035
316, 11, -0.9999999999999999, 251, 0.024158513940376825
317, 14, -1.3, 256, 0.027889203980584698
318, 18, -1.7000000000000004, 235, 0.02649648315912967
319, 14, -1.3, 251, 0.026113396756723306
320, 17, -1.6000000000000003, 253, 0.027984863806187574
321, 12, -1.0999999999999999, 266, 0.02777163346938505
322, 14, -1.3, 282, 0.025984574321340048
323, 14, -1.3, 257, 0.027160113206073866
324, 14, -1.3, 258, 0.026801836383955835
325, 15, -1.4000000000000001, 273, 0.027820619695861026
326, 14, -1.3, 274, 0.027891618482931646
327, 15, -1.4000000000000001, 255, 0.030299827576740768
328, 17, -1.6000000000000003, 251, 0.0226562348668512
329, 21, -2.0000000000000004, 268, 0.025349592216110606
330, 20, -1.9000000000000006, 270, 0.02310311975027768
331, 18, -1.7000000000000004, 273, 0.030932932902058563
332, 11, -0.9999999999999999, 283, 0.03240146543920597
333, 22, -2.1000000000000005, 269, 0.026358745085554358
334, 15, -1.4000000000000001, 272, 0.028814277002847333
335, 16, -1.5000000000000002, 274, 0.023218517407386063
336, 16, -1.5000000000000002, 277, 0.023300703322472804
337, 12, -1.0999999999999999, 272, 0.02889226505092707
338, 18, -1.7000000000000004, 261, 0.02569566694397285
339, 12, -1.0999999999999999, 246, 0.025410691444751277
340, 14, -1.3, 278, 0.025505825100282098
341, 18, -1.7000000000000004, 288, 0.024997125096464123
342, 14, -1.3, 281, 0.026704415282335248
343, 14, -1.3, 293, 0.0273639711277186
344, 18, -1.7000000000000004, 275, 0.029531993237467857
345, 17, -1.6000000000000003, 278, 0.020104621621338747
346, 14, -1.3, 264, 0.02619060275293028
347, 18, -1.7000000000000004, 282, 0.02576512118605967
348, 17, -1.6000000000000003, 280, 0.02633270580858904
349, 16, -1.5000000000000002, 275, 0.013426687971767493
350, 15, -1.4000000000000001, 269, 0.025515258467242674
351, 17, -1.6000000000000003, 317, 0.024965032884800342
352, 14, -1.3, 280, 0.028336830032218208
353, 16, -1.5000000000000002, 273, 0.021821945836168588
354, 15, -1.4000000000000001, 292, 0.024847140981791194
355, 14, -1.3, 307, 0.026520469596324703
356, 13, -1.2, 286, 0.025924866400439894
357, 19, -1.8000000000000005, 306, 0.025991623637727113
358, 14, -1.3, 304, 0.03202462504104864
359, 15, -1.4000000000000001, 301, 0.028018016191960593
360, 13, -1.2, 317, 0.02233706344795272
361, 12, -1.0999999999999999, 303, 0.028059179154598768
362, 31, -3.0000000000000013, 296, 0.031131431252542308
363, 15, -1.4000000000000001, 286, 0.026444656141677236
364, 17, -1.6000000000000003, 293, 0.022712122713526295
365, 16, -1.5000000000000002, 300, 0.030215245003486713
366, 11, -0.9999999999999999, 294, 0.025462952609693723
367, 19, -1.8000000000000005, 292, 0.026087688145088883
368, 15, -1.4000000000000001, 308, 0.0229002234396396
369, 19, -1.8000000000000005, 294, 0.02795487047505496
370, 13, -1.2, 305, 0.025849835998748794
371, 17, -1.6000000000000003, 305, 0.025922759474781842
372, 11, -0.9999999999999999, 286, 0.0221128299376373
373, 15, -1.4000000000000001, 297, 0.025440640871541964
374, 11, -0.9999999999999999, 301, 0.02254701623099087
375, 23, -2.2000000000000006, 326, 0.029411785154507264
376, 14, -1.3, 299, 0.02988267321683502
377, 21, -2.0000000000000004, 286, 0.02080988104297271
378, 14, -1.3, 324, 0.02883122501281804
379, 14, -1.3, 286, 0.02151983690213899
380, 21, -2.0000000000000004, 293, 0.018838341315132068
381, 15, -1.4000000000000001, 301, 0.03123286760927302
382, 18, -1.7000000000000004, 292, 0.020455641019900828
383, 14, -1.3, 313, 0.03381646460428056
384, 19, -1.8000000000000005, 320, 0.01819787880015422
385, 14, -1.3, 313, 0.025766459022511623
386, 12, -1.0999999999999999, 295, 0.029237709164144254
387, 12, -1.0999999999999999, 323, 0.026844480800966797
388, 15, -1.4000000000000001, 294, 0.031452834166529775
389, 15, -1.4000000000000001, 320, 0.029493432441807688
390, 13, -1.2, 292, 0.026816987948528492
391, 13, -1.2, 299, 0.02955202733121065
392, 14, -1.3, 324, 0.023209038529270254
393, 14, -1.3, 314, 0.02494188424149929
394, 15, -1.4000000000000001, 314, 0.024324457786636278
395, 11, -0.9999999999999999, 327, 0.0266710237957688
396, 15, -1.4000000000000001, 315, 0.026301202894484565
397, 13, -1.2, 309, 0.019885560252663304
398, 14, -1.3, 325, 0.026229792486435644
399, 16, -1.5000000000000002, 325, 0.02439880788761528
400, 18, -1.7000000000000004, 315, 0.02675278599606068
401, 22, -2.1000000000000005, 331, 0.008121060578437977
402, 13, -1.2, 335, 0.027119960998150283
403, 18, -1.7000000000000004, 312, 0.026416760528701178
404, 15, -1.4000000000000001, 329, 0.028386098641606017
405, 16, -1.5000000000000002, 311, 0.027310004765927542
406, 15, -1.4000000000000001, 343, 0.027148151179149815
407, 19, -1.8000000000000005, 345, 0.021551387523143783
408, 15, -1.4000000000000001, 318, 0.02345960680982989
409, 13, -1.2, 322, 0.032837103761493514
410, 14, -1.3, 322, 0.027826048458506225
411, 14, -1.3, 351, 0.024167287979770913
412, 21, -2.0000000000000004, 329, 0.023025629929270097
413, 14, -1.3, 328, 0.019569060857916515
414, 13, -1.2, 334, 0.023093123275677696
415, 15, -1.4000000000000001, 335, 0.026741098268577623
416, 14, -1.3, 355, 0.026684806404787986
417, 11, -0.9999999999999999, 339, 0.025754235674946835
418, 18, -1.7000000000000004, 324, 0.020284422091724097
419, 11, -0.9999999999999999, 359, 0.027006040132401488
420, 20, -1.9000000000000006, 340, 0.03020574040349666
421, 12, -1.0999999999999999, 328, 0.024223388288528547
422, 14, -1.3, 334, 0.027598608048833295
423, 13, -1.2, 348, 0.02223111362920882
424, 13, -1.2, 332, 0.0228994415125503
425, 20, -1.9000000000000006, 349, 0.029328939968794376
426, 12, -1.0999999999999999, 337, 0.02785884196953281
427, 15, -1.4000000000000001, 331, 0.027031433813233252
428, 15, -1.4000000000000001, 345, 0.022752554318501872
429, 13, -1.2, 372, 0.030034306596015803
430, 20, -1.9000000000000006, 358, 0.029040925777228666
431, 12, -1.0999999999999999, 352, 0.02642055472968924
432, 16, -1.5000000000000002, 358, 0.023258652711545924
433, 14, -1.3, 364, 0.025558712532917083
434, 20, -1.9000000000000006, 357, 0.023557521515658264
435, 12, -1.0999999999999999, 413, 0.026386933846731075
436, 18, -1.7000000000000004, 345, 0.02916189941874714
437, 12, -1.0999999999999999, 358, 0.03154619345350429
438, 16, -1.5000000000000002, 346, 0.02469713534201734
439, 18, -1.7000000000000004, 364, 0.027012220489747496
440, 17, -1.6000000000000003, 357, 0.02544561064967321
441, 11, -0.9999999999999999, 407, 0.025396165879382537
442, 14, -1.3, 346, 0.025347773172068155
443, 17, -1.6000000000000003, 356, 0.02436367381491783
444, 11, -0.9999999999999999, 367, 0.022021653664054064
445, 16, -1.5000000000000002, 338, 0.026335810234830725
446, 16, -1.5000000000000002, 360, 0.026978955566118346
447, 17, -1.6000000000000003, 354, 0.021311583620955532
448, 19, -1.8000000000000005, 348, 0.028324211297343027
449, 17, -1.6000000000000003, 342, 0.024539947839009035
450, 13, -1.2, 358, 0.031249572522338065
451, 11, -0.9999999999999999, 352, 0.027035009848157876
452, 17, -1.6000000000000003, 348, 0.02961431207359888
453, 14, -1.3, 365, 0.029179788132587814
454, 19, -1.8000000000000005, 359, 0.02714137131625982
455, 15, -1.4000000000000001, 355, 0.025060221350139855
456, 24, -2.3000000000000007, 357, 0.026863199785723768
457, 22, -2.1000000000000005, 352, 0.02546533101837012
458, 25, -2.400000000000001, 375, 0.026684261780241303
459, 12, -1.0999999999999999, 359, 0.03520108815814593
460, 13, -1.2, 371, 0.02661787204035071
461, 15, -1.4000000000000001, 376, 0.019733135335411323
462, 14, -1.3, 365, 0.02977158069407393
463, 18, -1.7000000000000004, 365, 0.022628913923593896
464, 13, -1.2, 403, 0.02661026613929196
465, 13, -1.2, 350, 0.018262490070963366
466, 13, -1.2, 383, 0.029313458515200508
467, 11, -0.9999999999999999, 388, 0.028288588684856952
468, 13, -1.2, 402, 0.026094136346917485
469, 15, -1.4000000000000001, 406, 0.023073430144103346
470, 11, -0.9999999999999999, 378, 0.022677988055621823
471, 13, -1.2, 374, 0.02429479581543459
472, 14, -1.3, 350, 0.02074727672558907
473, 23, -2.2000000000000006, 382, 0.022607411505523478
474, 17, -1.6000000000000003, 385, 0.02803708987699438
475, 11, -0.9999999999999999, 366, 0.021962454007688592
476, 15, -1.4000000000000001, 384, 0.031036704440452978
477, 11, -0.9999999999999999, 393, 0.030671537978801844
478, 16, -1.5000000000000002, 381, 0.02594283264047592
479, 14, -1.3, 373, 0.030297592221328218
480, 16, -1.5000000000000002, 380, 0.02542877586862624
481, 14, -1.3, 388, 0.03176583180240933
482, 11, -0.9999999999999999, 379, 0.025390888431016057
483, 15, -1.4000000000000001, 372, 0.026675195170757282
484, 11, -0.9999999999999999, 395, 0.026394753757226774
485, 15, -1.4000000000000001, 371, 0.030047404372111508
486, 16, -1.5000000000000002, 370, 0.02682110363089807
487, 14, -1.3, 386, 0.018304532348952907
488, 17, -1.6000000000000003, 402, 0.023905864038010927
489, 16, -1.5000000000000002, 391, 0.02513284233370705
490, 13, -1.2, 391, 0.027934910297317317
491, 12, -1.0999999999999999, 359, 0.029977926060912763
492, 13, -1.2, 392, 0.02641153937605678
493, 13, -1.2, 388, 0.0329430722158668
494, 11, -0.9999999999999999, 376, 0.021717644442629025
495, 20, -1.9000000000000006, 380, 0.026538059380289303
496, 17, -1.6000000000000003, 394, 0.022500578821581185
497, 13, -1.2, 393, 0.02678332795099092
498, 13, -1.2, 389, 0.024524976039386415
499, 15, -1.4000000000000001, 383, 0.02686517189903581
500, 11, -0.9999999999999999, 381, 0.01949181129919797
