Episode, Steps, Reward, Time (in milliseconds), Convergence
1, 36, -3.5000000000000018, 0, 0.084
2, 36, -3.5000000000000018, 6, 0.0541437242545999
3, 36, -3.5000000000000018, 4, 0.06059263016518022
4, 36, -3.5000000000000018, 6, 0.0853080763397151
5, 36, -3.5000000000000018, 4, 0.04659472487336094
6, 14, -1.3, 10, 0.059394530626422345
7, 36, -3.5000000000000018, 13, 0.07753287708473783
8, 36, -3.5000000000000018, 15, 0.059227460581055345
9, 36, -3.5000000000000018, 11, 0.05236030535081815
10, 36, -3.5000000000000018, 11, 0.04116469916848922
11, 33, -3.2000000000000015, 19, 0.06316050627435385
12, 18, -1.7000000000000004, 16, 0.06000071184689515
13, 36, -3.5000000000000018, 16, 0.05094448193052173
14, 25, -2.400000000000001, 15, 0.05562780487031585
15, 20, -1.9000000000000006, 24, 0.0588610957270429
16, 36, -3.5000000000000018, 22, 0.07442167809356873
17, 36, -3.5000000000000018, 19, 0.06450992804211664
18, 36, -3.5000000000000018, 19, 0.032553988573271575
19, 16, -1.5000000000000002, 28, 0.0547780410727603
20, 12, -1.0999999999999999, 25, 0.058723213631717286
21, 36, -3.5000000000000018, 28, 0.07656383344484241
22, 35, -3.4000000000000017, 22, 0.05679786559973826
23, 16, -1.5000000000000002, 21, 0.057508581660396185
24, 14, -1.3, 31, 0.05431345458766196
25, 35, -3.4000000000000017, 27, 0.04905571289466992
26, 36, -3.5000000000000018, 26, 0.08380409096772184
27, 18, -1.7000000000000004, 30, 0.07292813891158612
28, 16, -1.5000000000000002, 32, 0.08977263978002414
29, 17, -1.6000000000000003, 35, 0.05279772791262838
30, 14, -1.3, 31, 0.07940279095966168
31, 13, -1.2, 27, 0.05566841738069128
32, 18, -1.7000000000000004, 37, 0.07576569847825143
33, 13, -1.2, 31, 0.061745843053160776
34, 17, -1.6000000000000003, 34, 0.07100455425107799
35, 17, -1.6000000000000003, 36, 0.08930063325843873
36, 12, -1.0999999999999999, 37, 0.0803335475084348
37, 31, -3.0000000000000013, 38, 0.08782289867354087
38, 15, -1.4000000000000001, 38, 0.08445901946830436
39, 12, -1.0999999999999999, 33, 0.06749979697195874
40, 15, -1.4000000000000001, 43, 0.0848309433192026
41, 13, -1.2, 41, 0.0697159331943683
42, 30, -2.9000000000000012, 50, 0.10206964621268111
43, 20, -1.9000000000000006, 40, 0.07236904347824091
44, 20, -1.9000000000000006, 38, 0.06098624564721766
45, 19, -1.8000000000000005, 41, 0.08239208868947667
46, 12, -1.0999999999999999, 42, 0.06821445526164549
47, 26, -2.500000000000001, 42, 0.0760270163817518
48, 13, -1.2, 46, 0.0935981966845737
49, 12, -1.0999999999999999, 47, 0.07132172879764709
50, 19, -1.8000000000000005, 49, 0.08294299904540581
51, 15, -1.4000000000000001, 46, 0.04755788325119348
52, 13, -1.2, 46, 0.09907189919678316
53, 36, -3.5000000000000018, 45, 0.07111989538964403
54, 12, -1.0999999999999999, 53, 0.10403660331213627
55, 12, -1.0999999999999999, 55, 0.1068496951282798
56, 13, -1.2, 46, 0.09687387829313199
57, 11, -0.9999999999999999, 52, 0.08946042003740082
58, 11, -0.9999999999999999, 52, 0.09596275609093574
59, 17, -1.6000000000000003, 58, 0.08328049834486662
60, 17, -1.6000000000000003, 56, 0.1178069907988914
61, 18, -1.7000000000000004, 53, 0.09412660895794467
62, 13, -1.2, 55, 0.06817019222057985
63, 11, -0.9999999999999999, 68, 0.12187264869454861
64, 12, -1.0999999999999999, 58, 0.06895198660024415
65, 14, -1.3, 62, 0.10236986578896268
66, 15, -1.4000000000000001, 58, 0.06947195086902602
67, 11, -0.9999999999999999, 56, 0.07394076961497764
68, 13, -1.2, 64, 0.08385202919323109
69, 29, -2.800000000000001, 73, 0.09618574512272703
70, 19, -1.8000000000000005, 55, 0.08677567328734703
71, 15, -1.4000000000000001, 64, 0.09028623033692229
72, 12, -1.0999999999999999, 77, 0.08490161321325984
73, 15, -1.4000000000000001, 67, 0.09573553010082825
74, 14, -1.3, 67, 0.09669649076580711
75, 14, -1.3, 67, 0.08533818862189568
76, 15, -1.4000000000000001, 65, 0.09831687585706383
77, 30, -2.9000000000000012, 73, 0.11130254604825751
78, 15, -1.4000000000000001, 56, 0.06515014691684462
79, 17, -1.6000000000000003, 72, 0.06384484681911073
80, 17, -1.6000000000000003, 66, 0.061998666288321125
81, 13, -1.2, 75, 0.07777211156667596
82, 11, -0.9999999999999999, 69, 0.08386816989432666
83, 19, -1.8000000000000005, 73, 0.10744400620952077
84, 19, -1.8000000000000005, 88, 0.07875172820390886
85, 15, -1.4000000000000001, 76, 0.07996120876441354
86, 14, -1.3, 78, 0.07524193573856933
87, 17, -1.6000000000000003, 85, 0.0800010442626975
88, 16, -1.5000000000000002, 78, 0.08985190647839514
89, 18, -1.7000000000000004, 91, 0.08371625332608135
90, 11, -0.9999999999999999, 86, 0.06652189846061629
91, 15, -1.4000000000000001, 75, 0.07785864842830059
92, 14, -1.3, 81, 0.060505200637060774
93, 20, -1.9000000000000006, 81, 0.08150083767921157
94, 35, -3.4000000000000017, 83, 0.08223940416424869
95, 11, -0.9999999999999999, 72, 0.08497593131366793
96, 14, -1.3, 89, 0.09021639950841343
97, 14, -1.3, 78, 0.08890796965973924
98, 18, -1.7000000000000004, 100, 0.10101777166986958
99, 31, -3.0000000000000013, 86, 0.13168667908908405
100, 15, -1.4000000000000001, 86, 0.07970308105603763
101, 13, -1.2, 101, 0.10293899312290633
102, 18, -1.7000000000000004, 90, 0.08917436093861941
103, 11, -0.9999999999999999, 109, 0.06751886481925407
104, 23, -2.2000000000000006, 93, 0.07815356560362702
105, 19, -1.8000000000000005, 105, 0.0745516053626708
106, 20, -1.9000000000000006, 111, 0.08326384254721886
107, 16, -1.5000000000000002, 110, 0.08446553349149266
108, 15, -1.4000000000000001, 110, 0.051771665601968664
109, 12, -1.0999999999999999, 99, 0.08052936964859048
110, 13, -1.2, 91, 0.07022124726611723
111, 11, -0.9999999999999999, 104, 0.08303454537146437
112, 23, -2.2000000000000006, 107, 0.07948541511645535
113, 17, -1.6000000000000003, 111, 0.07870149710701158
114, 16, -1.5000000000000002, 94, 0.08241164687503355
115, 17, -1.6000000000000003, 107, 0.06025548754998411
116, 22, -2.1000000000000005, 108, 0.11218308096171148
117, 17, -1.6000000000000003, 106, 0.09314542592204944
118, 15, -1.4000000000000001, 103, 0.08422716860598523
119, 18, -1.7000000000000004, 101, 0.08210473045775046
120, 18, -1.7000000000000004, 118, 0.07682047285246518
121, 21, -2.0000000000000004, 112, 0.0839787690131254
122, 11, -0.9999999999999999, 95, 0.10337244681545033
123, 21, -2.0000000000000004, 112, 0.08936673916635174
124, 13, -1.2, 108, 0.0626773533918582
125, 12, -1.0999999999999999, 124, 0.077485682519568
126, 15, -1.4000000000000001, 149, 0.10595454253937198
127, 14, -1.3, 131, 0.08755840985540096
128, 14, -1.3, 109, 0.09895124575725256
129, 16, -1.5000000000000002, 137, 0.1080218937880576
130, 18, -1.7000000000000004, 110, 0.08147296452519134
131, 11, -0.9999999999999999, 117, 0.06956063038508542
132, 13, -1.2, 126, 0.10454725169478318
133, 18, -1.7000000000000004, 121, 0.06788202607216576
134, 17, -1.6000000000000003, 119, 0.06452463864144753
135, 11, -0.9999999999999999, 123, 0.07981467184505708
136, 30, -2.9000000000000012, 137, 0.10944605572613764
137, 13, -1.2, 118, 0.07668421843762885
138, 14, -1.3, 108, 0.08123707812615089
139, 20, -1.9000000000000006, 117, 0.08047219608571465
140, 20, -1.9000000000000006, 130, 0.09130557557571994
141, 13, -1.2, 118, 0.09335040949786166
142, 15, -1.4000000000000001, 115, 0.08686231592729698
143, 22, -2.1000000000000005, 138, 0.0857695920881662
144, 22, -2.1000000000000005, 117, 0.0768959016579368
145, 24, -2.3000000000000007, 143, 0.06094676424520662
146, 14, -1.3, 133, 0.10049785570124281
147, 17, -1.6000000000000003, 123, 0.08297713883041224
148, 16, -1.5000000000000002, 119, 0.09536483184083588
149, 14, -1.3, 117, 0.0848041053024543
150, 36, -3.5000000000000018, 132, 0.09772172131407231
151, 17, -1.6000000000000003, 118, 0.06411424427851431
152, 11, -0.9999999999999999, 117, 0.048080119879152505
153, 13, -1.2, 123, 0.06688278691530947
154, 11, -0.9999999999999999, 122, 0.07521790436022535
155, 17, -1.6000000000000003, 124, 0.08192636803452158
156, 36, -3.5000000000000018, 126, 0.07851707459854862
157, 13, -1.2, 129, 0.08618878003546426
158, 21, -2.0000000000000004, 134, 0.06507976921053094
159, 15, -1.4000000000000001, 133, 0.07954510765202882
160, 13, -1.2, 128, 0.1028589456697111
161, 17, -1.6000000000000003, 132, 0.1129403382021198
162, 36, -3.5000000000000018, 156, 0.0809124389065572
163, 13, -1.2, 138, 0.10468329813424343
164, 16, -1.5000000000000002, 142, 0.07044166106616889
165, 20, -1.9000000000000006, 142, 0.11378406326216595
166, 16, -1.5000000000000002, 148, 0.0934523973886845
167, 19, -1.8000000000000005, 144, 0.07903355583765537
168, 13, -1.2, 151, 0.06593619170750109
169, 21, -2.0000000000000004, 145, 0.0865671185277736
170, 17, -1.6000000000000003, 144, 0.059143167524625895
171, 17, -1.6000000000000003, 135, 0.1045425994793156
172, 11, -0.9999999999999999, 141, 0.0737726319153108
173, 19, -1.8000000000000005, 159, 0.06788571314003344
174, 14, -1.3, 149, 0.11360910904115684
175, 21, -2.0000000000000004, 142, 0.09927648265133004
176, 24, -2.3000000000000007, 136, 0.09358993432323715
177, 16, -1.5000000000000002, 138, 0.07859852824713065
178, 13, -1.2, 140, 0.09713501171430405
179, 18, -1.7000000000000004, 149, 0.0962159432873716
180, 13, -1.2, 157, 0.09389077058309492
181, 17, -1.6000000000000003, 141, 0.04692423016381819
182, 18, -1.7000000000000004, 145, 0.07992989374530435
183, 18, -1.7000000000000004, 144, 0.09298954323173092
184, 14, -1.3, 155, 0.09970728598714407
185, 16, -1.5000000000000002, 159, 0.07064652872023414
186, 17, -1.6000000000000003, 158, 0.09574149057149339
187, 12, -1.0999999999999999, 164, 0.06764815378215494
188, 13, -1.2, 166, 0.10008590110356663
189, 13, -1.2, 161, 0.08190336484605565
190, 16, -1.5000000000000002, 163, 0.07887745993417272
191, 14, -1.3, 176, 0.10943354529745453
192, 13, -1.2, 163, 0.06394696866738125
193, 21, -2.0000000000000004, 166, 0.07453485715765962
194, 17, -1.6000000000000003, 160, 0.09585426082054849
195, 17, -1.6000000000000003, 163, 0.09231672547142988
196, 14, -1.3, 163, 0.08289942652370474
197, 13, -1.2, 158, 0.08033672230610223
198, 12, -1.0999999999999999, 165, 0.09497613681497308
199, 11, -0.9999999999999999, 156, 0.0920095399371319
200, 13, -1.2, 160, 0.07171684198984551
201, 13, -1.2, 198, 0.09266195657670528
202, 19, -1.8000000000000005, 169, 0.09357865829009115
203, 22, -2.1000000000000005, 150, 0.045273948822368126
204, 13, -1.2, 171, 0.11440441894840925
205, 19, -1.8000000000000005, 188, 0.09775082259472978
206, 13, -1.2, 174, 0.0919937700781901
207, 15, -1.4000000000000001, 166, 0.09138277794835126
208, 13, -1.2, 152, 0.09280298074205784
209, 12, -1.0999999999999999, 181, 0.08498735524263884
210, 12, -1.0999999999999999, 179, 0.07076499069842446
211, 12, -1.0999999999999999, 173, 0.08469021565315521
212, 24, -2.3000000000000007, 175, 0.10209813562634118
213, 11, -0.9999999999999999, 172, 0.0698152643789981
214, 12, -1.0999999999999999, 172, 0.06433792480542788
215, 24, -2.3000000000000007, 174, 0.07261892242948309
216, 11, -0.9999999999999999, 184, 0.0842931832929858
217, 16, -1.5000000000000002, 176, 0.07742808551585845
218, 16, -1.5000000000000002, 211, 0.1013180175027868
219, 15, -1.4000000000000001, 186, 0.08169459424145803
220, 15, -1.4000000000000001, 178, 0.07644383573942251
221, 17, -1.6000000000000003, 207, 0.09379283977967884
222, 15, -1.4000000000000001, 178, 0.09687917073865004
223, 34, -3.3000000000000016, 179, 0.07163936107757662
224, 17, -1.6000000000000003, 188, 0.09785259481668684
225, 17, -1.6000000000000003, 176, 0.10092005639686019
226, 14, -1.3, 198, 0.09850323784718545
227, 24, -2.3000000000000007, 190, 0.08212583551810959
228, 17, -1.6000000000000003, 178, 0.05879755394220065
229, 13, -1.2, 190, 0.09180784929119512
230, 11, -0.9999999999999999, 194, 0.07577868655568298
231, 13, -1.2, 192, 0.08302308957638505
232, 17, -1.6000000000000003, 182, 0.052755771254730854
233, 12, -1.0999999999999999, 190, 0.12112676270933542
234, 19, -1.8000000000000005, 193, 0.0700557164088157
235, 11, -0.9999999999999999, 210, 0.10034473703898428
236, 11, -0.9999999999999999, 191, 0.07598406827452164
237, 14, -1.3, 197, 0.08126561037762159
238, 14, -1.3, 189, 0.06550947771227478
239, 19, -1.8000000000000005, 185, 0.07537339250694708
240, 13, -1.2, 187, 0.08923646207994507
241, 12, -1.0999999999999999, 184, 0.06938429786143074
242, 13, -1.2, 201, 0.09336759299415343
243, 18, -1.7000000000000004, 201, 0.06636663417175981
244, 14, -1.3, 192, 0.07959904056061978
245, 12, -1.0999999999999999, 218, 0.08681709315208741
246, 19, -1.8000000000000005, 199, 0.11097003874687561
247, 11, -0.9999999999999999, 188, 0.07210424869855458
248, 16, -1.5000000000000002, 201, 0.08683014877730627
249, 11, -0.9999999999999999, 199, 0.08186772539351406
250, 33, -3.2000000000000015, 205, 0.07053882326315541
251, 13, -1.2, 192, 0.0725483491757275
252, 16, -1.5000000000000002, 198, 0.09995497111992369
253, 18, -1.7000000000000004, 204, 0.07874033897461497
254, 19, -1.8000000000000005, 190, 0.10258172362270102
255, 14, -1.3, 212, 0.05610993708102785
256, 15, -1.4000000000000001, 180, 0.07669998973346626
257, 19, -1.8000000000000005, 221, 0.1112444364806866
258, 12, -1.0999999999999999, 221, 0.08433856781501431
259, 15, -1.4000000000000001, 206, 0.08124055713097078
260, 14, -1.3, 212, 0.05047836625927604
261, 14, -1.3, 210, 0.07369592705524541
262, 25, -2.400000000000001, 210, 0.08299107010357265
263, 17, -1.6000000000000003, 200, 0.09541171096614942
264, 36, -3.5000000000000018, 214, 0.0786234524274021
265, 17, -1.6000000000000003, 226, 0.09042633617075535
266, 15, -1.4000000000000001, 212, 0.05717026806121983
267, 25, -2.400000000000001, 220, 0.08950501290379576
268, 16, -1.5000000000000002, 203, 0.08474567206354755
269, 13, -1.2, 223, 0.08780717342944244
270, 17, -1.6000000000000003, 215, 0.07883730106653686
271, 11, -0.9999999999999999, 219, 0.1029660699111653
272, 23, -2.2000000000000006, 225, 0.12323827414919653
273, 36, -3.5000000000000018, 213, 0.06236820541756716
274, 17, -1.6000000000000003, 213, 0.06704728265460758
275, 14, -1.3, 217, 0.09487863987787104
276, 21, -2.0000000000000004, 238, 0.07719230748714156
277, 13, -1.2, 239, 0.08637406533258019
278, 22, -2.1000000000000005, 226, 0.1008662012276279
279, 15, -1.4000000000000001, 225, 0.05382515791153064
280, 18, -1.7000000000000004, 228, 0.11022219452263426
281, 15, -1.4000000000000001, 224, 0.06787837669631958
282, 19, -1.8000000000000005, 222, 0.07221351102388651
283, 31, -3.0000000000000013, 240, 0.11665957447446451
284, 18, -1.7000000000000004, 237, 0.10268750093347634
285, 13, -1.2, 247, 0.10192228950380688
286, 19, -1.8000000000000005, 235, 0.08999710675716532
287, 14, -1.3, 234, 0.05766212480152555
288, 20, -1.9000000000000006, 242, 0.07262834972114351
289, 29, -2.800000000000001, 234, 0.06840454539479734
290, 13, -1.2, 236, 0.061467761296160495
291, 36, -3.5000000000000018, 238, 0.08766593271302914
292, 16, -1.5000000000000002, 235, 0.05165881954631457
293, 15, -1.4000000000000001, 247, 0.09429898114954516
294, 11, -0.9999999999999999, 244, 0.08858937368968778
295, 12, -1.0999999999999999, 254, 0.10948703955997086
296, 14, -1.3, 248, 0.09410091761144201
297, 19, -1.8000000000000005, 241, 0.08337372644788976
298, 11, -0.9999999999999999, 244, 0.08716913335944554
299, 16, -1.5000000000000002, 253, 0.07830273748614003
300, 15, -1.4000000000000001, 234, 0.08058359442063229
301, 13, -1.2, 243, 0.08538168130161727
302, 14, -1.3, 238, 0.0996742004667518
303, 16, -1.5000000000000002, 237, 0.1202668868295006
304, 14, -1.3, 247, 0.09662792673625809
305, 14, -1.3, 235, 0.08962788648165187
306, 15, -1.4000000000000001, 234, 0.09242828463746633
307, 14, -1.3, 256, 0.11572409719124888
308, 13, -1.2, 256, 0.03964419410409459
309, 18, -1.7000000000000004, 247, 0.07107174295072363
310, 29, -2.800000000000001, 234, 0.060196894580301974
311, 12, -1.0999999999999999, 240, 0.07537574501505073
312, 11, -0.9999999999999999, 252, 0.06754151441241463
313, 15, -1.4000000000000001, 252, 0.0804240689492387
314, 25, -2.400000000000001, 251, 0.08387398995378781
315, 18, -1.7000000000000004, 274, 0.08765077490377138
316, 15, -1.4000000000000001, 241, 0.07637522383058248
317, 12, -1.0999999999999999, 254, 0.055741168771267
318, 17, -1.6000000000000003, 251, 0.0819458463496272
319, 20, -1.9000000000000006, 260, 0.05148711910228046
320, 18, -1.7000000000000004, 257, 0.08062858006577472
321, 22, -2.1000000000000005, 264, 0.0802445515185426
322, 17, -1.6000000000000003, 268, 0.07206282226867433
323, 15, -1.4000000000000001, 272, 0.07397035441739636
324, 13, -1.2, 270, 0.10518044110539204
325, 15, -1.4000000000000001, 264, 0.08746531690193493
326, 17, -1.6000000000000003, 263, 0.11587336423869465
327, 11, -0.9999999999999999, 260, 0.09009018419767201
328, 23, -2.2000000000000006, 274, 0.09122317113783146
329, 14, -1.3, 289, 0.07479021857516199
330, 15, -1.4000000000000001, 262, 0.07622619867674829
331, 13, -1.2, 272, 0.08447881881625496
332, 14, -1.3, 268, 0.066519334649779
333, 17, -1.6000000000000003, 254, 0.08853581501458208
334, 15, -1.4000000000000001, 259, 0.10026818077855026
335, 14, -1.3, 266, 0.09597513008180422
336, 18, -1.7000000000000004, 264, 0.06660306359565815
337, 15, -1.4000000000000001, 274, 0.07076876664022902
338, 18, -1.7000000000000004, 267, 0.08972205733114696
339, 13, -1.2, 281, 0.07745602923186035
340, 14, -1.3, 271, 0.09134482223275153
341, 19, -1.8000000000000005, 274, 0.08586809438707882
342, 36, -3.5000000000000018, 282, 0.10973822949161993
343, 13, -1.2, 281, 0.07901962908375204
344, 36, -3.5000000000000018, 265, 0.06486563126148903
345, 11, -0.9999999999999999, 265, 0.08092658309159784
346, 11, -0.9999999999999999, 262, 0.07959163901963673
347, 27, -2.600000000000001, 274, 0.09353266511361458
348, 36, -3.5000000000000018, 285, 0.07931611198517752
349, 19, -1.8000000000000005, 285, 0.07675629383667137
350, 15, -1.4000000000000001, 272, 0.07398958686010171
351, 19, -1.8000000000000005, 269, 0.07666294134444862
352, 15, -1.4000000000000001, 294, 0.11588119726634605
353, 17, -1.6000000000000003, 290, 0.08125354944286478
354, 15, -1.4000000000000001, 285, 0.03059648948092411
355, 12, -1.0999999999999999, 265, 0.08091682874150585
356, 12, -1.0999999999999999, 291, 0.07860408337684999
357, 16, -1.5000000000000002, 291, 0.08518843493627248
358, 25, -2.400000000000001, 266, 0.10707375704833799
359, 11, -0.9999999999999999, 297, 0.080059056448605
360, 12, -1.0999999999999999, 300, 0.06493225968715788
361, 11, -0.9999999999999999, 288, 0.07599108595755888
362, 15, -1.4000000000000001, 277, 0.07189620493362725
363, 13, -1.2, 280, 0.06185798575103596
364, 17, -1.6000000000000003, 294, 0.10508656248811865
365, 23, -2.2000000000000006, 324, 0.08361939462636747
366, 20, -1.9000000000000006, 286, 0.08041872295409225
367, 23, -2.2000000000000006, 287, 0.08927255061897155
368, 14, -1.3, 276, 0.06599711302258593
369, 18, -1.7000000000000004, 296, 0.09725229616250264
370, 13, -1.2, 310, 0.09543624036882092
371, 16, -1.5000000000000002, 296, 0.10255334716526354
372, 14, -1.3, 298, 0.10263728705742226
373, 13, -1.2, 312, 0.07969071082401691
374, 16, -1.5000000000000002, 307, 0.07177483836977971
375, 14, -1.3, 294, 0.07431078386254719
376, 17, -1.6000000000000003, 309, 0.08685233564293693
377, 15, -1.4000000000000001, 302, 0.07441489954262936
378, 14, -1.3, 298, 0.08406053580201756
379, 20, -1.9000000000000006, 301, 0.10328685641716595
380, 15, -1.4000000000000001, 328, 0.06876966301823062
381, 17, -1.6000000000000003, 296, 0.06398469873683799
382, 18, -1.7000000000000004, 325, 0.0802138492051796
383, 12, -1.0999999999999999, 299, 0.07811169323319822
384, 15, -1.4000000000000001, 297, 0.09752940509886321
385, 14, -1.3, 313, 0.06135329401555034
386, 14, -1.3, 307, 0.1033908962283483
387, 27, -2.600000000000001, 320, 0.11493881970911102
388, 14, -1.3, 320, 0.07577950060599381
389, 13, -1.2, 325, 0.08903396131510033
390, 28, -2.700000000000001, 322, 0.07873636661799444
391, 22, -2.1000000000000005, 308, 0.0749400971174159
392, 11, -0.9999999999999999, 327, 0.08563740808316844
393, 14, -1.3, 328, 0.07906957569395034
394, 19, -1.8000000000000005, 319, 0.11924183135968014
395, 15, -1.4000000000000001, 316, 0.07040973240806347
396, 14, -1.3, 321, 0.10027825137960777
397, 11, -0.9999999999999999, 315, 0.09192611593475186
398, 12, -1.0999999999999999, 321, 0.06292060690843915
399, 12, -1.0999999999999999, 302, 0.06339775244422852
400, 17, -1.6000000000000003, 309, 0.06483602552228701
401, 12, -1.0999999999999999, 317, 0.052372330816459534
402, 17, -1.6000000000000003, 331, 0.0781286502347387
403, 25, -2.400000000000001, 321, 0.08819578328479527
404, 13, -1.2, 339, 0.07453919595672114
405, 16, -1.5000000000000002, 318, 0.07201170401382029
406, 13, -1.2, 288, 0.08615941374664943
407, 16, -1.5000000000000002, 330, 0.08162892566768898
408, 12, -1.0999999999999999, 320, 0.09529229208146828
409, 11, -0.9999999999999999, 326, 0.09615324339828185
410, 15, -1.4000000000000001, 318, 0.07016549995438415
411, 16, -1.5000000000000002, 318, 0.08572727457367235
412, 22, -2.1000000000000005, 327, 0.07812899125907702
413, 14, -1.3, 356, 0.09608819158061999
414, 13, -1.2, 349, 0.06638223215850325
415, 17, -1.6000000000000003, 318, 0.08582493168714689
416, 19, -1.8000000000000005, 342, 0.07847486046474883
417, 11, -0.9999999999999999, 356, 0.12371501928145445
418, 15, -1.4000000000000001, 338, 0.11630781232109527
419, 11, -0.9999999999999999, 350, 0.09912644872032583
420, 19, -1.8000000000000005, 338, 0.09835704496288578
421, 15, -1.4000000000000001, 331, 0.07078955863914616
422, 36, -3.5000000000000018, 331, 0.09255575224912982
423, 25, -2.400000000000001, 347, 0.060608823982083226
424, 23, -2.2000000000000006, 353, 0.09888745054592918
425, 13, -1.2, 365, 0.1267162977557706
426, 17, -1.6000000000000003, 354, 0.09746909964476469
427, 12, -1.0999999999999999, 328, 0.08795975561034641
428, 11, -0.9999999999999999, 338, 0.10984638377811196
429, 14, -1.3, 340, 0.080977461221857
430, 20, -1.9000000000000006, 333, 0.08601094915822982
431, 18, -1.7000000000000004, 338, 0.08486962834671352
432, 13, -1.2, 342, 0.05488284692424972
433, 14, -1.3, 360, 0.07453311144403707
434, 13, -1.2, 344, 0.08418161110036265
435, 14, -1.3, 350, 0.08246840209968587
436, 19, -1.8000000000000005, 343, 0.07204723583381994
437, 15, -1.4000000000000001, 316, 0.09889048313480209
438, 16, -1.5000000000000002, 358, 0.0985893468685819
439, 13, -1.2, 335, 0.08744423686860658
440, 14, -1.3, 377, 0.09575543902738115
441, 13, -1.2, 352, 0.07240689106670462
442, 22, -2.1000000000000005, 380, 0.0968232603065673
443, 11, -0.9999999999999999, 363, 0.09881021595461448
444, 18, -1.7000000000000004, 364, 0.11062828288762572
445, 20, -1.9000000000000006, 355, 0.10620197477874926
446, 36, -3.5000000000000018, 359, 0.08308662744939799
447, 14, -1.3, 338, 0.08309959065698602
448, 13, -1.2, 361, 0.06669467276239677
449, 13, -1.2, 371, 0.0702139599940172
450, 14, -1.3, 340, 0.07927406094685541
451, 11, -0.9999999999999999, 364, 0.10533539381013224
452, 36, -3.5000000000000018, 368, 0.08361605284567442
453, 12, -1.0999999999999999, 352, 0.059134288209802044
454, 14, -1.3, 364, 0.06184233252769156
455, 11, -0.9999999999999999, 364, 0.08164338729802623
456, 14, -1.3, 383, 0.06806110564458545
457, 13, -1.2, 369, 0.1085098884670368
458, 14, -1.3, 370, 0.08662978238251368
459, 12, -1.0999999999999999, 366, 0.07340337868711067
460, 14, -1.3, 373, 0.07346649831844965
461, 19, -1.8000000000000005, 374, 0.10466339144472359
462, 15, -1.4000000000000001, 369, 0.08404765965066963
463, 17, -1.6000000000000003, 340, 0.061833297216913885
464, 13, -1.2, 389, 0.07295956338259194
465, 14, -1.3, 369, 0.0707289385208596
466, 14, -1.3, 361, 0.09507458743339692
467, 15, -1.4000000000000001, 371, 0.11969520069499429
468, 29, -2.800000000000001, 351, 0.10463854512012727
469, 17, -1.6000000000000003, 360, 0.09500971996432106
470, 16, -1.5000000000000002, 388, 0.0823761722649935
471, 18, -1.7000000000000004, 374, 0.088843898645797
472, 14, -1.3, 403, 0.08456600233383516
473, 14, -1.3, 400, 0.07622681753988902
474, 11, -0.9999999999999999, 378, 0.07420626935887198
475, 20, -1.9000000000000006, 371, 0.09232255737395367
476, 11, -0.9999999999999999, 405, 0.07989332929113352
477, 16, -1.5000000000000002, 358, 0.09989945833678326
478, 13, -1.2, 387, 0.09991480031294286
479, 19, -1.8000000000000005, 383, 0.08075289598276741
480, 16, -1.5000000000000002, 386, 0.08480664564577789
481, 14, -1.3, 378, 0.08691687107684198
482, 36, -3.5000000000000018, 393, 0.10243726117511454
483, 12, -1.0999999999999999, 386, 0.08029782520545048
484, 36, -3.5000000000000018, 377, 0.09049593805287537
485, 11, -0.9999999999999999, 401, 0.08638871544960491
486, 18, -1.7000000000000004, 391, 0.08615365977640022
487, 19, -1.8000000000000005, 357, 0.06982020300306713
488, 14, -1.3, 410, 0.07080142952632273
489, 21, -2.0000000000000004, 398, 0.10218708346143524
490, 13, -1.2, 368, 0.09202201354554296
491, 26, -2.500000000000001, 378, 0.09976691128146498
492, 11, -0.9999999999999999, 375, 0.09376615034469271
493, 11, -0.9999999999999999, 381, 0.08009356662792544
494, 15, -1.4000000000000001, 376, 0.0944657184966986
495, 13, -1.2, 398, 0.10075923788978491
496, 14, -1.3, 397, 0.09484242581351643
497, 14, -1.3, 382, 0.06516052301090136
498, 11, -0.9999999999999999, 414, 0.09394141688248003
499, 15, -1.4000000000000001, 401, 0.0968606822924506
500, 17, -1.6000000000000003, 412, 0.08624908898388406
