Episode, Steps, Reward, Time (in milliseconds), Convergence
1, 36, -3.5000000000000018, 2, 0.03
2, 36, -3.5000000000000018, 5, 0.024300000000000002
3, 36, -3.5000000000000018, 6, 0.026081999999999994
4, 36, -3.5000000000000018, 6, 0.025065917999999993
5, 36, -3.5000000000000018, 9, 0.023473800000000003
6, 36, -3.5000000000000018, 12, 0.019515872099076778
7, 36, -3.5000000000000018, 14, 0.016788045258676096
8, 36, -3.5000000000000018, 10, 0.0177147
9, 36, -3.5000000000000018, 17, 0.017105329665371573
10, 36, -3.5000000000000018, 13, 0.014513106494487803
11, 36, -3.5000000000000018, 17, 0.013233312291782401
12, 36, -3.5000000000000018, 18, 0.01410005392996861
13, 36, -3.5000000000000018, 16, 0.015522388077555856
14, 36, -3.5000000000000018, 18, 0.014303628314349504
15, 36, -3.5000000000000018, 19, 0.016666184905998832
16, 36, -3.5000000000000018, 24, 0.013990911796965322
17, 36, -3.5000000000000018, 22, 0.014391586127652067
18, 36, -3.5000000000000018, 23, 0.015826394329809153
19, 36, -3.5000000000000018, 25, 0.01563064891020058
20, 36, -3.5000000000000018, 22, 0.016207158615917122
21, 36, -3.5000000000000018, 37, 0.013885638021267632
22, 36, -3.5000000000000018, 31, 0.014016014289203071
23, 36, -3.5000000000000018, 29, 0.01615977427447285
24, 36, -3.5000000000000018, 24, 0.01273606851712722
25, 36, -3.5000000000000018, 26, 0.017139340551166504
26, 36, -3.5000000000000018, 27, 0.017438728588180588
27, 36, -3.5000000000000018, 28, 0.014245878313057403
28, 36, -3.5000000000000018, 29, 0.018913051912463008
29, 36, -3.5000000000000018, 30, 0.014832953111808683
30, 36, -3.5000000000000018, 29, 0.014423099476859325
31, 36, -3.5000000000000018, 31, 0.0173436245122304
32, 36, -3.5000000000000018, 33, 0.014147595862106455
33, 36, -3.5000000000000018, 32, 0.014222950710694071
34, 36, -3.5000000000000018, 31, 0.016336542922178232
35, 36, -3.5000000000000018, 33, 0.016669825389222653
36, 36, -3.5000000000000018, 32, 0.016656645325955732
37, 36, -3.5000000000000018, 31, 0.016700233062647396
38, 36, -3.5000000000000018, 31, 0.01585540007503916
39, 36, -3.5000000000000018, 37, 0.01478875516404754
40, 36, -3.5000000000000018, 37, 0.014208282108125914
41, 36, -3.5000000000000018, 31, 0.01184050727626701
42, 30, -2.9000000000000012, 34, 0.016299302991226894
43, 36, -3.5000000000000018, 37, 0.022718225470515274
44, 36, -3.5000000000000018, 37, 0.012254075271283416
45, 36, -3.5000000000000018, 38, 0.014546123969892522
46, 30, -2.9000000000000012, 42, 0.023062320947230208
47, 36, -3.5000000000000018, 38, 0.015556922762782532
48, 28, -2.700000000000001, 40, 0.014436760873798304
49, 36, -3.5000000000000018, 40, 0.015552769472795547
50, 36, -3.5000000000000018, 39, 0.017967332026804034
51, 16, -1.5000000000000002, 43, 0.013995825299024767
52, 36, -3.5000000000000018, 37, 0.020202837673647417
53, 36, -3.5000000000000018, 43, 0.01598795878654946
54, 20, -1.9000000000000006, 43, 0.017538845076938703
55, 29, -2.800000000000001, 39, 0.016087870597037257
56, 16, -1.5000000000000002, 47, 0.015252730073124221
57, 13, -1.2, 40, 0.02081424185480535
58, 36, -3.5000000000000018, 45, 0.020616171123632954
59, 13, -1.2, 43, 0.020422793175692122
60, 31, -3.0000000000000013, 49, 0.013174571958920689
61, 36, -3.5000000000000018, 46, 0.0160710858020211
62, 36, -3.5000000000000018, 43, 0.014289853774884176
63, 36, -3.5000000000000018, 47, 0.01160683832946341
64, 23, -2.2000000000000006, 44, 0.01848654736615818
65, 36, -3.5000000000000018, 47, 0.021024942342063035
66, 28, -2.700000000000001, 48, 0.020863387959886348
67, 36, -3.5000000000000018, 49, 0.01932783476255573
68, 36, -3.5000000000000018, 47, 0.01732540912901226
69, 16, -1.5000000000000002, 48, 0.014229247613915086
70, 35, -3.4000000000000017, 49, 0.021829637540302538
71, 12, -1.0999999999999999, 52, 0.012117585702991929
72, 16, -1.5000000000000002, 52, 0.020395217130631638
73, 16, -1.5000000000000002, 46, 0.016657051122062783
74, 36, -3.5000000000000018, 49, 0.019858458460731532
75, 15, -1.4000000000000001, 49, 0.020006432120682205
76, 36, -3.5000000000000018, 47, 0.02154321597583045
77, 17, -1.6000000000000003, 55, 0.023610647733894208
78, 18, -1.7000000000000004, 50, 0.01979489727894812
79, 20, -1.9000000000000006, 54, 0.025365800130305094
80, 21, -2.0000000000000004, 51, 0.021705895511175022
81, 29, -2.800000000000001, 53, 0.019304892882835212
82, 30, -2.9000000000000012, 52, 0.01777497210330492
83, 13, -1.2, 52, 0.017220866663611112
84, 17, -1.6000000000000003, 52, 0.024987335383033382
85, 11, -0.9999999999999999, 53, 0.02015644342860423
86, 15, -1.4000000000000001, 54, 0.028822497742987174
87, 17, -1.6000000000000003, 57, 0.01317001463293388
88, 14, -1.3, 54, 0.02492787915606337
89, 26, -2.500000000000001, 53, 0.022833237729016798
90, 15, -1.4000000000000001, 60, 0.01685471955446849
91, 19, -1.8000000000000005, 57, 0.02153320481638482
92, 14, -1.3, 59, 0.02639349758509757
93, 11, -0.9999999999999999, 53, 0.02328079126989352
94, 26, -2.500000000000001, 57, 0.02115490994253255
95, 36, -3.5000000000000018, 57, 0.022739501783650196
96, 28, -2.700000000000001, 60, 0.013615713268265273
97, 18, -1.7000000000000004, 62, 0.023270554733438642
98, 14, -1.3, 58, 0.01871458067752496
99, 31, -3.0000000000000013, 58, 0.019302655821571424
100, 33, -3.2000000000000015, 62, 0.025718884622292715
101, 16, -1.5000000000000002, 55, 0.0218026066037178
102, 16, -1.5000000000000002, 58, 0.021981337759293618
103, 36, -3.5000000000000018, 58, 0.02447901696706034
104, 29, -2.800000000000001, 61, 0.019322240675326396
105, 13, -1.2, 60, 0.015167162524846844
106, 35, -3.4000000000000017, 62, 0.023339692319990224
107, 23, -2.2000000000000006, 64, 0.01908649587726885
108, 15, -1.4000000000000001, 62, 0.022845469878336064
109, 20, -1.9000000000000006, 59, 0.024470012364205096
110, 11, -0.9999999999999999, 61, 0.015691356253820676
111, 13, -1.2, 60, 0.021786237259571184
112, 11, -0.9999999999999999, 65, 0.024013162826397594
113, 20, -1.9000000000000006, 62, 0.028018361034018113
114, 16, -1.5000000000000002, 64, 0.024360278824985482
115, 11, -0.9999999999999999, 59, 0.024099817640853782
116, 13, -1.2, 64, 0.02567646572196991
117, 19, -1.8000000000000005, 62, 0.02346537205982091
118, 14, -1.3, 62, 0.017102981156925656
119, 14, -1.3, 64, 0.017331522529601462
120, 20, -1.9000000000000006, 64, 0.026223958877701015
121, 11, -0.9999999999999999, 60, 0.021160204403580685
122, 20, -1.9000000000000006, 65, 0.023574449968099168
123, 17, -1.6000000000000003, 68, 0.027761011536406976
124, 16, -1.5000000000000002, 66, 0.0172471752231953
125, 16, -1.5000000000000002, 68, 0.0283225753995191
126, 14, -1.3, 63, 0.022617579128290433
127, 19, -1.8000000000000005, 66, 0.022775736236400612
128, 15, -1.4000000000000001, 68, 0.02672057576597886
129, 21, -2.0000000000000004, 63, 0.012962642607314723
130, 12, -1.0999999999999999, 65, 0.026368564483081114
131, 21, -2.0000000000000004, 75, 0.023274191150387313
132, 20, -1.9000000000000006, 64, 0.024943663117458048
133, 13, -1.2, 68, 0.0262491098971388
134, 20, -1.9000000000000006, 68, 0.01871496391348293
135, 19, -1.8000000000000005, 72, 0.02380566864022665
136, 18, -1.7000000000000004, 69, 0.02269635784535662
137, 25, -2.400000000000001, 69, 0.014978303979606089
138, 17, -1.6000000000000003, 71, 0.024502799373915474
139, 15, -1.4000000000000001, 66, 0.019554057928678592
140, 13, -1.2, 69, 0.014746905471734628
141, 14, -1.3, 70, 0.021994340461108708
142, 17, -1.6000000000000003, 75, 0.02183422605828378
143, 16, -1.5000000000000002, 72, 0.021566526127258512
144, 13, -1.2, 67, 0.029949648038104293
145, 17, -1.6000000000000003, 69, 0.0230343481349915
146, 13, -1.2, 71, 0.025387067390229112
147, 23, -2.2000000000000006, 70, 0.026380606516324123
148, 14, -1.3, 69, 0.024626695281692867
149, 14, -1.3, 72, 0.02489378114397578
150, 21, -2.0000000000000004, 68, 0.021778216905149583
151, 17, -1.6000000000000003, 75, 0.018474810006681608
152, 24, -2.3000000000000007, 73, 0.026489635229609232
153, 11, -0.9999999999999999, 70, 0.022802579855756844
154, 14, -1.3, 73, 0.024295046459310465
155, 13, -1.2, 71, 0.022572762366424914
156, 14, -1.3, 74, 0.028853542075438998
157, 12, -1.0999999999999999, 74, 0.010635739235942188
158, 15, -1.4000000000000001, 75, 0.018135702952834898
159, 12, -1.0999999999999999, 76, 0.025157740417981023
160, 20, -1.9000000000000006, 71, 0.0199367563773869
161, 29, -2.800000000000001, 75, 0.020878661273288524
162, 11, -0.9999999999999999, 71, 0.016054369177889827
163, 12, -1.0999999999999999, 77, 0.013411029730819979
164, 15, -1.4000000000000001, 79, 0.02437793626376221
165, 18, -1.7000000000000004, 80, 0.016480122709460476
166, 19, -1.8000000000000005, 75, 0.02696755496079617
167, 13, -1.2, 79, 0.021437321469701565
168, 13, -1.2, 72, 0.02275286354759054
169, 17, -1.6000000000000003, 88, 0.022115509932792987
170, 11, -0.9999999999999999, 77, 0.023005770840958673
171, 13, -1.2, 77, 0.024963418705841622
172, 12, -1.0999999999999999, 77, 0.01628516142000036
173, 22, -2.1000000000000005, 78, 0.022886771908445014
174, 12, -1.0999999999999999, 76, 0.018954137678083738
175, 13, -1.2, 80, 0.02464201078117395
176, 16, -1.5000000000000002, 80, 0.020915121939047765
177, 20, -1.9000000000000006, 83, 0.022197521030834055
178, 22, -2.1000000000000005, 83, 0.027107622731216252
179, 14, -1.3, 79, 0.008360558872630763
180, 13, -1.2, 78, 0.02285418154151468
181, 13, -1.2, 77, 0.02412281117533388
182, 17, -1.6000000000000003, 85, 0.01570892470423746
183, 16, -1.5000000000000002, 81, 0.021848392721169452
184, 15, -1.4000000000000001, 76, 0.02469337655628906
185, 18, -1.7000000000000004, 83, 0.026161110005788468
186, 11, -0.9999999999999999, 81, 0.023536272351983634
187, 13, -1.2, 84, 0.023707820799437923
188, 22, -2.1000000000000005, 85, 0.021795561545634556
189, 14, -1.3, 89, 0.018561407649063444
190, 13, -1.2, 87, 0.028123321905748733
191, 15, -1.4000000000000001, 83, 0.013981327192624765
192, 11, -0.9999999999999999, 85, 0.019569243280099347
193, 15, -1.4000000000000001, 81, 0.02597342755021681
194, 13, -1.2, 91, 0.03588106377616884
195, 15, -1.4000000000000001, 84, 0.022778932700652454
196, 16, -1.5000000000000002, 81, 0.02891956894151093
197, 19, -1.8000000000000005, 82, 0.009741684729072997
198, 14, -1.3, 80, 0.01716546467904767
199, 17, -1.6000000000000003, 88, 0.018008508495473974
200, 16, -1.5000000000000002, 86, 0.026967548926442264
201, 13, -1.2, 86, 0.02429365184214216
202, 13, -1.2, 90, 0.02719379366483271
203, 25, -2.400000000000001, 86, 0.02799523501367651
204, 15, -1.4000000000000001, 85, 0.015700852343449034
205, 17, -1.6000000000000003, 93, 0.02157453912391749
206, 22, -2.1000000000000005, 91, 0.025999991054300953
207, 13, -1.2, 90, 0.009002792998605513
208, 14, -1.3, 86, 0.01863203368694244
209, 12, -1.0999999999999999, 87, 0.023519390587042943
210, 11, -0.9999999999999999, 89, 0.027198226281973437
211, 14, -1.3, 94, 0.014752637466284996
212, 16, -1.5000000000000002, 91, 0.024654077531034102
213, 13, -1.2, 94, 0.014795286836917443
214, 19, -1.8000000000000005, 91, 0.02485967482510809
215, 13, -1.2, 87, 0.018119621857095813
216, 18, -1.7000000000000004, 92, 0.015460369133619034
217, 16, -1.5000000000000002, 96, 0.01961815219274654
218, 19, -1.8000000000000005, 87, 0.03056761545098896
219, 11, -0.9999999999999999, 91, 0.02531129922328368
220, 16, -1.5000000000000002, 87, 0.02407296948867166
221, 12, -1.0999999999999999, 92, 0.026939140719553334
222, 13, -1.2, 95, 0.02689875427753874
223, 16, -1.5000000000000002, 93, 0.024622083537573225
224, 13, -1.2, 93, 0.02228896701669958
225, 12, -1.0999999999999999, 93, 0.026979634115378737
226, 12, -1.0999999999999999, 95, 0.02424538608239457
227, 15, -1.4000000000000001, 101, 0.02388655791938643
228, 13, -1.2, 92, 0.01576284493379132
229, 15, -1.4000000000000001, 94, 0.02652077298122485
230, 13, -1.2, 96, 0.02286119476865589
231, 17, -1.6000000000000003, 95, 0.022832429670260224
232, 18, -1.7000000000000004, 95, 0.019223265417763535
233, 13, -1.2, 103, 0.02022020837706151
234, 20, -1.9000000000000006, 97, 0.024448886339599407
235, 11, -0.9999999999999999, 98, 0.027671961112856358
236, 13, -1.2, 97, 0.02364712064262431
237, 12, -1.0999999999999999, 95, 0.02614091847140354
238, 13, -1.2, 95, 0.018567692742545105
239, 14, -1.3, 95, 0.03182390850981387
240, 14, -1.3, 101, 0.029477949755645994
241, 18, -1.7000000000000004, 97, 0.017096062724958783
242, 23, -2.2000000000000006, 93, 0.022943230430914285
243, 16, -1.5000000000000002, 100, 0.02445100266977318
244, 13, -1.2, 101, 0.02600325463933617
245, 11, -0.9999999999999999, 102, 0.025197085011111064
246, 22, -2.1000000000000005, 98, 0.029726063396377178
247, 13, -1.2, 100, 0.03231554698969785
248, 13, -1.2, 100, 0.014423821599029107
249, 17, -1.6000000000000003, 98, 0.024955519395644887
250, 16, -1.5000000000000002, 104, 0.030639760459200582
251, 13, -1.2, 102, 0.02353963851505858
252, 13, -1.2, 106, 0.02431795669335335
253, 11, -0.9999999999999999, 99, 0.028056520210614444
254, 13, -1.2, 99, 0.035869839715611085
255, 15, -1.4000000000000001, 102, 0.025012995256795345
256, 12, -1.0999999999999999, 97, 0.022309544199876408
257, 11, -0.9999999999999999, 97, 0.019564479724092254
258, 17, -1.6000000000000003, 104, 0.031142999034463492
259, 11, -0.9999999999999999, 99, 0.022127609759741623
260, 15, -1.4000000000000001, 99, 0.023096227720680207
261, 15, -1.4000000000000001, 104, 0.02667465429827026
262, 16, -1.5000000000000002, 107, 0.02697748963015212
263, 14, -1.3, 108, 0.01872473853734624
264, 17, -1.6000000000000003, 105, 0.0270716483790161
265, 14, -1.3, 106, 0.022996873424652398
266, 18, -1.7000000000000004, 105, 0.030593721781923378
267, 11, -0.9999999999999999, 106, 0.01730309758138937
268, 13, -1.2, 108, 0.02478359429922017
269, 19, -1.8000000000000005, 105, 0.02372688655562949
270, 22, -2.1000000000000005, 108, 0.02450168490217941
271, 16, -1.5000000000000002, 109, 0.02236743823901899
272, 22, -2.1000000000000005, 107, 0.02909945390491464
273, 14, -1.3, 110, 0.025566517115957532
274, 15, -1.4000000000000001, 106, 0.02667321819149704
275, 12, -1.0999999999999999, 107, 0.024615618157665886
276, 15, -1.4000000000000001, 113, 0.02622562890840352
277, 18, -1.7000000000000004, 105, 0.012137689307853305
278, 12, -1.0999999999999999, 110, 0.011246595923171121
279, 14, -1.3, 100, 0.02783518951822317
280, 11, -0.9999999999999999, 109, 0.028357257471326114
281, 19, -1.8000000000000005, 110, 0.025158503738428872
282, 12, -1.0999999999999999, 113, 0.025184596372141932
283, 14, -1.3, 113, 0.026886623768134554
284, 16, -1.5000000000000002, 109, 0.020767582780877758
285, 16, -1.5000000000000002, 112, 0.02115547089912634
286, 13, -1.2, 112, 0.019446894304452345
287, 13, -1.2, 113, 0.021121419782718753
288, 17, -1.6000000000000003, 106, 0.02575766395989032
289, 17, -1.6000000000000003, 110, 0.03132450529934233
290, 11, -0.9999999999999999, 114, 0.025252640562529016
291, 18, -1.7000000000000004, 106, 0.021861586168251845
292, 14, -1.3, 107, 0.029731757347958743
293, 14, -1.3, 114, 0.024283916558619834
294, 14, -1.3, 114, 0.021687204609146415
295, 15, -1.4000000000000001, 113, 0.020334784420683705
296, 18, -1.7000000000000004, 108, 0.026874815469273283
297, 16, -1.5000000000000002, 112, 0.028407396068430957
298, 17, -1.6000000000000003, 107, 0.026595845325286693
299, 15, -1.4000000000000001, 117, 0.02258172129305791
300, 15, -1.4000000000000001, 107, 0.025532830140473584
301, 20, -1.9000000000000006, 119, 0.027980057040027262
302, 18, -1.7000000000000004, 112, 0.020916433144703706
303, 13, -1.2, 118, 0.03222457737879503
304, 13, -1.2, 120, 0.02152617293078196
305, 17, -1.6000000000000003, 115, 0.03505091682707928
306, 15, -1.4000000000000001, 113, 0.028013871376550092
307, 19, -1.8000000000000005, 112, 0.0256119065546927
308, 11, -0.9999999999999999, 120, 0.027025783921785396
309, 19, -1.8000000000000005, 120, 0.02389182586407268
310, 15, -1.4000000000000001, 115, 0.02487882675444142
311, 18, -1.7000000000000004, 110, 0.03117090639711928
312, 14, -1.3, 118, 0.02545268713454696
313, 11, -0.9999999999999999, 122, 0.02871447091338697
314, 15, -1.4000000000000001, 115, 0.02388804826646529
315, 14, -1.3, 118, 0.02388037167381818
316, 22, -2.1000000000000005, 123, 0.02029570517867596
317, 15, -1.4000000000000001, 122, 0.028300625106981836
318, 14, -1.3, 126, 0.029351733321588122
319, 12, -1.0999999999999999, 119, 0.026649820260763735
320, 15, -1.4000000000000001, 121, 0.02193092100186378
321, 12, -1.0999999999999999, 116, 0.026168906894076915
322, 25, -2.400000000000001, 115, 0.02695861767129143
323, 15, -1.4000000000000001, 122, 0.023517736830635294
324, 14, -1.3, 122, 0.024281912869904332
325, 12, -1.0999999999999999, 123, 0.024917228467984387
326, 11, -0.9999999999999999, 121, 0.022789773389942924
327, 18, -1.7000000000000004, 119, 0.02576865597723177
328, 21, -2.0000000000000004, 118, 0.02769220742004419
329, 15, -1.4000000000000001, 119, 0.022253048298323308
330, 12, -1.0999999999999999, 120, 0.0177074638090573
331, 15, -1.4000000000000001, 121, 0.024243297769245997
332, 12, -1.0999999999999999, 125, 0.02755123064239262
333, 15, -1.4000000000000001, 137, 0.022044456614986108
334, 31, -3.0000000000000013, 119, 0.0067369091196884945
335, 20, -1.9000000000000006, 122, 0.02648703335217173
336, 14, -1.3, 123, 0.02765986273580623
337, 24, -2.3000000000000007, 125, 0.021074805669967
338, 13, -1.2, 112, 0.027282436856771453
339, 13, -1.2, 117, 0.020674994510116562
340, 11, -0.9999999999999999, 120, 0.027839966197104493
341, 19, -1.8000000000000005, 129, 0.024304839231435338
342, 15, -1.4000000000000001, 122, 0.02213076732904018
343, 16, -1.5000000000000002, 125, 0.02570389201134693
344, 22, -2.1000000000000005, 120, 0.021703459990599305
345, 18, -1.7000000000000004, 127, 0.025695560126704653
346, 12, -1.0999999999999999, 124, 0.02628759243706147
347, 11, -0.9999999999999999, 120, 0.02697630765602621
348, 13, -1.2, 125, 0.027819290956472065
349, 12, -1.0999999999999999, 134, 0.02538264359570852
350, 14, -1.3, 127, 0.024924549327623724
351, 24, -2.3000000000000007, 131, 0.029509098161347502
352, 16, -1.5000000000000002, 125, 0.028408354224431664
353, 11, -0.9999999999999999, 125, 0.022131067026207485
354, 13, -1.2, 126, 0.022689877564989525
355, 15, -1.4000000000000001, 129, 0.02479341314140826
356, 15, -1.4000000000000001, 131, 0.030641006372747914
357, 16, -1.5000000000000002, 139, 0.025330774703339942
358, 15, -1.4000000000000001, 132, 0.03403467011583128
359, 12, -1.0999999999999999, 125, 0.022803444953569008
360, 13, -1.2, 133, 0.010323170063275655
361, 19, -1.8000000000000005, 126, 0.02025684642009995
362, 11, -0.9999999999999999, 128, 0.021385197830470548
363, 15, -1.4000000000000001, 126, 0.021485061631509095
364, 17, -1.6000000000000003, 138, 0.02676348118196603
365, 16, -1.5000000000000002, 133, 0.024257846912787595
366, 17, -1.6000000000000003, 140, 0.027526531979247038
367, 15, -1.4000000000000001, 130, 0.027536655111458197
368, 14, -1.3, 137, 0.025490759399705576
369, 18, -1.7000000000000004, 131, 0.02766572159712255
370, 13, -1.2, 136, 0.02488608908844081
371, 26, -2.500000000000001, 134, 0.008549998210001741
372, 11, -0.9999999999999999, 132, 0.01848934872169994
373, 15, -1.4000000000000001, 131, 0.025940610134278952
374, 22, -2.1000000000000005, 134, 0.02601122678442047
375, 11, -0.9999999999999999, 136, 0.026771796623449973
376, 14, -1.3, 136, 0.0351880405548648
377, 16, -1.5000000000000002, 130, 0.023654196779278602
378, 17, -1.6000000000000003, 135, 0.02718085101267248
379, 12, -1.0999999999999999, 142, 0.030106831724150962
380, 12, -1.0999999999999999, 137, 0.022259847535826216
381, 15, -1.4000000000000001, 138, 0.02515801470460599
382, 26, -2.500000000000001, 141, 0.02306515450916813
383, 12, -1.0999999999999999, 142, 0.018395112465914076
384, 17, -1.6000000000000003, 133, 0.02342331750823634
385, 13, -1.2, 133, 0.021729321666269286
386, 14, -1.3, 150, 0.02214023104665319
387, 15, -1.4000000000000001, 135, 0.01584679848104059
388, 18, -1.7000000000000004, 142, 0.02206603017782971
389, 21, -2.0000000000000004, 138, 0.02600720040139526
390, 11, -0.9999999999999999, 137, 0.02442964797928049
391, 13, -1.2, 138, 0.024906915285949738
392, 14, -1.3, 139, 0.020109562654640034
393, 11, -0.9999999999999999, 141, 0.026271810846170418
394, 17, -1.6000000000000003, 143, 0.02047819415740404
395, 19, -1.8000000000000005, 146, 0.02719123537283963
396, 19, -1.8000000000000005, 137, 0.024075991604810554
397, 24, -2.3000000000000007, 143, 0.010562641270691175
398, 15, -1.4000000000000001, 143, 0.021717841146409067
399, 14, -1.3, 142, 0.018840839449513647
400, 13, -1.2, 147, 0.02570735624620002
401, 13, -1.2, 151, 0.023928683161393405
402, 15, -1.4000000000000001, 141, 0.02520013982516478
403, 13, -1.2, 136, 0.027326999922290707
404, 17, -1.6000000000000003, 145, 0.017735143663427766
405, 12, -1.0999999999999999, 140, 0.031884188341666064
406, 15, -1.4000000000000001, 148, 0.02808367559664826
407, 13, -1.2, 145, 0.025770317779977514
408, 20, -1.9000000000000006, 142, 0.029853960951219838
409, 15, -1.4000000000000001, 146, 0.026824693136777517
410, 17, -1.6000000000000003, 141, 0.0233793015202739
411, 14, -1.3, 155, 0.02411040987976326
412, 14, -1.3, 140, 0.020071211272407463
413, 14, -1.3, 145, 0.02555944445455871
414, 12, -1.0999999999999999, 149, 0.020641484532707977
415, 15, -1.4000000000000001, 142, 0.02680534915177879
416, 17, -1.6000000000000003, 149, 0.01675447873488556
417, 11, -0.9999999999999999, 148, 0.02559889020844819
418, 12, -1.0999999999999999, 152, 0.02240355756726231
419, 19, -1.8000000000000005, 144, 0.023363434128709004
420, 16, -1.5000000000000002, 147, 0.023172443391287878
421, 14, -1.3, 152, 0.030560790778768054
422, 16, -1.5000000000000002, 151, 0.026267650071897464
423, 24, -2.3000000000000007, 144, 0.024663785910143232
424, 16, -1.5000000000000002, 150, 0.024637815358811266
425, 16, -1.5000000000000002, 142, 0.017653266318487404
426, 13, -1.2, 147, 0.03004442100283322
427, 20, -1.9000000000000006, 145, 0.018812219084145543
428, 13, -1.2, 146, 0.024302938133751506
429, 16, -1.5000000000000002, 146, 0.024014514749819083
430, 13, -1.2, 151, 0.03005495391149543
431, 13, -1.2, 151, 0.026378836213588608
432, 14, -1.3, 151, 0.021085903177009313
433, 12, -1.0999999999999999, 149, 0.029910880153317887
434, 12, -1.0999999999999999, 151, 0.021556371507874483
435, 12, -1.0999999999999999, 154, 0.011302170263980171
436, 12, -1.0999999999999999, 149, 0.009879945754470043
437, 13, -1.2, 147, 0.022607853090711005
438, 14, -1.3, 161, 0.02826065896175811
439, 18, -1.7000000000000004, 145, 0.0242102339867164
440, 11, -0.9999999999999999, 153, 0.024931076391265905
441, 24, -2.3000000000000007, 152, 0.025620521858580214
442, 13, -1.2, 151, 0.027637266058016058
443, 13, -1.2, 152, 0.028540457274493836
444, 17, -1.6000000000000003, 154, 0.02746667608961073
445, 22, -2.1000000000000005, 157, 0.028302629635641674
446, 20, -1.9000000000000006, 147, 0.02758764995991836
447, 11, -0.9999999999999999, 158, 0.03170699040236957
448, 19, -1.8000000000000005, 156, 0.02345291019955975
449, 13, -1.2, 162, 0.02571538635036069
450, 14, -1.3, 160, 0.023034021789368087
451, 17, -1.6000000000000003, 162, 0.0281266986335717
452, 14, -1.3, 157, 0.023039688623717858
453, 19, -1.8000000000000005, 156, 0.022269512272339864
454, 16, -1.5000000000000002, 161, 0.026096561702480425
455, 13, -1.2, 155, 0.02253032790910614
456, 13, -1.2, 153, 0.028172198444680774
457, 24, -2.3000000000000007, 155, 0.02769150679186394
458, 13, -1.2, 152, 0.02631873103061705
459, 22, -2.1000000000000005, 156, 0.029903212565478454
460, 19, -1.8000000000000005, 159, 0.027683071814282312
461, 15, -1.4000000000000001, 153, 0.01808099590994805
462, 17, -1.6000000000000003, 168, 0.02079199698801726
463, 13, -1.2, 159, 0.028395110174270655
464, 23, -2.2000000000000006, 155, 0.027683132706804003
465, 14, -1.3, 157, 0.01831805822529342
466, 14, -1.3, 165, 0.031703368264063614
467, 11, -0.9999999999999999, 161, 0.024878302157471388
468, 12, -1.0999999999999999, 162, 0.02300240689660199
469, 13, -1.2, 165, 0.02576360152364532
470, 14, -1.3, 169, 0.02801696953316246
471, 17, -1.6000000000000003, 163, 0.009896624004470111
472, 11, -0.9999999999999999, 154, 0.023193397958943596
473, 13, -1.2, 163, 0.023509680902797037
474, 15, -1.4000000000000001, 168, 0.0098864978365263
475, 12, -1.0999999999999999, 161, 0.031252741946677265
476, 19, -1.8000000000000005, 168, 0.02569040198461159
477, 18, -1.7000000000000004, 161, 0.022657524947052365
478, 11, -0.9999999999999999, 158, 0.026651247118637866
479, 11, -0.9999999999999999, 161, 0.009706950104427237
480, 14, -1.3, 169, 0.025882764365251776
481, 11, -0.9999999999999999, 162, 0.027184690663977218
482, 15, -1.4000000000000001, 172, 0.022803926018212684
483, 14, -1.3, 152, 0.020226963379677
484, 12, -1.0999999999999999, 157, 0.02061760141999991
485, 23, -2.2000000000000006, 169, 0.022163955110537592
486, 15, -1.4000000000000001, 172, 0.02926777155254423
487, 17, -1.6000000000000003, 166, 0.01722530386272514
488, 16, -1.5000000000000002, 166, 0.029233474517314062
489, 30, -2.9000000000000012, 165, 0.024819955760086
490, 12, -1.0999999999999999, 162, 0.02419830043134108
491, 14, -1.3, 165, 0.02082274165297271
492, 13, -1.2, 170, 0.025976317799365545
493, 16, -1.5000000000000002, 165, 0.022589160994760493
494, 11, -0.9999999999999999, 169, 0.02304237024218303
495, 13, -1.2, 163, 0.026399282965360926
496, 13, -1.2, 168, 0.027639440825434097
497, 15, -1.4000000000000001, 164, 0.02666645038091331
498, 14, -1.3, 170, 0.020755444253636957
499, 19, -1.8000000000000005, 163, 0.019274794165936915
500, 15, -1.4000000000000001, 166, 0.032408851176741305
