Episode, Steps, Reward, Time (in milliseconds), Convergence
1, 36, -3.5000000000000018, 5, 0.1117203125
2, 36, -3.5000000000000018, 4, 0.09047565465420898
3, 36, -3.5000000000000018, 6, 0.0884789888485506
4, 36, -3.5000000000000018, 4, 0.06513055623437497
5, 18, -1.7000000000000004, 9, 0.09447024676843829
6, 36, -3.5000000000000018, 7, 0.09948949126541679
7, 33, -3.2000000000000015, 9, 0.09200879696236441
8, 36, -3.5000000000000018, 15, 0.12054423708571527
9, 36, -3.5000000000000018, 13, 0.09142314554494346
10, 36, -3.5000000000000018, 12, 0.09301815003186914
11, 31, -3.0000000000000013, 12, 0.14978795417669
12, 22, -2.1000000000000005, 16, 0.1398617487635273
13, 24, -2.3000000000000007, 16, 0.15152098163056582
14, 36, -3.5000000000000018, 13, 0.14893878962699159
15, 11, -0.9999999999999999, 17, 0.10741462591356399
16, 27, -2.600000000000001, 16, 0.11516269654188724
17, 23, -2.2000000000000006, 17, 0.15356190871880704
18, 17, -1.6000000000000003, 16, 0.13140487713161858
19, 15, -1.4000000000000001, 22, 0.22812985106898753
20, 18, -1.7000000000000004, 28, 0.1218531836657698
21, 13, -1.2, 23, 0.1737263727417926
22, 29, -2.800000000000001, 38, 0.1936661447377701
23, 16, -1.5000000000000002, 26, 0.12007852628161075
24, 16, -1.5000000000000002, 22, 0.1334893642795984
25, 28, -2.700000000000001, 26, 0.16018277552430116
26, 14, -1.3, 27, 0.15297898554014422
27, 28, -2.700000000000001, 24, 0.18438218843640253
28, 14, -1.3, 27, 0.15493685121515222
29, 11, -0.9999999999999999, 29, 0.13956376136433335
30, 13, -1.2, 31, 0.1923265213222904
31, 14, -1.3, 37, 0.1019186886543344
32, 15, -1.4000000000000001, 35, 0.1588828457261382
33, 36, -3.5000000000000018, 32, 0.12722830133212293
34, 31, -3.0000000000000013, 35, 0.15981540750552492
35, 14, -1.3, 37, 0.15739067503124837
36, 30, -2.9000000000000012, 34, 0.14675185861736884
37, 16, -1.5000000000000002, 36, 0.16993537517134627
38, 16, -1.5000000000000002, 33, 0.11199976226117181
39, 15, -1.4000000000000001, 38, 0.19738908631036045
40, 25, -2.400000000000001, 43, 0.1356910384013188
41, 21, -2.0000000000000004, 38, 0.16196771275424116
42, 23, -2.2000000000000006, 40, 0.12273199654927125
43, 12, -1.0999999999999999, 38, 0.16947492771019199
44, 11, -0.9999999999999999, 40, 0.1219724423919244
45, 36, -3.5000000000000018, 35, 0.14025029398321853
46, 36, -3.5000000000000018, 48, 0.1467253571727889
47, 36, -3.5000000000000018, 41, 0.15172064816220754
48, 36, -3.5000000000000018, 43, 0.11501102653646988
49, 18, -1.7000000000000004, 50, 0.12849288038725204
50, 20, -1.9000000000000006, 52, 0.16408659141721904
51, 17, -1.6000000000000003, 48, 0.10523427007263392
52, 19, -1.8000000000000005, 46, 0.201417097035954
53, 17, -1.6000000000000003, 42, 0.10792200993335066
54, 18, -1.7000000000000004, 50, 0.08835599223569529
55, 30, -2.9000000000000012, 58, 0.1402596678585899
56, 13, -1.2, 56, 0.14379522699979663
57, 11, -0.9999999999999999, 55, 0.16519455069775124
58, 15, -1.4000000000000001, 48, 0.11888620705405883
59, 31, -3.0000000000000013, 53, 0.14468497756501808
60, 14, -1.3, 56, 0.12262517788908506
61, 29, -2.800000000000001, 54, 0.14757217775870735
62, 12, -1.0999999999999999, 50, 0.1302756233385891
63, 19, -1.8000000000000005, 59, 0.20069209054830073
64, 36, -3.5000000000000018, 56, 0.14508411252633624
65, 13, -1.2, 56, 0.13962347167190892
66, 11, -0.9999999999999999, 71, 0.12396485338165408
67, 13, -1.2, 57, 0.15987869364058882
68, 11, -0.9999999999999999, 77, 0.16310878863091038
69, 17, -1.6000000000000003, 63, 0.16817853744184563
70, 36, -3.5000000000000018, 66, 0.1450778495515287
71, 14, -1.3, 70, 0.14005522876026433
72, 17, -1.6000000000000003, 65, 0.11601956361695365
73, 15, -1.4000000000000001, 80, 0.1253712518181226
74, 36, -3.5000000000000018, 62, 0.15948353009022448
75, 18, -1.7000000000000004, 70, 0.15907644880203564
76, 26, -2.500000000000001, 68, 0.1481764904091465
77, 17, -1.6000000000000003, 59, 0.14488105071700275
78, 25, -2.400000000000001, 70, 0.14332343753516164
79, 28, -2.700000000000001, 72, 0.12387594548377301
80, 17, -1.6000000000000003, 77, 0.12045165158599758
81, 12, -1.0999999999999999, 68, 0.10643209786710328
82, 19, -1.8000000000000005, 61, 0.10199542597856515
83, 36, -3.5000000000000018, 77, 0.14375190223716927
84, 19, -1.8000000000000005, 74, 0.19608399288239242
85, 25, -2.400000000000001, 76, 0.1725621024474808
86, 18, -1.7000000000000004, 97, 0.1383405837679632
87, 15, -1.4000000000000001, 77, 0.12762052953234648
88, 16, -1.5000000000000002, 73, 0.13041983430171422
89, 23, -2.2000000000000006, 74, 0.14760159440930987
90, 23, -2.2000000000000006, 78, 0.12377758182805965
91, 36, -3.5000000000000018, 76, 0.15001229587683484
92, 16, -1.5000000000000002, 84, 0.14294941778822468
93, 14, -1.3, 82, 0.16172753464008105
94, 36, -3.5000000000000018, 79, 0.1677169165850778
95, 29, -2.800000000000001, 70, 0.18725672410430894
96, 36, -3.5000000000000018, 82, 0.11838280307069726
97, 19, -1.8000000000000005, 90, 0.16663954986934149
98, 36, -3.5000000000000018, 87, 0.1758214559232334
99, 36, -3.5000000000000018, 91, 0.14233778194034552
100, 23, -2.2000000000000006, 88, 0.18202438451397884
101, 14, -1.3, 79, 0.2086914259682896
102, 20, -1.9000000000000006, 97, 0.13946799790356018
103, 17, -1.6000000000000003, 90, 0.17849965460978334
104, 13, -1.2, 107, 0.10544997721603522
105, 15, -1.4000000000000001, 85, 0.14044062472911012
106, 36, -3.5000000000000018, 86, 0.2054633310700006
107, 35, -3.4000000000000017, 94, 0.12030809054471903
108, 22, -2.1000000000000005, 101, 0.17237805826080826
109, 17, -1.6000000000000003, 103, 0.18145269571249933
110, 25, -2.400000000000001, 92, 0.182913451210321
111, 13, -1.2, 99, 0.10939202690594008
112, 26, -2.500000000000001, 102, 0.12034872781496275
113, 14, -1.3, 90, 0.08887435607650657
114, 16, -1.5000000000000002, 92, 0.1534325585925223
115, 12, -1.0999999999999999, 101, 0.18915079964858583
116, 14, -1.3, 102, 0.14965903497305644
117, 23, -2.2000000000000006, 109, 0.2209076100167049
118, 30, -2.9000000000000012, 105, 0.12763451839268325
119, 26, -2.500000000000001, 106, 0.1517826141679013
120, 17, -1.6000000000000003, 101, 0.192393794506033
121, 16, -1.5000000000000002, 93, 0.09825987982434448
122, 15, -1.4000000000000001, 108, 0.16380352844644142
123, 36, -3.5000000000000018, 95, 0.20178401627229714
124, 15, -1.4000000000000001, 111, 0.13472013779448244
125, 36, -3.5000000000000018, 98, 0.13770843064154126
126, 33, -3.2000000000000015, 118, 0.1428772043070864
127, 34, -3.3000000000000016, 102, 0.14974983834199446
128, 36, -3.5000000000000018, 111, 0.11363408419742327
129, 15, -1.4000000000000001, 114, 0.16076170067297657
130, 36, -3.5000000000000018, 111, 0.09907969014453066
131, 25, -2.400000000000001, 112, 0.1597733616384429
132, 13, -1.2, 110, 0.12394735675981527
133, 13, -1.2, 111, 0.11561545315166133
134, 14, -1.3, 103, 0.15850652042155233
135, 18, -1.7000000000000004, 105, 0.09662779016883327
136, 24, -2.3000000000000007, 122, 0.08419951712115248
137, 36, -3.5000000000000018, 112, 0.18895260027470107
138, 36, -3.5000000000000018, 127, 0.14912946853543574
139, 18, -1.7000000000000004, 117, 0.1268223009464052
140, 19, -1.8000000000000005, 119, 0.18289662370613546
141, 16, -1.5000000000000002, 128, 0.1622305761035301
142, 13, -1.2, 119, 0.1123623565662335
143, 17, -1.6000000000000003, 124, 0.17223554482307074
144, 21, -2.0000000000000004, 120, 0.13644035596141246
145, 13, -1.2, 125, 0.15167978535467785
146, 17, -1.6000000000000003, 123, 0.12461590975625736
147, 12, -1.0999999999999999, 133, 0.10388015393969896
148, 19, -1.8000000000000005, 128, 0.1572757270635438
149, 36, -3.5000000000000018, 145, 0.19174811376573198
150, 34, -3.3000000000000016, 130, 0.17820197601392884
151, 16, -1.5000000000000002, 116, 0.1418988349632071
152, 19, -1.8000000000000005, 127, 0.12139801496217517
153, 11, -0.9999999999999999, 118, 0.11967509817703148
154, 13, -1.2, 139, 0.21292420794222233
155, 21, -2.0000000000000004, 134, 0.14785507141318388
156, 16, -1.5000000000000002, 132, 0.11736673839582798
157, 19, -1.8000000000000005, 142, 0.1696061825072963
158, 11, -0.9999999999999999, 134, 0.12185610152819892
159, 14, -1.3, 133, 0.10810924881335338
160, 29, -2.800000000000001, 150, 0.1374878708663363
161, 36, -3.5000000000000018, 154, 0.13223654890688352
162, 15, -1.4000000000000001, 145, 0.18060330065053198
163, 13, -1.2, 139, 0.1263241250141992
164, 13, -1.2, 137, 0.17762018805400992
165, 25, -2.400000000000001, 131, 0.1111329993660366
166, 26, -2.500000000000001, 132, 0.17008436192758042
167, 14, -1.3, 146, 0.13490299306162695
168, 14, -1.3, 163, 0.13659853925390886
169, 12, -1.0999999999999999, 144, 0.0872410800820827
170, 13, -1.2, 164, 0.16260036449521142
171, 15, -1.4000000000000001, 149, 0.16061218213253003
172, 36, -3.5000000000000018, 128, 0.14368180844738454
173, 16, -1.5000000000000002, 158, 0.11470434733706492
174, 11, -0.9999999999999999, 140, 0.16818044457669323
175, 17, -1.6000000000000003, 149, 0.1821552583279049
176, 26, -2.500000000000001, 140, 0.1452249060870231
177, 36, -3.5000000000000018, 156, 0.12279071773581207
178, 11, -0.9999999999999999, 148, 0.17135663073447083
179, 14, -1.3, 145, 0.1952460886651718
180, 36, -3.5000000000000018, 154, 0.18352016461086307
181, 36, -3.5000000000000018, 162, 0.15357325847577574
182, 15, -1.4000000000000001, 163, 0.17288026472736084
183, 35, -3.4000000000000017, 154, 0.12016455207688947
184, 36, -3.5000000000000018, 163, 0.1666659205067993
185, 12, -1.0999999999999999, 161, 0.15189928292776256
186, 36, -3.5000000000000018, 159, 0.15757246435785732
187, 16, -1.5000000000000002, 167, 0.1687676431781997
188, 29, -2.800000000000001, 179, 0.1905826889808362
189, 12, -1.0999999999999999, 154, 0.13502371249299017
190, 11, -0.9999999999999999, 163, 0.1698470888730741
191, 20, -1.9000000000000006, 178, 0.13338197440333688
192, 23, -2.2000000000000006, 166, 0.16966393724200723
193, 15, -1.4000000000000001, 174, 0.14649617670000747
194, 17, -1.6000000000000003, 157, 0.13959407009122232
195, 14, -1.3, 165, 0.18241235779499454
196, 13, -1.2, 163, 0.13779758345891652
197, 17, -1.6000000000000003, 161, 0.20820144191508927
198, 21, -2.0000000000000004, 163, 0.11119147119458306
199, 11, -0.9999999999999999, 173, 0.1368602544844526
200, 13, -1.2, 177, 0.13549105686190877
201, 17, -1.6000000000000003, 161, 0.14952158016807637
202, 36, -3.5000000000000018, 166, 0.1419484745445887
203, 36, -3.5000000000000018, 181, 0.1616401227672699
204, 19, -1.8000000000000005, 170, 0.15830320388616892
205, 18, -1.7000000000000004, 171, 0.16716168108888507
206, 15, -1.4000000000000001, 182, 0.09296892627363507
207, 36, -3.5000000000000018, 176, 0.15062665232277261
208, 14, -1.3, 162, 0.16625968521777845
209, 14, -1.3, 174, 0.18467842774094723
210, 12, -1.0999999999999999, 173, 0.0872717075184577
211, 16, -1.5000000000000002, 183, 0.19848285044208513
212, 36, -3.5000000000000018, 197, 0.17110181344555797
213, 18, -1.7000000000000004, 170, 0.13180950046491713
214, 14, -1.3, 185, 0.16294561509899919
215, 14, -1.3, 187, 0.09527148113870743
216, 24, -2.3000000000000007, 180, 0.10375107078947421
217, 15, -1.4000000000000001, 199, 0.16044425062780077
218, 27, -2.600000000000001, 181, 0.16414877220970453
219, 36, -3.5000000000000018, 173, 0.1206394761014764
220, 14, -1.3, 179, 0.16084295763310386
221, 17, -1.6000000000000003, 188, 0.154552009195161
222, 11, -0.9999999999999999, 199, 0.1692166929102814
223, 16, -1.5000000000000002, 189, 0.1238117382109985
224, 28, -2.700000000000001, 180, 0.147102960096561
225, 24, -2.3000000000000007, 184, 0.19162598702297673
226, 14, -1.3, 174, 0.1360712015048765
227, 11, -0.9999999999999999, 181, 0.10504674811079195
228, 32, -3.1000000000000014, 196, 0.14977652828538446
229, 25, -2.400000000000001, 202, 0.1237988263849461
230, 14, -1.3, 211, 0.14895641765194245
231, 22, -2.1000000000000005, 191, 0.1542649549491366
232, 25, -2.400000000000001, 193, 0.16431798852838597
233, 36, -3.5000000000000018, 199, 0.17264207698961248
234, 11, -0.9999999999999999, 200, 0.14775676773565793
235, 36, -3.5000000000000018, 202, 0.16201889611235998
236, 20, -1.9000000000000006, 192, 0.16873469866841662
237, 13, -1.2, 203, 0.14838808523073016
238, 16, -1.5000000000000002, 202, 0.1524852699619903
239, 36, -3.5000000000000018, 194, 0.1910104819750511
240, 35, -3.4000000000000017, 186, 0.11689933856467372
241, 36, -3.5000000000000018, 192, 0.1201736682756992
242, 11, -0.9999999999999999, 199, 0.1424899292161217
243, 14, -1.3, 230, 0.12295035413123778
244, 14, -1.3, 207, 0.15507267920211532
245, 18, -1.7000000000000004, 219, 0.18409120750656882
246, 36, -3.5000000000000018, 208, 0.17752414746424572
247, 36, -3.5000000000000018, 217, 0.16879828043310052
248, 36, -3.5000000000000018, 202, 0.16384614201368852
249, 22, -2.1000000000000005, 207, 0.12099137493694823
250, 17, -1.6000000000000003, 215, 0.09839815644342553
251, 11, -0.9999999999999999, 207, 0.10271552869807632
252, 11, -0.9999999999999999, 214, 0.13629931889918445
253, 14, -1.3, 218, 0.151122051498928
254, 36, -3.5000000000000018, 210, 0.13927167660230322
255, 13, -1.2, 213, 0.1697948429088919
256, 26, -2.500000000000001, 229, 0.1649016792630471
257, 36, -3.5000000000000018, 225, 0.16728672518412047
258, 13, -1.2, 206, 0.18310416786049188
259, 15, -1.4000000000000001, 202, 0.16110250341084442
260, 18, -1.7000000000000004, 233, 0.18258940980061567
261, 36, -3.5000000000000018, 216, 0.1354872123280642
262, 36, -3.5000000000000018, 225, 0.18461341172804002
263, 13, -1.2, 207, 0.10926368803143038
264, 21, -2.0000000000000004, 232, 0.19783124464593838
265, 28, -2.700000000000001, 217, 0.18197840618656969
266, 18, -1.7000000000000004, 231, 0.16895190022076523
267, 24, -2.3000000000000007, 208, 0.1473444013586837
268, 30, -2.9000000000000012, 251, 0.1352412061131012
269, 36, -3.5000000000000018, 205, 0.14575481677615104
270, 14, -1.3, 235, 0.156372008584437
271, 24, -2.3000000000000007, 221, 0.1548472175363047
272, 32, -3.1000000000000014, 231, 0.1524222091040639
273, 36, -3.5000000000000018, 232, 0.14825562614048293
274, 12, -1.0999999999999999, 221, 0.14356871775348767
275, 17, -1.6000000000000003, 232, 0.17164531891826873
276, 12, -1.0999999999999999, 229, 0.15404194020888773
277, 29, -2.800000000000001, 252, 0.1725548205790004
278, 14, -1.3, 228, 0.14224700947819524
279, 13, -1.2, 242, 0.12231640730161936
280, 14, -1.3, 231, 0.1807617159495014
281, 36, -3.5000000000000018, 280, 0.1507164752431721
282, 36, -3.5000000000000018, 220, 0.16816449703254321
283, 18, -1.7000000000000004, 250, 0.1414749526111883
284, 13, -1.2, 242, 0.1259031365672535
285, 11, -0.9999999999999999, 238, 0.07566819380295653
286, 19, -1.8000000000000005, 240, 0.14134557339330328
287, 15, -1.4000000000000001, 233, 0.14007045934018775
288, 13, -1.2, 242, 0.09706912484739771
289, 13, -1.2, 242, 0.1260326089089271
290, 26, -2.500000000000001, 240, 0.17609174128505423
291, 22, -2.1000000000000005, 226, 0.04692636931727623
292, 17, -1.6000000000000003, 229, 0.14921168272267443
293, 22, -2.1000000000000005, 257, 0.08839039592158882
294, 36, -3.5000000000000018, 250, 0.14085713536743222
295, 12, -1.0999999999999999, 262, 0.15411213684913155
296, 15, -1.4000000000000001, 263, 0.1497757370120128
297, 36, -3.5000000000000018, 254, 0.14639795606021644
298, 15, -1.4000000000000001, 252, 0.1448965627339478
299, 29, -2.800000000000001, 246, 0.12837194983719746
300, 28, -2.700000000000001, 261, 0.15363598746450863
301, 14, -1.3, 255, 0.13787858164798938
302, 28, -2.700000000000001, 241, 0.1982715601127621
303, 15, -1.4000000000000001, 255, 0.11124662788779704
304, 22, -2.1000000000000005, 239, 0.12139287393574283
305, 12, -1.0999999999999999, 244, 0.16219013192375353
306, 31, -3.0000000000000013, 258, 0.14123076609279017
307, 23, -2.2000000000000006, 263, 0.15723233793242075
308, 20, -1.9000000000000006, 260, 0.14246545309895353
309, 13, -1.2, 254, 0.12573091339112374
310, 23, -2.2000000000000006, 258, 0.19995899064271017
311, 19, -1.8000000000000005, 255, 0.09511987758672907
312, 22, -2.1000000000000005, 275, 0.166218238969997
313, 16, -1.5000000000000002, 271, 0.12622378757917274
314, 16, -1.5000000000000002, 266, 0.13427662691465175
315, 23, -2.2000000000000006, 264, 0.12504025388888884
316, 23, -2.2000000000000006, 259, 0.17837034370233595
317, 36, -3.5000000000000018, 253, 0.22324166896611364
318, 15, -1.4000000000000001, 260, 0.12488949525127868
319, 13, -1.2, 285, 0.15510120357278412
320, 27, -2.600000000000001, 269, 0.13812658376000297
321, 15, -1.4000000000000001, 254, 0.13167237635864892
322, 16, -1.5000000000000002, 273, 0.163472289289732
323, 36, -3.5000000000000018, 280, 0.1460516486357272
324, 11, -0.9999999999999999, 283, 0.12461982313085285
325, 20, -1.9000000000000006, 279, 0.21349341713243586
326, 13, -1.2, 293, 0.16314167133918822
327, 12, -1.0999999999999999, 269, 0.0844609905745779
328, 18, -1.7000000000000004, 306, 0.1624952788154486
329, 36, -3.5000000000000018, 268, 0.15730899306615398
330, 14, -1.3, 282, 0.1693020851689917
331, 20, -1.9000000000000006, 275, 0.1406524021979607
332, 19, -1.8000000000000005, 273, 0.1516709672759472
333, 32, -3.1000000000000014, 289, 0.16951402427007
334, 11, -0.9999999999999999, 279, 0.1788528774080852
335, 36, -3.5000000000000018, 286, 0.10552721522759112
336, 29, -2.800000000000001, 289, 0.14910249158063438
337, 36, -3.5000000000000018, 282, 0.17066128969592748
338, 11, -0.9999999999999999, 279, 0.15358908079585376
339, 15, -1.4000000000000001, 281, 0.0767835836033457
340, 16, -1.5000000000000002, 286, 0.11989241916654358
341, 22, -2.1000000000000005, 282, 0.14478459869013904
342, 17, -1.6000000000000003, 282, 0.12391563083442397
343, 11, -0.9999999999999999, 266, 0.16395070220684727
344, 13, -1.2, 289, 0.19192479695276188
345, 21, -2.0000000000000004, 313, 0.10640246117048452
346, 17, -1.6000000000000003, 273, 0.13311512221171806
347, 11, -0.9999999999999999, 303, 0.1519514961048427
348, 18, -1.7000000000000004, 292, 0.24464426297274566
349, 13, -1.2, 292, 0.1549663946700921
350, 14, -1.3, 289, 0.12276161779701111
351, 29, -2.800000000000001, 324, 0.21819453834462932
352, 16, -1.5000000000000002, 293, 0.214900688717109
353, 17, -1.6000000000000003, 293, 0.1439091535414374
354, 19, -1.8000000000000005, 322, 0.1604422383108447
355, 18, -1.7000000000000004, 315, 0.1201507388028899
356, 27, -2.600000000000001, 310, 0.10497803923972587
357, 11, -0.9999999999999999, 323, 0.16848759406543623
358, 36, -3.5000000000000018, 322, 0.17250938813829308
359, 36, -3.5000000000000018, 305, 0.11524802759142005
360, 19, -1.8000000000000005, 304, 0.14224450685733522
361, 11, -0.9999999999999999, 331, 0.15154259378968127
362, 18, -1.7000000000000004, 299, 0.19011373154177325
363, 17, -1.6000000000000003, 297, 0.13195967008165677
364, 17, -1.6000000000000003, 314, 0.1994487908122587
365, 22, -2.1000000000000005, 311, 0.15432051916865763
366, 13, -1.2, 299, 0.11236565427588074
367, 35, -3.4000000000000017, 296, 0.12119315306629175
368, 16, -1.5000000000000002, 331, 0.12366460725623951
369, 19, -1.8000000000000005, 304, 0.09720554093769485
370, 11, -0.9999999999999999, 322, 0.12345474740421913
371, 23, -2.2000000000000006, 303, 0.1041576577820027
372, 12, -1.0999999999999999, 319, 0.1465191143970051
373, 14, -1.3, 323, 0.17835178333432844
374, 14, -1.3, 322, 0.10022930961043786
375, 36, -3.5000000000000018, 314, 0.14467317736862229
376, 14, -1.3, 331, 0.15929914860734617
377, 20, -1.9000000000000006, 305, 0.13886096772882983
378, 16, -1.5000000000000002, 333, 0.13398574979919697
379, 34, -3.3000000000000016, 332, 0.20294985942300747
380, 15, -1.4000000000000001, 300, 0.16205535424156198
381, 17, -1.6000000000000003, 320, 0.17293359122337715
382, 20, -1.9000000000000006, 316, 0.16489618224761737
383, 11, -0.9999999999999999, 320, 0.13240597583942149
384, 21, -2.0000000000000004, 320, 0.15708732967971795
385, 15, -1.4000000000000001, 350, 0.10634672193546868
386, 13, -1.2, 333, 0.1398039702783076
387, 15, -1.4000000000000001, 324, 0.19963604424015513
388, 21, -2.0000000000000004, 302, 0.23356861319762334
389, 36, -3.5000000000000018, 333, 0.12242358064777314
390, 36, -3.5000000000000018, 314, 0.1622202701524314
391, 14, -1.3, 321, 0.13243706946099665
392, 11, -0.9999999999999999, 345, 0.19151534089263356
393, 22, -2.1000000000000005, 334, 0.15428722423530838
394, 14, -1.3, 303, 0.17680984316973714
395, 11, -0.9999999999999999, 329, 0.18884032847773025
396, 12, -1.0999999999999999, 358, 0.2083393014829682
397, 19, -1.8000000000000005, 337, 0.14239712223505308
398, 25, -2.400000000000001, 327, 0.16244299337129642
399, 14, -1.3, 328, 0.12092347190390829
400, 17, -1.6000000000000003, 337, 0.15840471268393785
401, 13, -1.2, 338, 0.16758421847868288
402, 24, -2.3000000000000007, 339, 0.17110102208108946
403, 36, -3.5000000000000018, 339, 0.16058835906544766
404, 36, -3.5000000000000018, 350, 0.13446802495939392
405, 15, -1.4000000000000001, 337, 0.16128319427904436
406, 16, -1.5000000000000002, 354, 0.14697073607527555
407, 13, -1.2, 349, 0.14641832194952875
408, 14, -1.3, 325, 0.15313304341299522
409, 36, -3.5000000000000018, 356, 0.11533380790319103
410, 30, -2.9000000000000012, 343, 0.15377452926040003
411, 15, -1.4000000000000001, 329, 0.2390165906244539
412, 17, -1.6000000000000003, 335, 0.10813556706369498
413, 12, -1.0999999999999999, 334, 0.12686053388782192
414, 36, -3.5000000000000018, 360, 0.15891410017737173
415, 13, -1.2, 347, 0.17538485497798895
416, 12, -1.0999999999999999, 344, 0.07071206677329311
417, 16, -1.5000000000000002, 336, 0.11593792645070145
418, 13, -1.2, 358, 0.14947146700163128
419, 18, -1.7000000000000004, 337, 0.10900867240809498
420, 33, -3.2000000000000015, 328, 0.1269477134637942
421, 36, -3.5000000000000018, 339, 0.1262385802984195
422, 36, -3.5000000000000018, 351, 0.07571508929444615
423, 15, -1.4000000000000001, 342, 0.14980670288900366
424, 36, -3.5000000000000018, 338, 0.15445524366456653
425, 11, -0.9999999999999999, 338, 0.17938462903547348
426, 17, -1.6000000000000003, 359, 0.14977794276140433
427, 36, -3.5000000000000018, 363, 0.1645914679396912
428, 15, -1.4000000000000001, 348, 0.21218948355785616
429, 15, -1.4000000000000001, 344, 0.1225697967604844
430, 18, -1.7000000000000004, 365, 0.14186842349302764
431, 13, -1.2, 369, 0.14568105636238293
432, 17, -1.6000000000000003, 359, 0.12113262323381668
433, 14, -1.3, 369, 0.23244317365932654
434, 12, -1.0999999999999999, 362, 0.2384042094965665
435, 31, -3.0000000000000013, 371, 0.14970312261592522
436, 22, -2.1000000000000005, 354, 0.14542294368743447
437, 13, -1.2, 375, 0.18009235100685805
438, 12, -1.0999999999999999, 367, 0.18603208003174654
439, 16, -1.5000000000000002, 376, 0.15421947306187567
440, 12, -1.0999999999999999, 394, 0.09838499487768604
441, 36, -3.5000000000000018, 363, 0.15666230612331605
442, 18, -1.7000000000000004, 361, 0.10825027649879215
443, 36, -3.5000000000000018, 381, 0.16788678225870513
444, 19, -1.8000000000000005, 361, 0.12436841460125692
445, 23, -2.2000000000000006, 359, 0.13112918503765658
446, 16, -1.5000000000000002, 390, 0.12420518345854781
447, 11, -0.9999999999999999, 368, 0.15556666802471497
448, 36, -3.5000000000000018, 390, 0.1774681841271742
449, 14, -1.3, 381, 0.1595103351695727
450, 17, -1.6000000000000003, 381, 0.14663264662006603
451, 20, -1.9000000000000006, 385, 0.18252097797384348
452, 16, -1.5000000000000002, 376, 0.11301183970443462
453, 17, -1.6000000000000003, 363, 0.15438371527424605
454, 24, -2.3000000000000007, 359, 0.14820279170666828
455, 15, -1.4000000000000001, 381, 0.15289830370759183
456, 28, -2.700000000000001, 380, 0.11028981714152392
457, 36, -3.5000000000000018, 384, 0.09973859731423818
458, 17, -1.6000000000000003, 407, 0.1718285901058585
459, 19, -1.8000000000000005, 389, 0.10079328010387856
460, 18, -1.7000000000000004, 391, 0.16965280132965543
461, 16, -1.5000000000000002, 372, 0.24451381922082827
462, 17, -1.6000000000000003, 377, 0.19343085695640672
463, 13, -1.2, 380, 0.14042671359757575
464, 36, -3.5000000000000018, 403, 0.1591289661893
465, 12, -1.0999999999999999, 401, 0.1492847440623224
466, 29, -2.800000000000001, 397, 0.17620522043677433
467, 21, -2.0000000000000004, 381, 0.1293813449804715
468, 16, -1.5000000000000002, 377, 0.1375176495849223
469, 16, -1.5000000000000002, 380, 0.10379099738884412
470, 12, -1.0999999999999999, 389, 0.13321569089121432
471, 19, -1.8000000000000005, 385, 0.13199460739695457
472, 36, -3.5000000000000018, 392, 0.18585148113712557
473, 12, -1.0999999999999999, 385, 0.11177054685520749
474, 13, -1.2, 409, 0.19365679562057525
475, 20, -1.9000000000000006, 409, 0.16285177190792943
476, 13, -1.2, 368, 0.18961303197907098
477, 13, -1.2, 392, 0.14817564744242295
478, 18, -1.7000000000000004, 386, 0.13862186345952143
479, 36, -3.5000000000000018, 397, 0.20282882933555602
480, 36, -3.5000000000000018, 415, 0.11797226732073796
481, 17, -1.6000000000000003, 398, 0.1099088841677287
482, 27, -2.600000000000001, 398, 0.14243487364727433
483, 36, -3.5000000000000018, 401, 0.1642228884989232
484, 36, -3.5000000000000018, 403, 0.0992179178017949
485, 26, -2.500000000000001, 411, 0.16690272256277583
486, 15, -1.4000000000000001, 407, 0.16123410243899083
487, 36, -3.5000000000000018, 427, 0.16278431136161564
488, 11, -0.9999999999999999, 395, 0.1583310514016153
489, 33, -3.2000000000000015, 392, 0.16468023677366617
490, 36, -3.5000000000000018, 430, 0.1478675270152015
491, 12, -1.0999999999999999, 373, 0.169857865529344
492, 14, -1.3, 393, 0.16088961776311894
493, 14, -1.3, 409, 0.12070128074340358
494, 11, -0.9999999999999999, 402, 0.13052244640965116
495, 23, -2.2000000000000006, 396, 0.20237012716602476
496, 16, -1.5000000000000002, 405, 0.17331811275517434
497, 32, -3.1000000000000014, 399, 0.21578055060907853
498, 27, -2.600000000000001, 396, 0.1771284068246889
499, 15, -1.4000000000000001, 411, 0.13211658004772775
500, 11, -0.9999999999999999, 419, 0.08909071794417267
