Episode, Steps, Reward, Time (in milliseconds), Convergence
1, 36, -3.5000000000000018, 5, 0.05531385654128354
2, 36, -3.5000000000000018, 5, 0.05494998482936772
3, 36, -3.5000000000000018, 5, 0.05323929052789378
4, 36, -3.5000000000000018, 6, 0.05473248511318635
5, 36, -3.5000000000000018, 4, 0.05183537698507169
6, 36, -3.5000000000000018, 5, 0.05260929958538507
7, 36, -3.5000000000000018, 5, 0.0646076662679558
8, 36, -3.5000000000000018, 7, 0.0533460470526711
9, 36, -3.5000000000000018, 8, 0.0689330919216608
10, 36, -3.5000000000000018, 7, 0.04818207369148236
11, 36, -3.5000000000000018, 9, 0.05224556857278878
12, 36, -3.5000000000000018, 10, 0.05923121482049715
13, 36, -3.5000000000000018, 9, 0.04251266117793995
14, 27, -2.600000000000001, 12, 0.04333981651915919
15, 36, -3.5000000000000018, 11, 0.04415012115514816
16, 36, -3.5000000000000018, 11, 0.043354097394141866
17, 36, -3.5000000000000018, 11, 0.05150602777284807
18, 36, -3.5000000000000018, 10, 0.05357302725335222
19, 36, -3.5000000000000018, 11, 0.05174389520522027
20, 36, -3.5000000000000018, 11, 0.08557512816656736
21, 36, -3.5000000000000018, 13, 0.053274597674129454
22, 36, -3.5000000000000018, 15, 0.0664902150039518
23, 36, -3.5000000000000018, 14, 0.07326139638221812
24, 36, -3.5000000000000018, 14, 0.07430806495937431
25, 33, -3.2000000000000015, 12, 0.044097760471270564
26, 36, -3.5000000000000018, 11, 0.05200374192930379
27, 36, -3.5000000000000018, 14, 0.0838679056184292
28, 36, -3.5000000000000018, 15, 0.06537977036198916
29, 23, -2.2000000000000006, 14, 0.05363909910961562
30, 36, -3.5000000000000018, 14, 0.06194425630942857
31, 36, -3.5000000000000018, 13, 0.0614033597558168
32, 36, -3.5000000000000018, 13, 0.06473520349707385
33, 36, -3.5000000000000018, 15, 0.07034611447127043
34, 16, -1.5000000000000002, 15, 0.05937230892150269
35, 36, -3.5000000000000018, 15, 0.0606062037020223
36, 36, -3.5000000000000018, 13, 0.04785153497875144
37, 19, -1.8000000000000005, 15, 0.03420861146414156
38, 36, -3.5000000000000018, 15, 0.059598761704489855
39, 17, -1.6000000000000003, 14, 0.03204624239291587
40, 11, -0.9999999999999999, 15, 0.03580987283204229
41, 17, -1.6000000000000003, 15, 0.02764556208583191
42, 36, -3.5000000000000018, 15, 0.08661897721249867
43, 30, -2.9000000000000012, 16, 0.10614558877652994
44, 30, -2.9000000000000012, 15, 0.05864394239300774
45, 17, -1.6000000000000003, 16, 0.06149749659258599
46, 18, -1.7000000000000004, 15, 0.027503768697208497
47, 15, -1.4000000000000001, 17, 0.06754371715718221
48, 13, -1.2, 17, 0.07048698385929197
49, 27, -2.600000000000001, 16, 0.05063198044665285
50, 14, -1.3, 17, 0.08570419270998964
51, 36, -3.5000000000000018, 18, 0.05793015441862459
52, 23, -2.2000000000000006, 17, 0.041022435574795124
53, 11, -0.9999999999999999, 17, 0.07837215382794621
54, 15, -1.4000000000000001, 17, 0.08716830048258584
55, 11, -0.9999999999999999, 17, 0.05495005230859085
56, 14, -1.3, 21, 0.06405332886597091
57, 18, -1.7000000000000004, 18, 0.07283254096338143
58, 19, -1.8000000000000005, 18, 0.058906615553280695
59, 19, -1.8000000000000005, 18, 0.06374604541228024
60, 15, -1.4000000000000001, 18, 0.04215945519040387
61, 15, -1.4000000000000001, 18, 0.07657705767459555
62, 36, -3.5000000000000018, 19, 0.05054111923878879
63, 29, -2.800000000000001, 19, 0.03493694521809809
64, 13, -1.2, 19, 0.046050426112741016
65, 13, -1.2, 19, 0.06253420912758861
66, 15, -1.4000000000000001, 17, 0.056792608888646456
67, 20, -1.9000000000000006, 19, 0.06493663778002895
68, 36, -3.5000000000000018, 20, 0.06200094625531545
69, 19, -1.8000000000000005, 20, 0.06768723374544217
70, 11, -0.9999999999999999, 18, 0.06217877026750657
71, 14, -1.3, 19, 0.05613281159504191
72, 21, -2.0000000000000004, 20, 0.10885505472357182
73, 21, -2.0000000000000004, 19, 0.13321667411748517
74, 15, -1.4000000000000001, 19, 0.05069672666605263
75, 15, -1.4000000000000001, 19, 0.05854585736104079
76, 12, -1.0999999999999999, 22, 0.04268732117828766
77, 18, -1.7000000000000004, 19, 0.08320923461530713
78, 14, -1.3, 22, 0.03190723437731513
79, 18, -1.7000000000000004, 20, 0.09507634829150718
80, 11, -0.9999999999999999, 20, 0.06871847175363699
81, 36, -3.5000000000000018, 23, 0.06939577172524047
82, 20, -1.9000000000000006, 21, 0.06858060529595178
83, 36, -3.5000000000000018, 21, 0.11679895414347746
84, 16, -1.5000000000000002, 22, 0.07815421288564928
85, 35, -3.4000000000000017, 21, 0.06380278867768574
86, 12, -1.0999999999999999, 21, 0.08424565625064967
87, 15, -1.4000000000000001, 21, 0.0918900105458943
88, 13, -1.2, 21, 0.08182757589902423
89, 11, -0.9999999999999999, 20, 0.06393396854977022
90, 14, -1.3, 23, 0.047219470258222485
91, 11, -0.9999999999999999, 21, 0.07795700596687999
92, 17, -1.6000000000000003, 20, 0.03288952711494275
93, 13, -1.2, 21, 0.057046697526022816
94, 12, -1.0999999999999999, 20, 0.0473217909113226
95, 12, -1.0999999999999999, 22, 0.09424742267497721
96, 29, -2.800000000000001, 21, 0.058620628393881324
97, 14, -1.3, 22, 0.05789406480830528
98, 15, -1.4000000000000001, 21, 0.10577950145404702
99, 20, -1.9000000000000006, 23, 0.0827533390821853
100, 17, -1.6000000000000003, 23, 0.0922944248601919
101, 28, -2.700000000000001, 22, 0.06752708385038642
102, 11, -0.9999999999999999, 23, 0.06587079160625842
103, 11, -0.9999999999999999, 22, 0.08124195071808055
104, 13, -1.2, 22, 0.0798513798621322
105, 16, -1.5000000000000002, 23, 0.0802296386880591
106, 33, -3.2000000000000015, 24, 0.04185419228855425
107, 13, -1.2, 23, 0.027485958489695372
108, 36, -3.5000000000000018, 24, 0.08000789227280403
109, 24, -2.3000000000000007, 23, 0.09631892392433339
110, 15, -1.4000000000000001, 25, 0.0678579102747956
111, 11, -0.9999999999999999, 25, 0.08686622432290425
112, 29, -2.800000000000001, 23, 0.07512670720891457
113, 12, -1.0999999999999999, 27, 0.08881368597658001
114, 15, -1.4000000000000001, 24, 0.05068368660413042
115, 15, -1.4000000000000001, 25, 0.06250864456900096
116, 15, -1.4000000000000001, 25, 0.06983221736619649
117, 11, -0.9999999999999999, 25, 0.06426326770774526
118, 13, -1.2, 25, 0.029067577735302774
119, 17, -1.6000000000000003, 23, 0.08675982367088608
120, 19, -1.8000000000000005, 23, 0.06952030802924618
121, 11, -0.9999999999999999, 25, 0.11168175170123978
122, 15, -1.4000000000000001, 25, 0.07294851838770816
123, 18, -1.7000000000000004, 25, 0.06328242412847063
124, 16, -1.5000000000000002, 26, 0.0323919911970767
125, 13, -1.2, 26, 0.04699250966495583
126, 16, -1.5000000000000002, 25, 0.0529662400816614
127, 20, -1.9000000000000006, 26, 0.09057062322223752
128, 36, -3.5000000000000018, 26, 0.1075111867975892
129, 13, -1.2, 27, 0.10600973839038785
130, 27, -2.600000000000001, 25, 0.07369409884676359
131, 14, -1.3, 28, 0.07363643492074878
132, 19, -1.8000000000000005, 29, 0.0841168232141023
133, 20, -1.9000000000000006, 25, 0.03231222993418825
134, 11, -0.9999999999999999, 26, 0.08314079988835632
135, 17, -1.6000000000000003, 28, 0.061073879608401216
136, 14, -1.3, 26, 0.058073201627810045
137, 11, -0.9999999999999999, 26, 0.09121608221689803
138, 12, -1.0999999999999999, 27, 0.049471889509539735
139, 20, -1.9000000000000006, 29, 0.10541414477379363
140, 18, -1.7000000000000004, 27, 0.07309599707324277
141, 17, -1.6000000000000003, 27, 0.06841344375560665
142, 11, -0.9999999999999999, 28, 0.03232780565972515
143, 20, -1.9000000000000006, 27, 0.028083393730396367
144, 11, -0.9999999999999999, 27, 0.07696132828684898
145, 16, -1.5000000000000002, 28, 0.032268763308213155
146, 26, -2.500000000000001, 29, 0.09939544271109313
147, 13, -1.2, 27, 0.07179338718062428
148, 13, -1.2, 28, 0.06495957744730615
149, 26, -2.500000000000001, 31, 0.06613186701892282
150, 11, -0.9999999999999999, 28, 0.06062856966066277
151, 32, -3.1000000000000014, 28, 0.06545397665731678
152, 15, -1.4000000000000001, 28, 0.0668615391532299
153, 13, -1.2, 31, 0.0616116844104847
154, 21, -2.0000000000000004, 28, 0.052487590698230946
155, 13, -1.2, 28, 0.072325267475573
156, 15, -1.4000000000000001, 30, 0.06794794867926068
157, 21, -2.0000000000000004, 28, 0.06352164579033692
158, 20, -1.9000000000000006, 26, 0.04885986315280469
159, 34, -3.3000000000000016, 29, 0.06587979930516863
160, 14, -1.3, 30, 0.07721703318629419
161, 28, -2.700000000000001, 30, 0.07957897067473763
162, 36, -3.5000000000000018, 31, 0.06433851430767223
163, 12, -1.0999999999999999, 29, 0.0399965225448593
164, 17, -1.6000000000000003, 28, 0.047969425518580744
165, 17, -1.6000000000000003, 29, 0.09157237141481889
166, 12, -1.0999999999999999, 32, 0.07820252516442772
167, 13, -1.2, 32, 0.07151998215991184
168, 14, -1.3, 31, 0.10761264771326373
169, 13, -1.2, 29, 0.06525180666029248
170, 22, -2.1000000000000005, 31, 0.037262966704496026
171, 14, -1.3, 30, 0.11705340199364556
172, 15, -1.4000000000000001, 30, 0.06972579250698713
173, 15, -1.4000000000000001, 31, 0.08845653450068591
174, 16, -1.5000000000000002, 31, 0.06663963541821377
175, 17, -1.6000000000000003, 30, 0.06144872325104611
176, 17, -1.6000000000000003, 30, 0.06890628710883151
177, 20, -1.9000000000000006, 29, 0.03867029976933545
178, 11, -0.9999999999999999, 30, 0.04127781181356471
179, 11, -0.9999999999999999, 31, 0.06062472894433707
180, 15, -1.4000000000000001, 31, 0.024006910818285432
181, 12, -1.0999999999999999, 30, 0.06143049476929607
182, 13, -1.2, 37, 0.0832413481929617
183, 13, -1.2, 32, 0.020380112868023215
184, 15, -1.4000000000000001, 32, 0.055610072419585266
185, 16, -1.5000000000000002, 31, 0.05329294997053585
186, 15, -1.4000000000000001, 33, 0.04312510045604312
187, 13, -1.2, 30, 0.08355003329890409
188, 13, -1.2, 31, 0.0683382481546202
189, 11, -0.9999999999999999, 31, 0.09386061910270815
190, 16, -1.5000000000000002, 32, 0.04061194062583462
191, 24, -2.3000000000000007, 31, 0.07844781642394061
192, 11, -0.9999999999999999, 33, 0.0222074225636254
193, 18, -1.7000000000000004, 33, 0.07673302518477657
194, 14, -1.3, 34, 0.040561827637790815
195, 15, -1.4000000000000001, 35, 0.04785703180636469
196, 16, -1.5000000000000002, 32, 0.057044933612878435
197, 13, -1.2, 32, 0.07651234697278042
198, 17, -1.6000000000000003, 37, 0.04969677844811282
199, 12, -1.0999999999999999, 34, 0.0751434150667436
200, 13, -1.2, 34, 0.09373443528322967
201, 11, -0.9999999999999999, 35, 0.08351599745194505
202, 16, -1.5000000000000002, 33, 0.10693133767768459
203, 17, -1.6000000000000003, 33, 0.07206208209532428
204, 13, -1.2, 40, 0.038756068187388526
205, 12, -1.0999999999999999, 33, 0.09409461369335537
206, 12, -1.0999999999999999, 32, 0.06340237501869805
207, 20, -1.9000000000000006, 33, 0.08398106168925434
208, 16, -1.5000000000000002, 33, 0.05879143246049945
209, 21, -2.0000000000000004, 34, 0.08069638278487923
210, 22, -2.1000000000000005, 36, 0.06986987025333302
211, 14, -1.3, 35, 0.07630623901191802
212, 11, -0.9999999999999999, 37, 0.05841126451513046
213, 15, -1.4000000000000001, 35, 0.08898701992117597
214, 17, -1.6000000000000003, 36, 0.08113973727878365
215, 36, -3.5000000000000018, 34, 0.07102832966311157
216, 17, -1.6000000000000003, 36, 0.08153246798885438
217, 17, -1.6000000000000003, 35, 0.06160018743451745
218, 15, -1.4000000000000001, 35, 0.07410870546334025
219, 19, -1.8000000000000005, 34, 0.057428285882313634
220, 11, -0.9999999999999999, 35, 0.0726686247480951
221, 15, -1.4000000000000001, 36, 0.07480533002371725
222, 14, -1.3, 37, 0.04859485487461612
223, 15, -1.4000000000000001, 38, 0.06399497341249638
224, 20, -1.9000000000000006, 38, 0.07529765113016218
225, 16, -1.5000000000000002, 37, 0.067049871911385
226, 23, -2.2000000000000006, 39, 0.07611202214433455
227, 15, -1.4000000000000001, 39, 0.048446358236462705
228, 13, -1.2, 36, 0.10110591768429733
229, 14, -1.3, 37, 0.07190961672429991
230, 13, -1.2, 36, 0.025793363404720493
231, 17, -1.6000000000000003, 35, 0.023895525893384395
232, 36, -3.5000000000000018, 37, 0.08852265367730361
233, 13, -1.2, 35, 0.055529279048579516
234, 16, -1.5000000000000002, 35, 0.038326861709341964
235, 21, -2.0000000000000004, 36, 0.07405639790145996
236, 11, -0.9999999999999999, 35, 0.06657237375292802
237, 16, -1.5000000000000002, 36, 0.07759920064646636
238, 16, -1.5000000000000002, 40, 0.07900444867507417
239, 22, -2.1000000000000005, 39, 0.08658697591764608
240, 13, -1.2, 38, 0.06648470819728591
241, 20, -1.9000000000000006, 37, 0.06706950050273319
242, 14, -1.3, 39, 0.12016004459547958
243, 11, -0.9999999999999999, 39, 0.06406813421193114
244, 19, -1.8000000000000005, 37, 0.029230622022132557
245, 19, -1.8000000000000005, 38, 0.07797462105498276
246, 15, -1.4000000000000001, 36, 0.049517575605638964
247, 15, -1.4000000000000001, 38, 0.05726567041313679
248, 12, -1.0999999999999999, 41, 0.08017118540875906
249, 27, -2.600000000000001, 39, 0.05889799670091944
250, 16, -1.5000000000000002, 38, 0.08993595553708067
251, 12, -1.0999999999999999, 39, 0.0769156354031919
252, 16, -1.5000000000000002, 41, 0.02749026641477703
253, 16, -1.5000000000000002, 40, 0.07272917049145794
254, 36, -3.5000000000000018, 37, 0.06634620702082605
255, 17, -1.6000000000000003, 40, 0.07965296243073794
256, 15, -1.4000000000000001, 39, 0.030375092792913283
257, 22, -2.1000000000000005, 40, 0.08402525869657085
258, 11, -0.9999999999999999, 41, 0.08486159035185392
259, 17, -1.6000000000000003, 40, 0.1177156754863189
260, 12, -1.0999999999999999, 39, 0.10258600162025533
261, 16, -1.5000000000000002, 39, 0.06179462691002979
262, 11, -0.9999999999999999, 39, 0.07643266897672407
263, 13, -1.2, 41, 0.08475108360976069
264, 14, -1.3, 44, 0.09673662529489313
265, 19, -1.8000000000000005, 39, 0.05153700466925948
266, 13, -1.2, 39, 0.12233831284493035
267, 36, -3.5000000000000018, 41, 0.05442697678844011
268, 25, -2.400000000000001, 40, 0.029707211180640347
269, 15, -1.4000000000000001, 40, 0.03099656190062733
270, 16, -1.5000000000000002, 40, 0.03243361217331375
271, 16, -1.5000000000000002, 40, 0.025829969084766424
272, 11, -0.9999999999999999, 40, 0.02517636078105112
273, 11, -0.9999999999999999, 42, 0.061569473315912615
274, 19, -1.8000000000000005, 39, 0.07541289151184016
275, 11, -0.9999999999999999, 41, 0.028760750098027643
276, 13, -1.2, 42, 0.06303417905880115
277, 11, -0.9999999999999999, 45, 0.0668842139720951
278, 11, -0.9999999999999999, 42, 0.11153626353589316
279, 12, -1.0999999999999999, 42, 0.08444372407776857
280, 14, -1.3, 40, 0.0653067385767683
281, 12, -1.0999999999999999, 42, 0.07131755201684631
282, 19, -1.8000000000000005, 42, 0.0836956435502848
283, 11, -0.9999999999999999, 42, 0.028585749527268667
284, 36, -3.5000000000000018, 41, 0.04204470274143246
285, 14, -1.3, 42, 0.07746484842655421
286, 16, -1.5000000000000002, 41, 0.055978898512511366
287, 14, -1.3, 44, 0.07522731346072575
288, 16, -1.5000000000000002, 45, 0.05306866290985046
289, 13, -1.2, 43, 0.0807149652776038
290, 24, -2.3000000000000007, 43, 0.07661513344111004
291, 11, -0.9999999999999999, 43, 0.10624419218674469
292, 16, -1.5000000000000002, 45, 0.026830034582545403
293, 22, -2.1000000000000005, 41, 0.0658215935587304
294, 11, -0.9999999999999999, 44, 0.09437062775420474
295, 13, -1.2, 43, 0.054924748190253725
296, 17, -1.6000000000000003, 43, 0.022630221406630402
297, 12, -1.0999999999999999, 50, 0.048799955967455344
298, 12, -1.0999999999999999, 45, 0.09258161702185064
299, 11, -0.9999999999999999, 44, 0.027119684348910322
300, 19, -1.8000000000000005, 45, 0.09412437381272298
301, 11, -0.9999999999999999, 45, 0.058640760971988226
302, 18, -1.7000000000000004, 44, 0.07187156641426518
303, 17, -1.6000000000000003, 43, 0.07894580161828502
304, 21, -2.0000000000000004, 43, 0.029981055612537055
305, 11, -0.9999999999999999, 44, 0.06505556674147606
306, 36, -3.5000000000000018, 44, 0.09295407224263774
307, 15, -1.4000000000000001, 43, 0.07058373041043323
308, 19, -1.8000000000000005, 43, 0.08564868968697814
309, 12, -1.0999999999999999, 44, 0.08567210250733392
310, 12, -1.0999999999999999, 46, 0.07326072164831188
311, 11, -0.9999999999999999, 47, 0.0777872421333412
312, 14, -1.3, 45, 0.07179033803622581
313, 17, -1.6000000000000003, 47, 0.04647118921932947
314, 17, -1.6000000000000003, 44, 0.0318765987645907
315, 13, -1.2, 43, 0.07754671694306525
316, 15, -1.4000000000000001, 44, 0.0677449533768838
317, 13, -1.2, 44, 0.028639464953672256
318, 11, -0.9999999999999999, 46, 0.07222930356888546
319, 16, -1.5000000000000002, 47, 0.08010673626200038
320, 11, -0.9999999999999999, 49, 0.07443656614453176
321, 15, -1.4000000000000001, 47, 0.07510493196122137
322, 12, -1.0999999999999999, 48, 0.030719516683728187
323, 23, -2.2000000000000006, 47, 0.0343587735459685
324, 14, -1.3, 46, 0.1279231953542474
325, 13, -1.2, 46, 0.05160106460129921
326, 17, -1.6000000000000003, 46, 0.03572329593483481
327, 14, -1.3, 50, 0.06752176254158204
328, 22, -2.1000000000000005, 47, 0.024626072460123716
329, 13, -1.2, 46, 0.09645536004587127
330, 17, -1.6000000000000003, 45, 0.09503884424632503
331, 12, -1.0999999999999999, 47, 0.0697988303184447
332, 12, -1.0999999999999999, 49, 0.03591582563917095
333, 22, -2.1000000000000005, 48, 0.08878744421648432
334, 19, -1.8000000000000005, 47, 0.06601859292390616
335, 11, -0.9999999999999999, 48, 0.06762581039651172
336, 12, -1.0999999999999999, 47, 0.06425155857111053
337, 15, -1.4000000000000001, 48, 0.04695581430187701
338, 12, -1.0999999999999999, 47, 0.05962316822399605
339, 36, -3.5000000000000018, 48, 0.06541980777820428
340, 18, -1.7000000000000004, 50, 0.07574068797633327
341, 26, -2.500000000000001, 48, 0.0582486539232987
342, 11, -0.9999999999999999, 48, 0.05541224944844336
343, 14, -1.3, 50, 0.038076940990321884
344, 15, -1.4000000000000001, 50, 0.02931156975023863
345, 11, -0.9999999999999999, 48, 0.07243726059691491
346, 15, -1.4000000000000001, 47, 0.05906770802397787
347, 12, -1.0999999999999999, 48, 0.07260788889514469
348, 36, -3.5000000000000018, 48, 0.07688469383909113
349, 16, -1.5000000000000002, 49, 0.036078088100738204
350, 18, -1.7000000000000004, 49, 0.06174994374827422
351, 21, -2.0000000000000004, 48, 0.05290000657202171
352, 20, -1.9000000000000006, 52, 0.07405173508638818
353, 11, -0.9999999999999999, 50, 0.08132205809221171
354, 16, -1.5000000000000002, 47, 0.07927460708005574
355, 22, -2.1000000000000005, 51, 0.029886002388032074
356, 19, -1.8000000000000005, 50, 0.039951680679207735
357, 17, -1.6000000000000003, 50, 0.06286435416552949
358, 17, -1.6000000000000003, 49, 0.07488452516763244
359, 29, -2.800000000000001, 48, 0.07011129435814778
360, 17, -1.6000000000000003, 53, 0.06645950361757336
361, 15, -1.4000000000000001, 48, 0.057891844488278554
362, 19, -1.8000000000000005, 50, 0.0358013216141847
363, 14, -1.3, 56, 0.04083829408008488
364, 16, -1.5000000000000002, 52, 0.09245810549450595
365, 15, -1.4000000000000001, 52, 0.08189951751122104
366, 23, -2.2000000000000006, 53, 0.07288279591502478
367, 36, -3.5000000000000018, 52, 0.09837095813081387
368, 25, -2.400000000000001, 52, 0.050612696025075454
369, 12, -1.0999999999999999, 52, 0.09375593824225648
370, 16, -1.5000000000000002, 54, 0.07771230787247341
371, 14, -1.3, 54, 0.06737028597652012
372, 11, -0.9999999999999999, 54, 0.0680395944881842
373, 14, -1.3, 48, 0.04867342944842423
374, 16, -1.5000000000000002, 53, 0.06684784153225654
375, 13, -1.2, 53, 0.06618436149059093
376, 18, -1.7000000000000004, 52, 0.11017936337628159
377, 11, -0.9999999999999999, 51, 0.05903557386022218
378, 17, -1.6000000000000003, 51, 0.04076094762720994
379, 19, -1.8000000000000005, 56, 0.07980073672333449
380, 13, -1.2, 52, 0.0346404017829538
381, 16, -1.5000000000000002, 54, 0.06696442860917229
382, 19, -1.8000000000000005, 55, 0.03727936881770266
383, 17, -1.6000000000000003, 53, 0.03852065592182674
384, 14, -1.3, 52, 0.12324893524350367
385, 17, -1.6000000000000003, 53, 0.07980945840279807
386, 20, -1.9000000000000006, 55, 0.058423211578654044
387, 22, -2.1000000000000005, 54, 0.053939758875251265
388, 14, -1.3, 52, 0.06825124946416083
389, 14, -1.3, 51, 0.07511781189868028
390, 14, -1.3, 61, 0.08854234014706053
391, 15, -1.4000000000000001, 55, 0.052790515252872705
392, 23, -2.2000000000000006, 52, 0.08621380290090536
393, 20, -1.9000000000000006, 54, 0.06556572414533113
394, 11, -0.9999999999999999, 53, 0.05714623141054542
395, 12, -1.0999999999999999, 53, 0.08368737309255755
396, 13, -1.2, 55, 0.07995449227670981
397, 12, -1.0999999999999999, 53, 0.06122914030656479
398, 11, -0.9999999999999999, 55, 0.07998523637147786
399, 11, -0.9999999999999999, 56, 0.06314607453556909
400, 15, -1.4000000000000001, 56, 0.04480619889219095
401, 14, -1.3, 55, 0.06508388417239863
402, 28, -2.700000000000001, 55, 0.06653009961243406
403, 24, -2.3000000000000007, 54, 0.03855333776042169
404, 14, -1.3, 56, 0.08578647665985273
405, 17, -1.6000000000000003, 57, 0.058499533989467056
406, 12, -1.0999999999999999, 55, 0.09021254630666348
407, 11, -0.9999999999999999, 53, 0.09224187386183286
408, 15, -1.4000000000000001, 57, 0.07855040309836603
409, 24, -2.3000000000000007, 58, 0.06801712898409484
410, 18, -1.7000000000000004, 54, 0.07470740576258594
411, 18, -1.7000000000000004, 57, 0.04286524683681814
412, 17, -1.6000000000000003, 55, 0.07085612681898112
413, 18, -1.7000000000000004, 54, 0.054347139683997625
414, 16, -1.5000000000000002, 54, 0.05595850670415392
415, 13, -1.2, 56, 0.07087455548309696
416, 15, -1.4000000000000001, 58, 0.048748063560392074
417, 19, -1.8000000000000005, 56, 0.05785751207384093
418, 13, -1.2, 58, 0.07424399117670055
419, 17, -1.6000000000000003, 59, 0.07057953769305281
420, 17, -1.6000000000000003, 57, 0.0352057023271205
421, 34, -3.3000000000000016, 58, 0.0764340000397522
422, 15, -1.4000000000000001, 56, 0.060978932679985776
423, 17, -1.6000000000000003, 57, 0.06911040347532227
424, 15, -1.4000000000000001, 57, 0.05745926744748875
425, 14, -1.3, 54, 0.08273292285580625
426, 20, -1.9000000000000006, 61, 0.060965828132688915
427, 15, -1.4000000000000001, 59, 0.07552124153691486
428, 17, -1.6000000000000003, 57, 0.0959850445538134
429, 20, -1.9000000000000006, 58, 0.08223788429822798
430, 14, -1.3, 55, 0.03317085919611218
431, 13, -1.2, 57, 0.06907764121050775
432, 11, -0.9999999999999999, 55, 0.10481528797668321
433, 16, -1.5000000000000002, 60, 0.07285630960059941
434, 13, -1.2, 57, 0.101013154450319
435, 17, -1.6000000000000003, 63, 0.07109829690848002
436, 22, -2.1000000000000005, 61, 0.06100900015715294
437, 14, -1.3, 59, 0.06856016999477443
438, 13, -1.2, 58, 0.030694853369367447
439, 13, -1.2, 58, 0.08959296773810832
440, 13, -1.2, 63, 0.03796169631888957
441, 32, -3.1000000000000014, 59, 0.08367580984699086
442, 30, -2.9000000000000012, 60, 0.0722735597191641
443, 13, -1.2, 65, 0.0795376017231017
444, 27, -2.600000000000001, 60, 0.11084593979246471
445, 15, -1.4000000000000001, 60, 0.07503091406386264
446, 19, -1.8000000000000005, 64, 0.07455769515943222
447, 16, -1.5000000000000002, 58, 0.09409038703097786
448, 18, -1.7000000000000004, 58, 0.09116112363134898
449, 15, -1.4000000000000001, 60, 0.053456137622976074
450, 12, -1.0999999999999999, 62, 0.06331960338395143
451, 17, -1.6000000000000003, 63, 0.06744254891175949
452, 11, -0.9999999999999999, 63, 0.04767971849625807
453, 13, -1.2, 62, 0.09057949338918259
454, 11, -0.9999999999999999, 61, 0.04954583274805335
455, 17, -1.6000000000000003, 60, 0.02926571690919022
456, 14, -1.3, 64, 0.07845644582353195
457, 14, -1.3, 62, 0.0780692118229428
458, 16, -1.5000000000000002, 60, 0.04194424888605175
459, 16, -1.5000000000000002, 63, 0.05438353161314069
460, 20, -1.9000000000000006, 62, 0.08394787764822198
461, 15, -1.4000000000000001, 62, 0.04849951227820848
462, 13, -1.2, 63, 0.03768400838776986
463, 15, -1.4000000000000001, 62, 0.032901167178313484
464, 16, -1.5000000000000002, 60, 0.09054704331202323
465, 16, -1.5000000000000002, 61, 0.08540438557109492
466, 13, -1.2, 63, 0.0655086560374617
467, 11, -0.9999999999999999, 64, 0.032189180189312105
468, 14, -1.3, 63, 0.05238850706095011
469, 17, -1.6000000000000003, 71, 0.057709872032537746
470, 12, -1.0999999999999999, 60, 0.049349813917913044
471, 25, -2.400000000000001, 60, 0.08320516201285078
472, 11, -0.9999999999999999, 62, 0.07008279593823918
473, 14, -1.3, 62, 0.08191898571674588
474, 16, -1.5000000000000002, 61, 0.07094563707754609
475, 14, -1.3, 66, 0.093261203761731
476, 19, -1.8000000000000005, 63, 0.07013423292640014
477, 12, -1.0999999999999999, 62, 0.06205646876434423
478, 15, -1.4000000000000001, 64, 0.06848716211152361
479, 12, -1.0999999999999999, 64, 0.048543893567657426
480, 20, -1.9000000000000006, 62, 0.06325211871644809
481, 13, -1.2, 64, 0.07997076202071152
482, 15, -1.4000000000000001, 62, 0.05027305104954194
483, 26, -2.500000000000001, 67, 0.08430135902505709
484, 12, -1.0999999999999999, 64, 0.08613327277579852
485, 11, -0.9999999999999999, 64, 0.07825504087437707
486, 12, -1.0999999999999999, 61, 0.0761560660850624
487, 13, -1.2, 62, 0.024661394057194697
488, 16, -1.5000000000000002, 63, 0.05448164794189431
489, 18, -1.7000000000000004, 65, 0.09666691062959498
490, 16, -1.5000000000000002, 64, 0.06941878316123506
491, 15, -1.4000000000000001, 69, 0.05859897803398939
492, 15, -1.4000000000000001, 64, 0.06824692702770752
493, 18, -1.7000000000000004, 63, 0.03967330132856184
494, 24, -2.3000000000000007, 65, 0.11626460976527608
495, 16, -1.5000000000000002, 62, 0.08486334454559108
496, 14, -1.3, 64, 0.07879622434214018
497, 11, -0.9999999999999999, 67, 0.053517600799267484
498, 22, -2.1000000000000005, 67, 0.05332544395845401
499, 16, -1.5000000000000002, 70, 0.03971711277048584
500, 18, -1.7000000000000004, 69, 0.07234528439503474
