Episode, Steps, Reward, Time (in milliseconds), Convergence
1, 225, -22.40000000000005, 71, 0.2
2, 225, -22.40000000000005, 71, 0.19576953664385344
3, 225, -22.40000000000005, 76, 0.016118376773780668
4, 225, -22.40000000000005, 99, 0.18173523963341576
5, 225, -22.40000000000005, 104, 0.17993973264082452
6, 225, -22.40000000000005, 137, 0.017905593262951103
7, 225, -22.40000000000005, 130, 0.19804282837780685
8, 225, -22.40000000000005, 138, 0.01685310939703119
9, 225, -22.40000000000005, 186, 0.016374212092376828
10, 225, -22.40000000000005, 180, 0.015269516529528071
11, 225, -22.40000000000005, 215, 0.17942593865194018
12, 225, -22.40000000000005, 219, 0.01609637217937912
13, 225, -22.40000000000005, 208, 0.10170388657745089
14, 225, -22.40000000000005, 239, 0.014854200283313024
15, 225, -22.40000000000005, 233, 0.016404382786068206
16, 225, -22.40000000000005, 274, 0.015796773530686203
17, 225, -22.40000000000005, 236, 0.014997726446211113
18, 225, -22.40000000000005, 248, 0.02099743849369065
19, 225, -22.40000000000005, 231, 0.09014870950456855
20, 225, -22.40000000000005, 270, 0.016419697852620874
21, 225, -22.40000000000005, 249, 0.17156635112038893
22, 225, -22.40000000000005, 296, 0.015773112337841177
23, 225, -22.40000000000005, 315, 0.01625787876089957
24, 225, -22.40000000000005, 295, 0.015702935277338403
25, 225, -22.40000000000005, 293, 0.016015268929524262
26, 225, -22.40000000000005, 313, 0.01562406386822679
27, 225, -22.40000000000005, 312, 0.01522705017507231
28, 225, -22.40000000000005, 338, 0.020241348545151805
29, 225, -22.40000000000005, 324, 0.01792262826900992
30, 225, -22.40000000000005, 348, 0.024674530620631088
31, 225, -22.40000000000005, 360, 0.0257551043180263
32, 225, -22.40000000000005, 342, 0.019494139675963196
33, 225, -22.40000000000005, 355, 0.19668552953582485
34, 225, -22.40000000000005, 371, 0.02490139154935979
35, 225, -22.40000000000005, 356, 0.014645831066499082
36, 225, -22.40000000000005, 377, 0.020919819331014278
37, 225, -22.40000000000005, 363, 0.1925663974338928
38, 225, -22.40000000000005, 369, 0.021165999893778265
39, 225, -22.40000000000005, 379, 0.01914207386871314
40, 225, -22.40000000000005, 374, 0.019882293035488108
41, 225, -22.40000000000005, 417, 0.193545767095755
42, 225, -22.40000000000005, 406, 0.018641151989730043
43, 225, -22.40000000000005, 421, 0.19586823519593333
44, 225, -22.40000000000005, 421, 0.017309171171791204
45, 225, -22.40000000000005, 440, 0.018281583307889232
46, 225, -22.40000000000005, 422, 0.17751574789630142
47, 225, -22.40000000000005, 426, 0.020046546026976086
48, 225, -22.40000000000005, 466, 0.19448059909681126
49, 225, -22.40000000000005, 435, 0.019562156776069428
50, 225, -22.40000000000005, 433, 0.014543089862708136
51, 225, -22.40000000000005, 450, 0.019024185486162803
52, 225, -22.40000000000005, 440, 0.016768334024910292
53, 225, -22.40000000000005, 476, 0.014873351419026237
54, 225, -22.40000000000005, 456, 0.019511536624281206
55, 225, -22.40000000000005, 470, 0.015875839043474782
56, 225, -22.40000000000005, 491, 0.01718232156744004
57, 225, -22.40000000000005, 457, 0.198851069126585
58, 225, -22.40000000000005, 469, 0.0255706592610615
59, 225, -22.40000000000005, 499, 0.022687549431671228
60, 225, -22.40000000000005, 473, 0.023275459681835198
61, 225, -22.40000000000005, 498, 0.019542576318064775
62, 225, -22.40000000000005, 525, 0.019842295549655664
63, 225, -22.40000000000005, 498, 0.014900271838865553
64, 225, -22.40000000000005, 510, 0.02478582575002547
65, 225, -22.40000000000005, 504, 0.019582769000643707
66, 225, -22.40000000000005, 507, 0.01649600656801309
67, 225, -22.40000000000005, 523, 0.025281522565766157
68, 225, -22.40000000000005, 551, 0.01963924211203405
69, 225, -22.40000000000005, 528, 0.01868127273637704
70, 225, -22.40000000000005, 538, 0.0199951659654386
71, 225, -22.40000000000005, 537, 0.018044379107941766
72, 225, -22.40000000000005, 520, 0.019393494383741716
73, 225, -22.40000000000005, 549, 0.0223894639143028
74, 225, -22.40000000000005, 538, 0.016375586910547524
75, 225, -22.40000000000005, 541, 0.026695017318543623
76, 225, -22.40000000000005, 545, 0.02159934747972536
77, 225, -22.40000000000005, 555, 0.021924682339574675
78, 225, -22.40000000000005, 566, 0.022067017634737174
79, 225, -22.40000000000005, 585, 0.021995559031354472
80, 225, -22.40000000000005, 547, 0.018418878239484626
81, 225, -22.40000000000005, 559, 0.02602571074545207
82, 225, -22.40000000000005, 564, 0.024024562478688005
83, 225, -22.40000000000005, 580, 0.018502156329657238
84, 225, -22.40000000000005, 595, 0.020875412022150375
85, 225, -22.40000000000005, 581, 0.02498956734926816
86, 225, -22.40000000000005, 594, 0.022546749811699157
87, 225, -22.40000000000005, 602, 0.020376787826647424
88, 225, -22.40000000000005, 603, 0.02789779121546132
89, 225, -22.40000000000005, 571, 0.016270062955979325
90, 225, -22.40000000000005, 591, 0.019948335281017915
91, 225, -22.40000000000005, 589, 0.024092802437320815
92, 225, -22.40000000000005, 627, 0.024679697758277275
93, 225, -22.40000000000005, 605, 0.018247085300192478
94, 166, -16.499999999999964, 601, 0.02616880262915433
95, 225, -22.40000000000005, 627, 0.02132867433788066
96, 225, -22.40000000000005, 587, 0.022066392819273195
97, 225, -22.40000000000005, 620, 0.02005829640389789
98, 225, -22.40000000000005, 616, 0.022560890467033357
99, 225, -22.40000000000005, 617, 0.01511198158269833
100, 225, -22.40000000000005, 662, 0.021079115407347526
101, 225, -22.40000000000005, 622, 0.019730804094739263
102, 225, -22.40000000000005, 617, 0.02532814016239404
103, 225, -22.40000000000005, 614, 0.022204310636223468
104, 225, -22.40000000000005, 641, 0.02615651978531966
105, 225, -22.40000000000005, 634, 0.018737032314928292
106, 225, -22.40000000000005, 633, 0.02266778244364609
107, 225, -22.40000000000005, 623, 0.02138152355061207
108, 225, -22.40000000000005, 676, 0.0227847012043626
109, 225, -22.40000000000005, 645, 0.1187645844232934
110, 225, -22.40000000000005, 658, 0.015295011448787199
111, 225, -22.40000000000005, 675, 0.022522219310274094
112, 225, -22.40000000000005, 680, 0.022343738666637858
113, 225, -22.40000000000005, 676, 0.030963617419633715
114, 225, -22.40000000000005, 700, 0.02290365943122291
115, 225, -22.40000000000005, 689, 0.01965602911222497
116, 114, -11.299999999999976, 677, 0.025501333592970465
117, 147, -14.599999999999964, 672, 0.020747374770687443
118, 225, -22.40000000000005, 672, 0.021106195818610368
119, 225, -22.40000000000005, 681, 0.18671873321817278
120, 225, -22.40000000000005, 696, 0.018567512138060405
121, 225, -22.40000000000005, 694, 0.019657335824952993
122, 225, -22.40000000000005, 670, 0.022110159125642848
123, 225, -22.40000000000005, 700, 0.027704210558169906
124, 225, -22.40000000000005, 692, 0.021851699056450347
125, 225, -22.40000000000005, 725, 0.025713642815097915
126, 172, -17.099999999999973, 701, 0.025929895384745105
127, 190, -18.9, 688, 0.020895132992771626
128, 225, -22.40000000000005, 717, 0.024254940106512024
129, 225, -22.40000000000005, 673, 0.013943679466859482
130, 225, -22.40000000000005, 725, 0.02702893064034323
131, 225, -22.40000000000005, 710, 0.02498428527628066
132, 225, -22.40000000000005, 716, 0.02495536088755279
133, 225, -22.40000000000005, 692, 0.020490918822380855
134, 149, -14.799999999999963, 724, 0.02041527476529925
135, 225, -22.40000000000005, 718, 0.014499068859740838
136, 225, -22.40000000000005, 743, 0.02567469935193012
137, 225, -22.40000000000005, 726, 0.01877608156652255
138, 225, -22.40000000000005, 730, 0.016036203383574366
139, 152, -15.099999999999962, 739, 0.017511419004857087
140, 225, -22.40000000000005, 748, 0.18238720284945975
141, 174, -17.299999999999976, 738, 0.0176318840311791
142, 225, -22.40000000000005, 743, 0.021500736571219203
143, 225, -22.40000000000005, 742, 0.025162172091669432
144, 225, -22.40000000000005, 778, 0.01713233685610449
145, 225, -22.40000000000005, 770, 0.022208272158691533
146, 225, -22.40000000000005, 730, 0.026271799465075088
147, 225, -22.40000000000005, 756, 0.022347281741593283
148, 218, -21.70000000000004, 793, 0.16996828747587367
149, 225, -22.40000000000005, 779, 0.022923284466977556
150, 225, -22.40000000000005, 866, 0.027957671158254316
151, 98, -9.699999999999982, 802, 0.024410218764535807
152, 203, -20.200000000000017, 789, 0.0261600461972491
153, 225, -22.40000000000005, 853, 0.02110470299710432
154, 225, -22.40000000000005, 750, 0.021569602644701424
155, 225, -22.40000000000005, 796, 0.0215916281185059
156, 225, -22.40000000000005, 780, 0.021234009784273145
157, 225, -22.40000000000005, 761, 0.02009078523289065
158, 225, -22.40000000000005, 773, 0.02498813153815857
159, 136, -13.499999999999968, 794, 0.016203020266795765
160, 157, -15.59999999999996, 796, 0.024894967591945177
161, 127, -12.599999999999971, 794, 0.024743685434417406
162, 177, -17.59999999999998, 811, 0.02220938767286773
163, 225, -22.40000000000005, 771, 0.0217175206057032
164, 225, -22.40000000000005, 826, 0.025097779131788123
165, 225, -22.40000000000005, 804, 0.02588555857175423
166, 225, -22.40000000000005, 788, 0.022391001988688597
167, 158, -15.69999999999996, 805, 0.028590559255557757
168, 225, -22.40000000000005, 779, 0.021002378437412927
169, 80, -7.899999999999988, 827, 0.02576808544539655
170, 225, -22.40000000000005, 814, 0.02129238766560171
171, 225, -22.40000000000005, 820, 0.02151604668865814
172, 88, -8.699999999999985, 814, 0.20213638441854376
173, 132, -13.09999999999997, 846, 0.02608995549346893
174, 213, -21.20000000000003, 821, 0.020623820807931903
175, 225, -22.40000000000005, 819, 0.020824731364886273
176, 190, -18.9, 824, 0.019560844813514167
177, 225, -22.40000000000005, 829, 0.025381679036939775
178, 104, -10.29999999999998, 797, 0.018270746806130722
179, 86, -8.499999999999986, 820, 0.02711786279288564
180, 89, -8.799999999999985, 851, 0.011292627618483486
181, 225, -22.40000000000005, 821, 0.022982141196035366
182, 107, -10.599999999999978, 823, 0.024540403431145164
183, 185, -18.39999999999999, 828, 0.02731981968824193
184, 225, -22.40000000000005, 826, 0.025639484736265872
185, 63, -6.199999999999994, 836, 0.026170532794147938
186, 225, -22.40000000000005, 818, 0.02267068143164286
187, 225, -22.40000000000005, 819, 0.021492987559429633
188, 225, -22.40000000000005, 837, 0.02778382944573443
189, 225, -22.40000000000005, 840, 0.023312340590484815
190, 46, -4.5, 830, 0.01943227185229962
191, 225, -22.40000000000005, 850, 0.024575934093780116
192, 225, -22.40000000000005, 833, 0.02179497130179664
193, 225, -22.40000000000005, 841, 0.031487494399045746
194, 158, -15.69999999999996, 842, 0.025805258116171015
195, 67, -6.5999999999999925, 878, 0.020139468903026425
196, 225, -22.40000000000005, 895, 0.022107490715296496
197, 85, -8.399999999999986, 873, 0.02217946986493302
198, 64, -6.299999999999994, 856, 0.022229757751166423
199, 225, -22.40000000000005, 849, 0.02195490297161129
200, 145, -14.399999999999965, 860, 0.19790285067286395
201, 225, -22.40000000000005, 863, 0.016860694519577946
202, 80, -7.899999999999988, 872, 0.024608938101372213
203, 52, -5.099999999999998, 870, 0.019479729207508623
204, 111, -10.999999999999977, 896, 0.025246420295188643
205, 72, -7.099999999999991, 848, 0.024147274027799148
206, 225, -22.40000000000005, 862, 0.024358267031387992
207, 77, -7.599999999999989, 875, 0.023474932801484966
208, 61, -5.999999999999995, 871, 0.02403431387745414
209, 225, -22.40000000000005, 870, 0.013175787419697604
210, 225, -22.40000000000005, 866, 0.022009708694976204
211, 163, -16.19999999999996, 895, 0.024207910168538183
212, 225, -22.40000000000005, 866, 0.0255463784339639
213, 225, -22.40000000000005, 875, 0.020275207925511296
214, 88, -8.699999999999985, 897, 0.02099875332318546
215, 60, -5.899999999999995, 883, 0.020384516097010308
216, 112, -11.099999999999977, 898, 0.023482152350816632
217, 90, -8.899999999999984, 897, 0.1118964292022091
218, 125, -12.399999999999972, 878, 0.029318676967789892
219, 159, -15.79999999999996, 899, 0.021938952897097352
220, 85, -8.399999999999986, 901, 0.022552901846895734
221, 61, -5.999999999999995, 874, 0.019913807693264618
222, 225, -22.40000000000005, 876, 0.02852228410240354
223, 54, -5.299999999999997, 900, 0.022932217293290424
224, 225, -22.40000000000005, 902, 0.025192946695410168
225, 80, -7.899999999999988, 894, 0.024081658763245972
226, 78, -7.699999999999989, 911, 0.026466826071346303
227, 225, -22.40000000000005, 920, 0.025426706429755863
228, 85, -8.399999999999986, 915, 0.025040541074940748
229, 116, -11.499999999999975, 949, 0.027708025094664857
230, 81, -7.999999999999988, 921, 0.022933802040074336
231, 60, -5.899999999999995, 913, 0.02657810730598631
232, 94, -9.299999999999983, 909, 0.019583694293133558
233, 92, -9.099999999999984, 894, 0.02047251733207922
234, 72, -7.099999999999991, 943, 0.020793672541381036
235, 63, -6.199999999999994, 916, 0.030376760549080062
236, 225, -22.40000000000005, 910, 0.02302273822988421
237, 91, -8.999999999999984, 940, 0.02706967060073273
238, 54, -5.299999999999997, 934, 0.01639764747292194
239, 225, -22.40000000000005, 937, 0.024165189809189247
240, 113, -11.199999999999976, 943, 0.02578607307361147
241, 121, -11.999999999999973, 939, 0.0263993589894711
242, 62, -6.099999999999994, 927, 0.024489740219480582
243, 127, -12.599999999999971, 961, 0.026241146301407836
244, 83, -8.199999999999987, 949, 0.022966281083119267
245, 66, -6.499999999999993, 945, 0.018451782504854686
246, 86, -8.499999999999986, 944, 0.021961342642736303
247, 82, -8.099999999999987, 947, 0.020068460960464662
248, 225, -22.40000000000005, 933, 0.2128651792977545
249, 225, -22.40000000000005, 947, 0.025593972172542334
250, 62, -6.099999999999994, 940, 0.02502402697948458
251, 160, -15.89999999999996, 962, 0.02482259754584204
252, 56, -5.4999999999999964, 944, 0.027853494473687956
253, 49, -4.799999999999999, 947, 0.022772722892782316
254, 82, -8.099999999999987, 974, 0.024288478217461273
255, 84, -8.299999999999986, 964, 0.024410601470153726
256, 73, -7.19999999999999, 928, 0.022552087041518565
257, 94, -9.299999999999983, 937, 0.02203330087381572
258, 71, -6.999999999999991, 960, 0.020067730218985336
259, 57, -5.599999999999996, 994, 0.024209372566920462
260, 59, -5.799999999999995, 976, 0.023266798758278417
261, 97, -9.599999999999982, 981, 0.026737403217215017
262, 225, -22.40000000000005, 972, 0.024021512927268507
263, 52, -5.099999999999998, 973, 0.02465987837199768
264, 95, -9.399999999999983, 943, 0.022410592082841407
265, 89, -8.799999999999985, 985, 0.023938435562076754
266, 87, -8.599999999999985, 972, 0.0170683813668836
267, 77, -7.599999999999989, 984, 0.025833476320736848
268, 64, -6.299999999999994, 968, 0.02255699396974059
269, 57, -5.599999999999996, 964, 0.028090572965769223
270, 57, -5.599999999999996, 976, 0.022954960899417953
271, 61, -5.999999999999995, 977, 0.022210174491679613
272, 59, -5.799999999999995, 962, 0.02891265142993693
273, 112, -11.099999999999977, 1002, 0.022044329575077293
274, 225, -22.40000000000005, 1004, 0.020771376757509397
275, 92, -9.099999999999984, 976, 0.022335315279233714
276, 225, -22.40000000000005, 972, 0.02286591254102255
277, 83, -8.199999999999987, 985, 0.025205827357571042
278, 51, -4.999999999999998, 994, 0.018428492380015538
279, 81, -7.999999999999988, 992, 0.023041919901698682
280, 73, -7.19999999999999, 996, 0.023863719698467234
281, 225, -22.40000000000005, 995, 0.024258687870897244
282, 61, -5.999999999999995, 1002, 0.020442675493869134
283, 76, -7.499999999999989, 982, 0.02460394023188267
284, 48, -4.699999999999999, 957, 0.022774496616192574
285, 152, -15.099999999999962, 985, 0.024278959553324708
286, 59, -5.799999999999995, 996, 0.017381254330409046
287, 50, -4.899999999999999, 1016, 0.020465807492023647
288, 56, -5.4999999999999964, 1007, 0.020988428142988624
289, 88, -8.699999999999985, 1001, 0.02657906087613293
290, 56, -5.4999999999999964, 1008, 0.021681936057597495
291, 53, -5.1999999999999975, 1027, 0.01812214106576082
292, 67, -6.5999999999999925, 999, 0.0254285671771447
293, 53, -5.1999999999999975, 1023, 0.025590089599865973
294, 55, -5.399999999999997, 1017, 0.020204684427373554
295, 83, -8.199999999999987, 1018, 0.023787860479282497
296, 71, -6.999999999999991, 996, 0.06499732616342824
297, 75, -7.39999999999999, 1023, 0.024170197301258245
298, 61, -5.999999999999995, 1038, 0.020916839225925132
299, 61, -5.999999999999995, 1011, 0.021118289760548414
300, 68, -6.699999999999992, 1034, 0.022676078381258513
301, 67, -6.5999999999999925, 1042, 0.02259924106317257
302, 65, -6.399999999999993, 1043, 0.02380492703674797
303, 63, -6.199999999999994, 1067, 0.025566572957140765
304, 46, -4.5, 1051, 0.02145266209151031
305, 49, -4.799999999999999, 1033, 0.023046112960622644
306, 186, -18.499999999999993, 994, 0.02020627092288163
307, 85, -8.399999999999986, 1028, 0.020210590878672607
308, 130, -12.89999999999997, 1017, 0.027800791022076332
309, 60, -5.899999999999995, 1030, 0.0230415459145914
310, 56, -5.4999999999999964, 1033, 0.024400985596115476
311, 104, -10.29999999999998, 1036, 0.02165963500055912
312, 45, -4.4, 1023, 0.02078519983649052
313, 170, -16.89999999999997, 1039, 0.024596362496967172
314, 58, -5.699999999999996, 1032, 0.023112056040103107
315, 72, -7.099999999999991, 1054, 0.023489203263507674
316, 55, -5.399999999999997, 1015, 0.02203302044286448
317, 48, -4.699999999999999, 1037, 0.023414585035584023
318, 74, -7.29999999999999, 1052, 0.028078031824701144
319, 58, -5.699999999999996, 1037, 0.025354660687122527
320, 64, -6.299999999999994, 1035, 0.0256911416771628
321, 76, -7.499999999999989, 1040, 0.024425977796215026
322, 185, -18.39999999999999, 1038, 0.020265225549749744
323, 51, -4.999999999999998, 1061, 0.02292465613173289
324, 49, -4.799999999999999, 1055, 0.02184557629595707
325, 62, -6.099999999999994, 1045, 0.02277994674792727
326, 63, -6.199999999999994, 1071, 0.02184425197864792
327, 58, -5.699999999999996, 1061, 0.024229609220714043
328, 63, -6.199999999999994, 1041, 0.026327223797531385
329, 65, -6.399999999999993, 1073, 0.023383375348107194
330, 55, -5.399999999999997, 1040, 0.021120778072512447
331, 76, -7.499999999999989, 1057, 0.021396055898627142
332, 53, -5.1999999999999975, 1048, 0.027501163191559375
333, 51, -4.999999999999998, 1059, 0.024511472860355488
334, 53, -5.1999999999999975, 1066, 0.021361248199104788
335, 59, -5.799999999999995, 1078, 0.022741577145334757
336, 50, -4.899999999999999, 1052, 0.024882512034287263
337, 43, -4.200000000000001, 1059, 0.02453742006105003
338, 50, -4.899999999999999, 1057, 0.027288927746188296
339, 58, -5.699999999999996, 1070, 0.020100828386655056
340, 66, -6.499999999999993, 1042, 0.022009866565788627
341, 60, -5.899999999999995, 1067, 0.023591601650195027
342, 55, -5.399999999999997, 1069, 0.023637976639243607
343, 225, -22.40000000000005, 1081, 0.021669997276800634
344, 56, -5.4999999999999964, 1059, 0.025348809463259098
345, 54, -5.299999999999997, 1091, 0.01957249141393591
346, 61, -5.999999999999995, 1064, 0.021989752715607658
347, 92, -9.099999999999984, 1082, 0.023128336093674928
348, 53, -5.1999999999999975, 1085, 0.02546272150602169
349, 62, -6.099999999999994, 1083, 0.023734913156846726
350, 56, -5.4999999999999964, 1089, 0.022728456706554323
351, 58, -5.699999999999996, 1069, 0.02777024252028759
352, 53, -5.1999999999999975, 1066, 0.024215270013892454
353, 54, -5.299999999999997, 1095, 0.02021371027230101
354, 225, -22.40000000000005, 1084, 0.027122162117680704
355, 60, -5.899999999999995, 1075, 0.022847827354688044
356, 53, -5.1999999999999975, 1089, 0.023280550727643567
357, 56, -5.4999999999999964, 1096, 0.02650254043364897
358, 69, -6.799999999999992, 1095, 0.024568697338524403
359, 61, -5.999999999999995, 1064, 0.02685958662450949
360, 65, -6.399999999999993, 1109, 0.023720012234833332
361, 122, -12.099999999999973, 1107, 0.01702840970728081
362, 56, -5.4999999999999964, 1101, 0.030025176478400195
363, 56, -5.4999999999999964, 1116, 0.02557695406114724
364, 52, -5.099999999999998, 1099, 0.0241930145786573
365, 66, -6.499999999999993, 1106, 0.021350817652832088
366, 68, -6.699999999999992, 1102, 0.028847863699791976
367, 59, -5.799999999999995, 1097, 0.022938325210592136
368, 59, -5.799999999999995, 1117, 0.028743017550726613
369, 73, -7.19999999999999, 1123, 0.021502726618598422
370, 67, -6.5999999999999925, 1135, 0.024503304905292123
371, 70, -6.8999999999999915, 1108, 0.02325193595989017
372, 55, -5.399999999999997, 1118, 0.02826175174086054
373, 54, -5.299999999999997, 1122, 0.02502537204454941
374, 59, -5.799999999999995, 1125, 0.2005530386560075
375, 47, -4.6, 1137, 0.026331463022995938
376, 61, -5.999999999999995, 1104, 0.02391363254020007
377, 57, -5.599999999999996, 1115, 0.029746326948196566
378, 53, -5.1999999999999975, 1087, 0.021320393229331658
379, 57, -5.599999999999996, 1115, 0.024557442210551672
380, 59, -5.799999999999995, 1127, 0.01839295328769719
381, 62, -6.099999999999994, 1116, 0.0264917704007539
382, 60, -5.899999999999995, 1124, 0.020379321530519467
383, 51, -4.999999999999998, 1105, 0.02590947495050311
384, 49, -4.799999999999999, 1139, 0.02465895512132693
385, 99, -9.799999999999981, 1133, 0.01954324772980165
386, 65, -6.399999999999993, 1132, 0.022155939445336337
387, 51, -4.999999999999998, 1128, 0.02808404011620169
388, 50, -4.899999999999999, 1142, 0.025200960614581325
389, 51, -4.999999999999998, 1111, 0.028075751877694094
390, 61, -5.999999999999995, 1121, 0.021560973411371753
391, 56, -5.4999999999999964, 1111, 0.023392001631035164
392, 49, -4.799999999999999, 1141, 0.023583334162692204
393, 53, -5.1999999999999975, 1143, 0.022146660061808543
394, 71, -6.999999999999991, 1128, 0.024635042318523537
395, 50, -4.899999999999999, 1111, 0.023461364285457975
396, 50, -4.899999999999999, 1138, 0.02357754701324377
397, 57, -5.599999999999996, 1137, 0.021061449506490693
398, 56, -5.4999999999999964, 1129, 0.024703866476430303
399, 70, -6.8999999999999915, 1145, 0.023692631335461067
400, 55, -5.399999999999997, 1156, 0.02760705149499465
401, 52, -5.099999999999998, 1132, 0.023048584782723147
402, 56, -5.4999999999999964, 1142, 0.02717525902078366
403, 63, -6.199999999999994, 1181, 0.02519272448190435
404, 62, -6.099999999999994, 1144, 0.02005302475474746
405, 62, -6.099999999999994, 1137, 0.02223952336717483
406, 69, -6.799999999999992, 1146, 0.0232487869484993
407, 50, -4.899999999999999, 1153, 0.02398046688177702
408, 65, -6.399999999999993, 1162, 0.02530162968521754
409, 53, -5.1999999999999975, 1135, 0.021371150475869793
410, 60, -5.899999999999995, 1139, 0.02157550962546062
411, 63, -6.199999999999994, 1148, 0.02586957032996473
412, 53, -5.1999999999999975, 1136, 0.026130487437344252
413, 55, -5.399999999999997, 1166, 0.026385129583818
414, 44, -4.300000000000001, 1169, 0.024710928781499567
415, 50, -4.899999999999999, 1174, 0.022966719510402855
416, 51, -4.999999999999998, 1181, 0.0249617660986049
417, 77, -7.599999999999989, 1150, 0.025817777606790687
418, 65, -6.399999999999993, 1185, 0.20128940843586096
419, 71, -6.999999999999991, 1165, 0.021189735648902808
420, 55, -5.399999999999997, 1158, 0.0329764067412297
421, 53, -5.1999999999999975, 1161, 0.0243973160802623
422, 55, -5.399999999999997, 1181, 0.02221268898169071
423, 50, -4.899999999999999, 1185, 0.021712576957461538
424, 56, -5.4999999999999964, 1158, 0.021118519131180458
425, 63, -6.199999999999994, 1173, 0.023746336168777304
426, 63, -6.199999999999994, 1147, 0.017128802619694294
427, 57, -5.599999999999996, 1177, 0.021749841772835232
428, 55, -5.399999999999997, 1178, 0.023095177825960822
429, 58, -5.699999999999996, 1169, 0.025362055776358694
430, 55, -5.399999999999997, 1197, 0.01953004018995297
431, 60, -5.899999999999995, 1178, 0.021381806832228456
432, 51, -4.999999999999998, 1171, 0.024319146513844814
433, 55, -5.399999999999997, 1169, 0.022411517262615477
434, 50, -4.899999999999999, 1156, 0.024802171255425165
435, 48, -4.699999999999999, 1174, 0.0242335790257171
436, 58, -5.699999999999996, 1176, 0.022961802749067894
437, 64, -6.299999999999994, 1191, 0.022530642418502556
438, 51, -4.999999999999998, 1174, 0.022182841947224752
439, 62, -6.099999999999994, 1183, 0.022954159028555687
440, 64, -6.299999999999994, 1179, 0.02541648721436751
441, 63, -6.199999999999994, 1199, 0.01938144505516881
442, 53, -5.1999999999999975, 1200, 0.022061052650161894
443, 55, -5.399999999999997, 1196, 0.019121359109575575
444, 63, -6.199999999999994, 1217, 0.02657547940263244
445, 55, -5.399999999999997, 1177, 0.02439916042120671
446, 58, -5.699999999999996, 1228, 0.02390575654043159
447, 53, -5.1999999999999975, 1189, 0.02408837674688402
448, 56, -5.4999999999999964, 1183, 0.023722967109523596
449, 50, -4.899999999999999, 1186, 0.019371533205254865
450, 53, -5.1999999999999975, 1208, 0.026041383633158444
451, 49, -4.799999999999999, 1184, 0.02164581359848161
452, 48, -4.699999999999999, 1220, 0.021842905419343972
453, 62, -6.099999999999994, 1203, 0.020585760351840787
454, 60, -5.899999999999995, 1185, 0.02601388783400216
455, 66, -6.499999999999993, 1198, 0.026056465723054867
456, 63, -6.199999999999994, 1235, 0.026318574305708164
457, 44, -4.300000000000001, 1198, 0.022045309786109524
458, 46, -4.5, 1200, 0.022552736923399652
459, 53, -5.1999999999999975, 1207, 0.02280608647296889
460, 53, -5.1999999999999975, 1199, 0.02391910256788199
461, 52, -5.099999999999998, 1205, 0.026533935275371068
462, 55, -5.399999999999997, 1206, 0.029208773908981023
463, 54, -5.299999999999997, 1214, 0.026650158624666798
464, 51, -4.999999999999998, 1209, 0.023544649557631914
465, 56, -5.4999999999999964, 1212, 0.02488751354550578
466, 46, -4.5, 1214, 0.024665354535048034
467, 50, -4.899999999999999, 1204, 0.021002731545320508
468, 57, -5.599999999999996, 1216, 0.028153400073027357
469, 55, -5.399999999999997, 1238, 0.025139988113350498
470, 57, -5.599999999999996, 1237, 0.023527459691528363
471, 55, -5.399999999999997, 1216, 0.02322881695139012
472, 42, -4.100000000000001, 1210, 0.0249155049861286
473, 53, -5.1999999999999975, 1219, 0.021769073717744225
474, 52, -5.099999999999998, 1223, 0.025905602153395435
475, 55, -5.399999999999997, 1228, 0.02566625264525499
476, 52, -5.099999999999998, 1223, 0.028167828387092336
477, 51, -4.999999999999998, 1229, 0.026766043167364084
478, 58, -5.699999999999996, 1217, 0.02560846221445945
479, 51, -4.999999999999998, 1241, 0.023996290220127836
480, 47, -4.6, 1203, 0.023942531949211032
481, 79, -7.799999999999988, 1211, 0.026339833355761372
482, 54, -5.299999999999997, 1233, 0.022438259245963543
483, 50, -4.899999999999999, 1229, 0.028779256748236004
484, 44, -4.300000000000001, 1187, 0.02486157553693169
485, 63, -6.199999999999994, 1242, 0.0246618169470173
486, 47, -4.6, 1217, 0.022877770389809093
487, 54, -5.299999999999997, 1229, 0.019735805445642962
488, 45, -4.4, 1227, 0.02640485482408028
489, 63, -6.199999999999994, 1230, 0.023647739218554786
490, 57, -5.599999999999996, 1243, 0.02586793764923445
491, 60, -5.899999999999995, 1240, 0.024218505018218872
492, 55, -5.399999999999997, 1214, 0.020771405008045418
493, 59, -5.799999999999995, 1253, 0.02261310831706842
494, 51, -4.999999999999998, 1240, 0.030046666602169703
495, 58, -5.699999999999996, 1259, 0.023688301738757245
496, 50, -4.899999999999999, 1264, 0.022786324091289778
497, 54, -5.299999999999997, 1269, 0.030958357248273116
498, 48, -4.699999999999999, 1245, 0.02086154290268727
499, 59, -5.799999999999995, 1247, 0.02321968656586887
500, 60, -5.899999999999995, 1264, 0.021650424528164958
501, 53, -5.1999999999999975, 1263, 0.02198921525577502
502, 60, -5.899999999999995, 1251, 0.021120119134084403
503, 58, -5.699999999999996, 1241, 0.027679893247134046
504, 55, -5.399999999999997, 1235, 0.027687433152771668
505, 57, -5.599999999999996, 1262, 0.023953596687471324
506, 61, -5.999999999999995, 1263, 0.03487726880623643
507, 62, -6.099999999999994, 1263, 0.0256454876474439
508, 65, -6.399999999999993, 1268, 0.022736808825127186
509, 50, -4.899999999999999, 1265, 0.027805488241799514
510, 57, -5.599999999999996, 1267, 0.025803642400867632
511, 61, -5.999999999999995, 1254, 0.024353998882195693
512, 54, -5.299999999999997, 1259, 0.02241248722953504
513, 51, -4.999999999999998, 1247, 0.027022117438989746
514, 53, -5.1999999999999975, 1251, 0.02762512841208964
515, 54, -5.299999999999997, 1258, 0.022142222900917163
516, 62, -6.099999999999994, 1250, 0.17264190313243066
517, 55, -5.399999999999997, 1273, 0.022773367272530542
518, 58, -5.699999999999996, 1300, 0.02583927551703069
519, 46, -4.5, 1282, 0.02664485720702947
520, 51, -4.999999999999998, 1277, 0.019297981528052066
521, 53, -5.1999999999999975, 1287, 0.024153068313821247
522, 56, -5.4999999999999964, 1292, 0.025928937178359035
523, 50, -4.899999999999999, 1293, 0.024872713364581522
524, 61, -5.999999999999995, 1290, 0.024413098420120516
525, 57, -5.599999999999996, 1306, 0.026625739208332444
526, 62, -6.099999999999994, 1281, 0.02317699332716519
527, 50, -4.899999999999999, 1293, 0.021538842639768685
528, 62, -6.099999999999994, 1274, 0.02368868499033372
529, 65, -6.399999999999993, 1268, 0.023654886539005715
530, 59, -5.799999999999995, 1260, 0.024983583803634413
531, 62, -6.099999999999994, 1293, 0.023648503836605883
532, 52, -5.099999999999998, 1270, 0.021707687334641346
533, 65, -6.399999999999993, 1290, 0.028409712342175486
534, 49, -4.799999999999999, 1295, 0.026806270648947167
535, 54, -5.299999999999997, 1289, 0.023963963776438613
536, 64, -6.299999999999994, 1263, 0.028673443697461498
537, 61, -5.999999999999995, 1316, 0.023883481442511068
538, 56, -5.4999999999999964, 1275, 0.021422471276424826
539, 47, -4.6, 1280, 0.025235414292894665
540, 70, -6.8999999999999915, 1287, 0.02110063438098808
541, 57, -5.599999999999996, 1289, 0.0224876017589295
542, 68, -6.699999999999992, 1283, 0.022764701741293525
543, 59, -5.799999999999995, 1281, 0.018801343666961845
544, 56, -5.4999999999999964, 1288, 0.027752253458893317
545, 57, -5.599999999999996, 1304, 0.023933531597960855
546, 55, -5.399999999999997, 1274, 0.02378444756689224
547, 59, -5.799999999999995, 1286, 0.022850140575729316
548, 55, -5.399999999999997, 1302, 0.02832717362493442
549, 73, -7.19999999999999, 1284, 0.022440425558929222
550, 59, -5.799999999999995, 1303, 0.024705938828235907
551, 58, -5.699999999999996, 1297, 0.022534882483417396
552, 47, -4.6, 1304, 0.023526601204985842
553, 53, -5.1999999999999975, 1315, 0.022699895207386245
554, 56, -5.4999999999999964, 1331, 0.020840394241707916
555, 57, -5.599999999999996, 1321, 0.026690324385591824
556, 52, -5.099999999999998, 1329, 0.02955157225761884
557, 57, -5.599999999999996, 1325, 0.02146278418785319
558, 51, -4.999999999999998, 1332, 0.025621057323032548
559, 56, -5.4999999999999964, 1309, 0.027896080020722525
560, 53, -5.1999999999999975, 1326, 0.026132138520700565
561, 53, -5.1999999999999975, 1332, 0.022681120039092506
562, 55, -5.399999999999997, 1312, 0.02533680594343335
563, 52, -5.099999999999998, 1284, 0.022444499981923133
564, 54, -5.299999999999997, 1299, 0.02208316263052089
565, 57, -5.599999999999996, 1324, 0.024837091186098115
566, 59, -5.799999999999995, 1299, 0.023944051985475223
567, 51, -4.999999999999998, 1321, 0.020761439827937878
568, 51, -4.999999999999998, 1317, 0.025210735554860086
569, 53, -5.1999999999999975, 1315, 0.02314626926469293
570, 61, -5.999999999999995, 1337, 0.026838348095399533
571, 48, -4.699999999999999, 1320, 0.02185279212507596
572, 65, -6.399999999999993, 1337, 0.028623477132513786
573, 55, -5.399999999999997, 1327, 0.025393837763024285
574, 60, -5.899999999999995, 1330, 0.023753043087931636
575, 53, -5.1999999999999975, 1307, 0.026652000121538455
576, 62, -6.099999999999994, 1328, 0.022878874022184803
577, 54, -5.299999999999997, 1315, 0.02611370147635339
578, 50, -4.899999999999999, 1330, 0.026139018408422254
579, 47, -4.6, 1357, 0.022491837618302313
580, 58, -5.699999999999996, 1314, 0.023470441047014567
581, 63, -6.199999999999994, 1319, 0.02540975121413419
582, 56, -5.4999999999999964, 1341, 0.025332877537796228
583, 50, -4.899999999999999, 1349, 0.02541360854022745
584, 57, -5.599999999999996, 1334, 0.026179819330138132
585, 52, -5.099999999999998, 1319, 0.026744718839798676
586, 54, -5.299999999999997, 1353, 0.02208092107294135
587, 49, -4.799999999999999, 1345, 0.026085139537085578
588, 50, -4.899999999999999, 1343, 0.020463927929462722
589, 58, -5.699999999999996, 1369, 0.028855883695138917
590, 60, -5.899999999999995, 1362, 0.02288856692871688
591, 52, -5.099999999999998, 1375, 0.024296640165060723
592, 73, -7.19999999999999, 1357, 0.020745471391874215
593, 49, -4.799999999999999, 1351, 0.02438959247377359
594, 77, -7.599999999999989, 1346, 0.021847361612552074
595, 51, -4.999999999999998, 1355, 0.02434977249505299
596, 64, -6.299999999999994, 1353, 0.02413235527758406
597, 51, -4.999999999999998, 1328, 0.0206902144261214
598, 54, -5.299999999999997, 1371, 0.026185934777702924
599, 47, -4.6, 1357, 0.01989404760310709
600, 52, -5.099999999999998, 1388, 0.02310857478843853
601, 44, -4.300000000000001, 1348, 0.02135357231308488
602, 48, -4.699999999999999, 1362, 0.023884405712657528
603, 56, -5.4999999999999964, 1378, 0.023210789765177764
604, 53, -5.1999999999999975, 1352, 0.018965570372289076
605, 58, -5.699999999999996, 1347, 0.023447178826303205
606, 57, -5.599999999999996, 1389, 0.01832743193265851
607, 55, -5.399999999999997, 1377, 0.028599549606677988
608, 56, -5.4999999999999964, 1370, 0.024604140172386935
609, 52, -5.099999999999998, 1348, 0.07794716709476646
610, 58, -5.699999999999996, 1356, 0.021320287492085144
611, 54, -5.299999999999997, 1381, 0.025242616706626864
612, 55, -5.399999999999997, 1385, 0.0255685230881203
613, 50, -4.899999999999999, 1366, 0.02395601214012144
614, 58, -5.699999999999996, 1387, 0.023945580800828897
615, 61, -5.999999999999995, 1380, 0.027763979097068847
616, 58, -5.699999999999996, 1379, 0.02715207989880758
617, 53, -5.1999999999999975, 1384, 0.024222055359149453
618, 51, -4.999999999999998, 1389, 0.021926484123139023
619, 57, -5.599999999999996, 1375, 0.022425632834174203
620, 57, -5.599999999999996, 1362, 0.02032637912774815
621, 57, -5.599999999999996, 1371, 0.025783062056160322
622, 63, -6.199999999999994, 1409, 0.02506805990516625
623, 60, -5.899999999999995, 1392, 0.02305334578646434
624, 66, -6.499999999999993, 1393, 0.021710507615837482
625, 52, -5.099999999999998, 1365, 0.028280357236392772
626, 54, -5.299999999999997, 1366, 0.023870418023056506
627, 44, -4.300000000000001, 1375, 0.02579379411319732
628, 51, -4.999999999999998, 1393, 0.02096024159935217
629, 55, -5.399999999999997, 1378, 0.02182173945976973
630, 66, -6.499999999999993, 1384, 0.025032967738749745
631, 60, -5.899999999999995, 1372, 0.02662387748999584
632, 54, -5.299999999999997, 1391, 0.02657075273789955
633, 54, -5.299999999999997, 1404, 0.026963961964412975
634, 55, -5.399999999999997, 1374, 0.024914826161917647
635, 70, -6.8999999999999915, 1382, 0.025832072929302008
636, 59, -5.799999999999995, 1395, 0.024436421693647903
637, 55, -5.399999999999997, 1394, 0.02267032085950249
638, 53, -5.1999999999999975, 1389, 0.02203893581892702
639, 65, -6.399999999999993, 1420, 0.021125893311295663
640, 53, -5.1999999999999975, 1397, 0.024467629083908093
641, 63, -6.199999999999994, 1390, 0.021994698727793693
642, 54, -5.299999999999997, 1383, 0.01920118680541938
643, 42, -4.100000000000001, 1422, 0.027982078828831858
644, 50, -4.899999999999999, 1413, 0.023183590997247983
645, 59, -5.799999999999995, 1400, 0.02384898701459759
646, 59, -5.799999999999995, 1418, 0.020393518046760484
647, 59, -5.799999999999995, 1409, 0.026951418241345393
648, 47, -4.6, 1403, 0.021981994078730915
649, 53, -5.1999999999999975, 1404, 0.025023171475640815
650, 55, -5.399999999999997, 1415, 0.021401126754276856
651, 49, -4.799999999999999, 1394, 0.025772569347124907
652, 47, -4.6, 1410, 0.02051908189939844
653, 60, -5.899999999999995, 1431, 0.028802877889814615
654, 58, -5.699999999999996, 1421, 0.02067903636132007
655, 58, -5.699999999999996, 1415, 0.027950467450321703
656, 58, -5.699999999999996, 1406, 0.019322159221989654
657, 62, -6.099999999999994, 1419, 0.029907015421196892
658, 55, -5.399999999999997, 1412, 0.02265812347654239
659, 61, -5.999999999999995, 1416, 0.02276388495309467
660, 49, -4.799999999999999, 1413, 0.02422333077654093
661, 60, -5.899999999999995, 1416, 0.025759565340641943
662, 59, -5.799999999999995, 1410, 0.024800331100879022
663, 52, -5.099999999999998, 1396, 0.1964880886755358
664, 51, -4.999999999999998, 1407, 0.026274576170799813
665, 47, -4.6, 1429, 0.027004625570884233
666, 64, -6.299999999999994, 1426, 0.02733634942369778
667, 45, -4.4, 1443, 0.023089184798595452
668, 53, -5.1999999999999975, 1422, 0.02379012795718005
669, 56, -5.4999999999999964, 1438, 0.02223052083414445
670, 54, -5.299999999999997, 1429, 0.02399474528983081
671, 62, -6.099999999999994, 1431, 0.02368854918778812
672, 71, -6.999999999999991, 1442, 0.02821349679102836
673, 52, -5.099999999999998, 1438, 0.022483856295897553
674, 63, -6.199999999999994, 1445, 0.023217923692234688
675, 62, -6.099999999999994, 1425, 0.02690278394224871
676, 60, -5.899999999999995, 1427, 0.022613479320434227
677, 47, -4.6, 1439, 0.024085260648050166
678, 48, -4.699999999999999, 1446, 0.022033058104715397
679, 58, -5.699999999999996, 1450, 0.0238072785560397
680, 61, -5.999999999999995, 1453, 0.18478368856904925
681, 50, -4.899999999999999, 1431, 0.02689839000494665
682, 60, -5.899999999999995, 1434, 0.021496044888491994
683, 57, -5.599999999999996, 1458, 0.024477623587981556
684, 61, -5.999999999999995, 1453, 0.026024028914497954
685, 83, -8.199999999999987, 1421, 0.02418325833865087
686, 56, -5.4999999999999964, 1455, 0.020457377251824616
687, 47, -4.6, 1471, 0.027231416526865893
688, 51, -4.999999999999998, 1445, 0.02527081127351405
689, 42, -4.100000000000001, 1441, 0.02599743911151431
690, 54, -5.299999999999997, 1472, 0.02067090006935446
691, 46, -4.5, 1458, 0.08380016384642142
692, 66, -6.499999999999993, 1448, 0.025130245750064395
693, 56, -5.4999999999999964, 1443, 0.022358267450653113
694, 45, -4.4, 1458, 0.024978930327507864
695, 59, -5.799999999999995, 1459, 0.026544003371669678
696, 60, -5.899999999999995, 1449, 0.024894013203216492
697, 56, -5.4999999999999964, 1449, 0.025565564793787243
698, 69, -6.799999999999992, 1459, 0.02424500705901167
699, 58, -5.699999999999996, 1448, 0.021577725280114923
700, 61, -5.999999999999995, 1458, 0.022172507840358513
701, 54, -5.299999999999997, 1462, 0.023937844651657214
702, 50, -4.899999999999999, 1471, 0.023067875536443072
703, 67, -6.5999999999999925, 1481, 0.025570711653732647
704, 47, -4.6, 1469, 0.026202765842473857
705, 52, -5.099999999999998, 1444, 0.02680920792182806
706, 58, -5.699999999999996, 1472, 0.024149181730529712
707, 59, -5.799999999999995, 1471, 0.025391814713783045
708, 62, -6.099999999999994, 1485, 0.024060064890235905
709, 60, -5.899999999999995, 1471, 0.022376701226296203
710, 51, -4.999999999999998, 1468, 0.021778505993484076
711, 53, -5.1999999999999975, 1463, 0.019284992821110375
712, 55, -5.399999999999997, 1471, 0.022683614078209846
713, 64, -6.299999999999994, 1450, 0.0253608373375398
714, 52, -5.099999999999998, 1491, 0.024230652299422256
715, 63, -6.199999999999994, 1498, 0.02858941333535392
716, 50, -4.899999999999999, 1480, 0.02663350517743235
717, 59, -5.799999999999995, 1475, 0.02414961565540552
718, 51, -4.999999999999998, 1465, 0.021315648175948
719, 55, -5.399999999999997, 1466, 0.03096289644988859
720, 51, -4.999999999999998, 1480, 0.025652823394646473
721, 53, -5.1999999999999975, 1470, 0.021753034058726195
722, 61, -5.999999999999995, 1477, 0.02209054575872904
723, 46, -4.5, 1471, 0.025817524480553522
724, 46, -4.5, 1517, 0.02086002405973364
725, 66, -6.499999999999993, 1497, 0.0214560996942057
726, 49, -4.799999999999999, 1475, 0.021144099703379382
727, 61, -5.999999999999995, 1489, 0.025555811308034748
728, 44, -4.300000000000001, 1492, 0.024256414089636635
729, 58, -5.699999999999996, 1493, 0.02571897987208016
730, 54, -5.299999999999997, 1477, 0.02453203895241901
731, 60, -5.899999999999995, 1492, 0.0213488053579316
732, 61, -5.999999999999995, 1501, 0.020603774586165247
733, 63, -6.199999999999994, 1491, 0.021862687892661603
734, 69, -6.799999999999992, 1523, 0.024969805199483552
735, 49, -4.799999999999999, 1492, 0.02656581216359466
736, 55, -5.399999999999997, 1510, 0.021476273092957854
737, 48, -4.699999999999999, 1508, 0.028203312975672468
738, 52, -5.099999999999998, 1494, 0.023254481716194153
739, 68, -6.699999999999992, 1507, 0.019157065500708725
740, 52, -5.099999999999998, 1513, 0.02587849356551586
741, 53, -5.1999999999999975, 1492, 0.025366407420822412
742, 52, -5.099999999999998, 1510, 0.025126736812998374
743, 53, -5.1999999999999975, 1485, 0.027661027339604183
744, 48, -4.699999999999999, 1496, 0.02226170742107203
745, 52, -5.099999999999998, 1486, 0.02424805525990159
746, 50, -4.899999999999999, 1528, 0.023762171365970586
747, 53, -5.1999999999999975, 1525, 0.023542060804675913
748, 58, -5.699999999999996, 1511, 0.022467850663816957
749, 57, -5.599999999999996, 1516, 0.01907852088723372
750, 60, -5.899999999999995, 1517, 0.022020825666973387
751, 58, -5.699999999999996, 1526, 0.02258989109051701
752, 52, -5.099999999999998, 1522, 0.025930073033080037
753, 72, -7.099999999999991, 1511, 0.02268954364021969
754, 64, -6.299999999999994, 1515, 0.022176631260501956
755, 55, -5.399999999999997, 1529, 0.02240511211425611
756, 71, -6.999999999999991, 1527, 0.021956331150484232
757, 57, -5.599999999999996, 1513, 0.02575281646686034
758, 52, -5.099999999999998, 1523, 0.024638956966786196
759, 56, -5.4999999999999964, 1510, 0.023783248852993877
760, 52, -5.099999999999998, 1508, 0.021758178527099492
761, 67, -6.5999999999999925, 1525, 0.025640778686970123
762, 60, -5.899999999999995, 1501, 0.020605398293545463
763, 54, -5.299999999999997, 1528, 0.02633997153281542
764, 52, -5.099999999999998, 1522, 0.023194923612863683
765, 69, -6.799999999999992, 1530, 0.021586810648630217
766, 66, -6.499999999999993, 1536, 0.021343462127856094
767, 63, -6.199999999999994, 1551, 0.02141377831554281
768, 54, -5.299999999999997, 1520, 0.02215601919948046
769, 54, -5.299999999999997, 1538, 0.02547635311975538
770, 50, -4.899999999999999, 1527, 0.023999091658468696
771, 52, -5.099999999999998, 1549, 0.025068003761901547
772, 55, -5.399999999999997, 1513, 0.020726775942726317
773, 55, -5.399999999999997, 1542, 0.023063476825349927
774, 61, -5.999999999999995, 1527, 0.021143008312005107
775, 50, -4.899999999999999, 1523, 0.02329074315827473
776, 69, -6.799999999999992, 1524, 0.0272444831711407
777, 58, -5.699999999999996, 1542, 0.024466558890841705
778, 61, -5.999999999999995, 1539, 0.027910889592559274
779, 59, -5.799999999999995, 1523, 0.026406274312518185
780, 60, -5.899999999999995, 1519, 0.02355455701880249
781, 55, -5.399999999999997, 1543, 0.02207523871117001
782, 68, -6.699999999999992, 1567, 0.0975455649735757
783, 42, -4.100000000000001, 1545, 0.024943049745334234
784, 69, -6.799999999999992, 1534, 0.02629901788169242
785, 54, -5.299999999999997, 1541, 0.02700758628774924
786, 51, -4.999999999999998, 1548, 0.023025599275813935
787, 55, -5.399999999999997, 1555, 0.025975761711702072
788, 59, -5.799999999999995, 1549, 0.021556946972580704
789, 52, -5.099999999999998, 1544, 0.025550958288109493
790, 48, -4.699999999999999, 1542, 0.022042985016275995
791, 54, -5.299999999999997, 1527, 0.02704731299834079
792, 64, -6.299999999999994, 1523, 0.03046041102793312
793, 54, -5.299999999999997, 1537, 0.024819738478885744
794, 58, -5.699999999999996, 1535, 0.023853834397883633
795, 51, -4.999999999999998, 1541, 0.024954465841351192
796, 53, -5.1999999999999975, 1528, 0.02323068344787349
797, 51, -4.999999999999998, 1561, 0.02070640647118438
798, 50, -4.899999999999999, 1567, 0.028168528302083606
799, 58, -5.699999999999996, 1538, 0.02455449710147717
800, 51, -4.999999999999998, 1564, 0.023495214562265332
801, 61, -5.999999999999995, 1588, 0.028559459268527154
802, 57, -5.599999999999996, 1573, 0.026054647419127774
803, 56, -5.4999999999999964, 1560, 0.020776417671677372
804, 56, -5.4999999999999964, 1578, 0.026183089656477865
805, 57, -5.599999999999996, 1556, 0.028521235990954796
806, 61, -5.999999999999995, 1566, 0.02388906092968135
807, 63, -6.199999999999994, 1563, 0.026047636326604007
808, 76, -7.499999999999989, 1568, 0.028105878976967785
809, 53, -5.1999999999999975, 1555, 0.02571658972904678
810, 51, -4.999999999999998, 1568, 0.022589860409454432
811, 52, -5.099999999999998, 1565, 0.019523904273619275
812, 60, -5.899999999999995, 1561, 0.025974915130766885
813, 60, -5.899999999999995, 1569, 0.20602518968547745
814, 62, -6.099999999999994, 1554, 0.019877795416891164
815, 58, -5.699999999999996, 1595, 0.024532092800612082
816, 55, -5.399999999999997, 1596, 0.022315332843616087
817, 54, -5.299999999999997, 1613, 0.019932335734661466
818, 48, -4.699999999999999, 1576, 0.028341047807430853
819, 51, -4.999999999999998, 1591, 0.024102598083399873
820, 46, -4.5, 1593, 0.025833753312909935
821, 58, -5.699999999999996, 1589, 0.028097120239806816
822, 61, -5.999999999999995, 1576, 0.021440557635822977
823, 67, -6.5999999999999925, 1597, 0.0210672476651505
824, 64, -6.299999999999994, 1574, 0.02333359286374015
825, 56, -5.4999999999999964, 1615, 0.02008146920957188
826, 54, -5.299999999999997, 1568, 0.018906494534861817
827, 50, -4.899999999999999, 1577, 0.030915308613459036
828, 58, -5.699999999999996, 1586, 0.0196988105222351
829, 52, -5.099999999999998, 1566, 0.024131797554380108
830, 75, -7.39999999999999, 1575, 0.028145782655664142
831, 60, -5.899999999999995, 1595, 0.021807336123212284
832, 66, -6.499999999999993, 1565, 0.025673716300987803
833, 59, -5.799999999999995, 1587, 0.021453764022512534
834, 66, -6.499999999999993, 1591, 0.02569445509428847
835, 50, -4.899999999999999, 1599, 0.026324978044122607
836, 60, -5.899999999999995, 1602, 0.017522901030718963
837, 56, -5.4999999999999964, 1604, 0.023747907660083056
838, 52, -5.099999999999998, 1617, 0.023055883109497355
839, 52, -5.099999999999998, 1613, 0.023572464957661854
840, 52, -5.099999999999998, 1604, 0.022334854273377225
841, 52, -5.099999999999998, 1614, 0.027382146420582565
842, 50, -4.899999999999999, 1622, 0.021173201106666095
843, 52, -5.099999999999998, 1592, 0.024403943429657904
844, 52, -5.099999999999998, 1618, 0.023751676773884012
845, 63, -6.199999999999994, 1597, 0.022587192134828626
846, 50, -4.899999999999999, 1604, 0.02205021200382773
847, 52, -5.099999999999998, 1636, 0.020955952560241298
848, 71, -6.999999999999991, 1613, 0.02394035984715437
849, 66, -6.499999999999993, 1590, 0.02816146911469941
850, 56, -5.4999999999999964, 1612, 0.02332955001557324
851, 60, -5.899999999999995, 1622, 0.02555064130412621
852, 53, -5.1999999999999975, 1612, 0.024271279532492418
853, 57, -5.599999999999996, 1603, 0.02277571883599072
854, 46, -4.5, 1641, 0.025696427498952623
855, 50, -4.899999999999999, 1629, 0.021436112255383222
856, 52, -5.099999999999998, 1597, 0.02177879502542801
857, 49, -4.799999999999999, 1617, 0.0259816498147869
858, 61, -5.999999999999995, 1637, 0.021925036554594768
859, 57, -5.599999999999996, 1648, 0.13315470782016758
860, 51, -4.999999999999998, 1626, 0.026053927638032492
861, 55, -5.399999999999997, 1606, 0.022800022390055352
862, 45, -4.4, 1615, 0.026883209174215494
863, 57, -5.599999999999996, 1627, 0.024375380956843662
864, 54, -5.299999999999997, 1631, 0.021812799885957634
865, 59, -5.799999999999995, 1620, 0.02147242930921811
866, 65, -6.399999999999993, 1621, 0.018908075127809898
867, 60, -5.899999999999995, 1647, 0.02126745957186832
868, 55, -5.399999999999997, 1618, 0.023610869013126923
869, 57, -5.599999999999996, 1631, 0.02278737214000781
870, 67, -6.5999999999999925, 1604, 0.024499611410048527
871, 57, -5.599999999999996, 1637, 0.021753254592601856
872, 57, -5.599999999999996, 1633, 0.02558747044813714
873, 65, -6.399999999999993, 1628, 0.03233175756710005
874, 57, -5.599999999999996, 1645, 0.01921875553965835
875, 59, -5.799999999999995, 1631, 0.022080213303306895
876, 67, -6.5999999999999925, 1623, 0.02518695188404818
877, 71, -6.999999999999991, 1651, 0.026159296718964525
878, 48, -4.699999999999999, 1616, 0.027731466963387408
879, 63, -6.199999999999994, 1641, 0.02173884601101761
880, 51, -4.999999999999998, 1627, 0.02487550398274152
881, 50, -4.899999999999999, 1645, 0.02569667931592423
882, 52, -5.099999999999998, 1624, 0.028029650126338623
883, 64, -6.299999999999994, 1617, 0.02337834770040459
884, 70, -6.8999999999999915, 1614, 0.026461513538408754
885, 48, -4.699999999999999, 1637, 0.018369434949278673
886, 46, -4.5, 1680, 0.026745488216922242
887, 53, -5.1999999999999975, 1656, 0.020106176675692033
888, 67, -6.5999999999999925, 1651, 0.02481942628055056
889, 59, -5.799999999999995, 1647, 0.024175385806091798
890, 63, -6.199999999999994, 1647, 0.02386754099260613
891, 77, -7.599999999999989, 1622, 0.022198135823099374
892, 47, -4.6, 1645, 0.027320890435184986
893, 54, -5.299999999999997, 1653, 0.0215148553912492
894, 46, -4.5, 1642, 0.022322244154967752
895, 62, -6.099999999999994, 1683, 0.022451541006096143
896, 57, -5.599999999999996, 1663, 0.02362131626941144
897, 51, -4.999999999999998, 1679, 0.02669803084892619
898, 70, -6.8999999999999915, 1667, 0.022432457747702195
899, 51, -4.999999999999998, 1636, 0.021191463382214337
900, 50, -4.899999999999999, 1681, 0.024490307525901533
901, 53, -5.1999999999999975, 1680, 0.022599288293263298
902, 56, -5.4999999999999964, 1662, 0.023096588276953378
903, 47, -4.6, 1674, 0.019344126867424816
904, 59, -5.799999999999995, 1675, 0.025307639605907317
905, 60, -5.899999999999995, 1668, 0.02418905779569447
906, 51, -4.999999999999998, 1670, 0.026818864781101848
907, 58, -5.699999999999996, 1670, 0.024347682709597196
908, 68, -6.699999999999992, 1683, 0.02248568914908644
909, 62, -6.099999999999994, 1700, 0.027881208675443858
910, 61, -5.999999999999995, 1682, 0.01988042576761684
911, 51, -4.999999999999998, 1700, 0.028745353168582677
912, 63, -6.199999999999994, 1664, 0.02522914320619063
913, 55, -5.399999999999997, 1682, 0.024584937981629196
914, 66, -6.499999999999993, 1695, 0.023292725261309877
915, 56, -5.4999999999999964, 1688, 0.024974381449567984
916, 60, -5.899999999999995, 1662, 0.020558603571353196
917, 52, -5.099999999999998, 1681, 0.02620263350491836
918, 50, -4.899999999999999, 1675, 0.025151083653789152
919, 62, -6.099999999999994, 1676, 0.02439932434215497
920, 50, -4.899999999999999, 1676, 0.020020087406458664
921, 50, -4.899999999999999, 1667, 0.02382088381229852
922, 61, -5.999999999999995, 1679, 0.027075980390884213
923, 55, -5.399999999999997, 1674, 0.018743827110528244
924, 58, -5.699999999999996, 1690, 0.025827611805858908
925, 47, -4.6, 1676, 0.025879894988518615
926, 49, -4.799999999999999, 1674, 0.02770860664218766
927, 66, -6.499999999999993, 1675, 0.02151180356167348
928, 54, -5.299999999999997, 1702, 0.024444844421409484
929, 58, -5.699999999999996, 1709, 0.023106737338203454
930, 45, -4.4, 1682, 0.018278903944284774
931, 56, -5.4999999999999964, 1699, 0.02074883787841042
932, 72, -7.099999999999991, 1698, 0.023128583004461634
933, 56, -5.4999999999999964, 1717, 0.02310672409675707
934, 77, -7.599999999999989, 1711, 0.026081473100131092
935, 48, -4.699999999999999, 1698, 0.029240229448754596
936, 48, -4.699999999999999, 1713, 0.02911086028758958
937, 44, -4.300000000000001, 1705, 0.02265772899225227
938, 60, -5.899999999999995, 1702, 0.02617428005017597
939, 55, -5.399999999999997, 1684, 0.021142474852120285
940, 57, -5.599999999999996, 1720, 0.023116448370075426
941, 60, -5.899999999999995, 1716, 0.022207791061362503
942, 59, -5.799999999999995, 1714, 0.022765311318368564
943, 64, -6.299999999999994, 1710, 0.02170572451706143
944, 55, -5.399999999999997, 1713, 0.023811934657311018
945, 58, -5.699999999999996, 1713, 0.02846728071497935
946, 62, -6.099999999999994, 1712, 0.022027959305394473
947, 63, -6.199999999999994, 1705, 0.02409227047107443
948, 64, -6.299999999999994, 1726, 0.023200098234849698
949, 62, -6.099999999999994, 1739, 0.021570433714693582
950, 65, -6.399999999999993, 1725, 0.030267692891912223
951, 49, -4.799999999999999, 1721, 0.026022810981101374
952, 65, -6.399999999999993, 1721, 0.024427839112351357
953, 57, -5.599999999999996, 1732, 0.023744049968125402
954, 60, -5.899999999999995, 1716, 0.02112679035365561
955, 52, -5.099999999999998, 1739, 0.0215344623910112
956, 56, -5.4999999999999964, 1716, 0.021216923090075446
957, 53, -5.1999999999999975, 1726, 0.0238896341507564
958, 50, -4.899999999999999, 1718, 0.02557030997341217
959, 54, -5.299999999999997, 1748, 0.026101664382598866
960, 47, -4.6, 1726, 0.026339105092739068
961, 49, -4.799999999999999, 1746, 0.027037136935322503
962, 51, -4.999999999999998, 1725, 0.024709710415811048
963, 54, -5.299999999999997, 1730, 0.022935053579149045
964, 52, -5.099999999999998, 1712, 0.02221851795829477
965, 55, -5.399999999999997, 1725, 0.02182202052619786
966, 66, -6.499999999999993, 1723, 0.02533671218961797
967, 49, -4.799999999999999, 1743, 0.021907231671587146
968, 59, -5.799999999999995, 1733, 0.023164194703941043
969, 46, -4.5, 1761, 0.018940219597383567
970, 54, -5.299999999999997, 1715, 0.024750669935013958
971, 53, -5.1999999999999975, 1759, 0.020180565997752087
972, 49, -4.799999999999999, 1745, 0.027382875848915744
973, 68, -6.699999999999992, 1717, 0.02626463981441729
974, 54, -5.299999999999997, 1722, 0.02497174497467447
975, 48, -4.699999999999999, 1739, 0.02149188591565121
976, 49, -4.799999999999999, 1749, 0.016996040127866596
977, 56, -5.4999999999999964, 1742, 0.022055899908920873
978, 67, -6.5999999999999925, 1740, 0.020257821011863353
979, 62, -6.099999999999994, 1755, 0.02255038712261692
980, 53, -5.1999999999999975, 1729, 0.037249742932415675
981, 55, -5.399999999999997, 1718, 0.01891978114890369
982, 60, -5.899999999999995, 1724, 0.023599181258792568
983, 56, -5.4999999999999964, 1751, 0.0215986443518581
984, 55, -5.399999999999997, 1733, 0.0243832237336844
985, 51, -4.999999999999998, 1751, 0.02261300927934684
986, 72, -7.099999999999991, 1744, 0.026021421446863258
987, 54, -5.299999999999997, 1745, 0.02381456413966987
988, 65, -6.399999999999993, 1741, 0.21416363974662023
989, 57, -5.599999999999996, 1754, 0.013623094721582962
990, 54, -5.299999999999997, 1746, 0.024261539492601347
991, 48, -4.699999999999999, 1781, 0.0219431234944496
992, 59, -5.799999999999995, 1784, 0.022033281980473163
993, 58, -5.699999999999996, 1760, 0.02518467223186177
994, 52, -5.099999999999998, 1779, 0.030221702690826358
995, 49, -4.799999999999999, 1769, 0.02234376472749755
996, 61, -5.999999999999995, 1750, 0.02399550102373893
997, 51, -4.999999999999998, 1755, 0.02288791730975559
998, 64, -6.299999999999994, 1757, 0.022680093157354198
999, 59, -5.799999999999995, 1779, 0.02627656958627922
1000, 59, -5.799999999999995, 1745, 0.022736273407830465
