Episode, Steps, Reward, Time (in milliseconds), Convergence
1, 225, -22.40000000000005, 18, 1.837611283397347
2, 225, -22.40000000000005, 48, 0.3666322157405202
3, 225, -22.40000000000005, 22, 0.2611380377270274
4, 225, -22.40000000000005, 53, 0.22181702676656023
5, 225, -22.40000000000005, 49, 0.28062055317024703
6, 225, -22.40000000000005, 55, 0.19803069391644623
7, 225, -22.40000000000005, 65, 1.5384014166446065
8, 225, -22.40000000000005, 61, 0.23960713487259477
9, 225, -22.40000000000005, 65, 0.5189601781224342
10, 225, -22.40000000000005, 68, 0.19580824890296825
11, 225, -22.40000000000005, 83, 0.47248761066791634
12, 225, -22.40000000000005, 84, 0.25941082419321626
13, 225, -22.40000000000005, 86, 0.30843778016209716
14, 225, -22.40000000000005, 93, 0.3348427105146045
15, 225, -22.40000000000005, 89, 0.27124444883815135
16, 225, -22.40000000000005, 95, 0.22188057175969567
17, 225, -22.40000000000005, 88, 0.3369790229913523
18, 225, -22.40000000000005, 88, 0.1967188205673014
19, 225, -22.40000000000005, 90, 0.35382497931768125
20, 225, -22.40000000000005, 97, 0.33809704892840464
21, 225, -22.40000000000005, 103, 0.35732107941041247
22, 143, -14.199999999999966, 104, 0.4148943802262033
23, 225, -22.40000000000005, 123, 0.42671824732982433
24, 225, -22.40000000000005, 107, 0.3383700211619409
25, 115, -11.399999999999975, 125, 0.3136882037472646
26, 225, -22.40000000000005, 119, 0.5122099815898127
27, 225, -22.40000000000005, 113, 0.4960198902728685
28, 225, -22.40000000000005, 114, 0.4954057536700027
29, 115, -11.399999999999975, 123, 0.4521363506408025
30, 225, -22.40000000000005, 113, 0.2975363943586825
31, 225, -22.40000000000005, 129, 0.39020951771537593
32, 225, -22.40000000000005, 114, 0.38858313651263265
33, 225, -22.40000000000005, 118, 0.41872319947279135
34, 225, -22.40000000000005, 135, 0.43192960508930067
35, 225, -22.40000000000005, 123, 0.34216388614059323
36, 225, -22.40000000000005, 126, 0.6291036639469081
37, 196, -19.500000000000007, 141, 0.5917549917974052
38, 185, -18.39999999999999, 129, 0.3014214667016635
39, 159, -15.79999999999996, 128, 0.3558974364222107
40, 225, -22.40000000000005, 130, 0.4018792253836141
41, 111, -10.999999999999977, 139, 0.5661281539118388
42, 225, -22.40000000000005, 134, 0.5167290682044814
43, 143, -14.199999999999966, 131, 0.5731893343973282
44, 225, -22.40000000000005, 149, 0.7454686508061616
45, 225, -22.40000000000005, 137, 0.38728595725150683
46, 76, -7.499999999999989, 141, 0.4650147232908548
47, 225, -22.40000000000005, 141, 0.46878541381728
48, 225, -22.40000000000005, 143, 0.4491200918453613
49, 225, -22.40000000000005, 148, 0.43298157079106314
50, 144, -14.299999999999965, 147, 0.3045236350929539
51, 205, -20.40000000000002, 148, 0.6125664208799515
52, 225, -22.40000000000005, 149, 0.603570973318702
53, 124, -12.299999999999972, 155, 0.393097746730823
54, 225, -22.40000000000005, 138, 0.6264903449158226
55, 78, -7.699999999999989, 150, 0.3699833143045341
56, 225, -22.40000000000005, 147, 0.4790467566119694
57, 179, -17.799999999999983, 147, 0.5207422598167344
58, 225, -22.40000000000005, 146, 0.533338481225803
59, 225, -22.40000000000005, 157, 0.34241087685773164
60, 225, -22.40000000000005, 143, 0.5263239688511739
61, 173, -17.199999999999974, 162, 0.4484914265412221
62, 225, -22.40000000000005, 160, 0.4804516156588079
63, 225, -22.40000000000005, 148, 0.34593274707909405
64, 56, -5.4999999999999964, 158, 0.5807257201633222
65, 225, -22.40000000000005, 179, 0.7980176224419546
66, 192, -19.1, 147, 0.5565003706264997
67, 64, -6.299999999999994, 150, 0.5486528878852095
68, 126, -12.499999999999972, 159, 0.668932839018843
69, 128, -12.69999999999997, 176, 0.52444157933131
70, 225, -22.40000000000005, 164, 0.5374522518026095
71, 225, -22.40000000000005, 169, 0.7233052601509411
72, 179, -17.799999999999983, 172, 0.5083331621583902
73, 158, -15.69999999999996, 167, 0.5085073137695217
74, 141, -13.999999999999966, 166, 0.545563299337023
75, 91, -8.999999999999984, 158, 0.44116063093777225
76, 225, -22.40000000000005, 157, 0.6707659697328032
77, 225, -22.40000000000005, 172, 2.0585857620775663
78, 225, -22.40000000000005, 172, 0.5142271795547719
79, 225, -22.40000000000005, 173, 0.5452462922282417
80, 225, -22.40000000000005, 175, 0.7196539678073766
81, 206, -20.50000000000002, 189, 0.5210005629398018
82, 225, -22.40000000000005, 169, 0.7658362880705769
83, 225, -22.40000000000005, 178, 0.634855248440765
84, 225, -22.40000000000005, 172, 0.46799984424367835
85, 68, -6.699999999999992, 172, 0.4113241207321865
86, 160, -15.89999999999996, 186, 0.7845417198316111
87, 225, -22.40000000000005, 173, 0.5261748896185443
88, 185, -18.39999999999999, 185, 0.6092245554199902
89, 225, -22.40000000000005, 174, 0.4847745362663287
90, 225, -22.40000000000005, 170, 0.37505176357389924
91, 225, -22.40000000000005, 173, 0.4941066609773954
92, 186, -18.499999999999993, 172, 0.417108766926068
93, 125, -12.399999999999972, 162, 0.4709237240111688
94, 128, -12.69999999999997, 170, 0.4538684909268942
95, 85, -8.399999999999986, 185, 0.7474368738676347
96, 225, -22.40000000000005, 187, 0.34683404446721866
97, 225, -22.40000000000005, 182, 0.4978367168863649
98, 150, -14.899999999999963, 186, 0.632261729252046
99, 225, -22.40000000000005, 181, 0.3221661742957518
100, 105, -10.399999999999979, 186, 0.540872388970928
101, 225, -22.40000000000005, 195, 0.46815169310311144
102, 225, -22.40000000000005, 192, 0.475954546779342
103, 225, -22.40000000000005, 194, 0.4315676964350956
104, 225, -22.40000000000005, 185, 0.7252269926590191
105, 131, -12.99999999999997, 203, 0.8128257467688118
106, 185, -18.39999999999999, 193, 0.353532171750369
107, 225, -22.40000000000005, 205, 0.4913183918472399
108, 200, -19.900000000000013, 188, 0.4402980975788866
109, 225, -22.40000000000005, 174, 0.4020183416555885
110, 225, -22.40000000000005, 195, 0.4789065546155844
111, 225, -22.40000000000005, 193, 0.5468921194356979
112, 59, -5.799999999999995, 184, 0.4743415676020004
113, 225, -22.40000000000005, 199, 0.47143367114888823
114, 106, -10.499999999999979, 189, 0.2994553754349445
115, 225, -22.40000000000005, 191, 0.5852553105158047
116, 225, -22.40000000000005, 198, 0.4549189241464766
117, 176, -17.49999999999998, 199, 0.4946597793397789
118, 150, -14.899999999999963, 199, 0.5984272491532665
119, 109, -10.799999999999978, 196, 0.8477097132998472
120, 225, -22.40000000000005, 186, 0.35650208609562906
121, 225, -22.40000000000005, 194, 0.4986178775148591
122, 99, -9.799999999999981, 199, 0.3947301659543365
123, 225, -22.40000000000005, 200, 0.3363656315081669
124, 225, -22.40000000000005, 201, 0.4816366204287128
125, 225, -22.40000000000005, 192, 0.5418596525654604
126, 225, -22.40000000000005, 203, 0.5855150792451043
127, 102, -10.09999999999998, 202, 0.36596520262583354
128, 225, -22.40000000000005, 217, 0.548448087375009
129, 225, -22.40000000000005, 204, 0.5464102858795354
130, 129, -12.79999999999997, 200, 0.6963406853473424
131, 225, -22.40000000000005, 215, 0.5479286574974238
132, 110, -10.899999999999977, 202, 0.5912525752886943
133, 215, -21.400000000000034, 223, 0.4048587638887158
134, 192, -19.1, 210, 0.6349280852152025
135, 193, -19.200000000000003, 200, 0.45639239209153115
136, 109, -10.799999999999978, 219, 0.6259085459581666
137, 225, -22.40000000000005, 210, 0.4604793788356385
138, 225, -22.40000000000005, 212, 0.4431877114449225
139, 163, -16.19999999999996, 219, 0.7372903489284455
140, 225, -22.40000000000005, 216, 0.3565733421315751
141, 225, -22.40000000000005, 209, 0.2836164202499756
142, 130, -12.89999999999997, 223, 0.526996034477091
143, 225, -22.40000000000005, 227, 0.44945925225255134
144, 225, -22.40000000000005, 213, 0.44261438365710815
145, 113, -11.199999999999976, 238, 0.6240258943269001
146, 146, -14.499999999999964, 220, 0.44514822162589684
147, 225, -22.40000000000005, 229, 0.3389433621032514
148, 225, -22.40000000000005, 212, 0.48126977691053874
149, 225, -22.40000000000005, 216, 0.28735725221911346
150, 225, -22.40000000000005, 224, 0.5952345978985152
151, 207, -20.600000000000023, 234, 0.7384802848139957
152, 225, -22.40000000000005, 235, 0.46984887499056427
153, 165, -16.399999999999963, 231, 0.5700545162488495
154, 225, -22.40000000000005, 225, 0.6150560393731406
155, 155, -15.399999999999961, 228, 0.39936834605404914
156, 225, -22.40000000000005, 225, 0.5666857612429888
157, 225, -22.40000000000005, 233, 0.4827635733573956
158, 130, -12.89999999999997, 226, 0.5361877231108562
159, 180, -17.899999999999984, 225, 0.48214693636796335
160, 225, -22.40000000000005, 226, 0.6424990194217395
161, 225, -22.40000000000005, 234, 0.5295307739579296
162, 129, -12.79999999999997, 232, 0.6927084690933776
163, 136, -13.499999999999968, 241, 0.48889349445758157
164, 151, -14.999999999999963, 240, 0.7163099430767303
165, 147, -14.599999999999964, 247, 0.4114036113264907
166, 225, -22.40000000000005, 246, 0.6087772401273073
167, 225, -22.40000000000005, 240, 0.6402029452316085
168, 225, -22.40000000000005, 243, 0.6078984163666918
169, 225, -22.40000000000005, 240, 0.4295731430207872
170, 225, -22.40000000000005, 235, 0.4448486254678692
171, 225, -22.40000000000005, 231, 0.5467963115024672
172, 225, -22.40000000000005, 232, 0.5039701584114651
173, 73, -7.19999999999999, 240, 0.6024039563718981
174, 211, -21.00000000000003, 246, 0.6591984351600217
175, 225, -22.40000000000005, 259, 0.6616431266448172
176, 103, -10.19999999999998, 244, 0.5945251681310291
177, 225, -22.40000000000005, 255, 0.4989956665569597
178, 172, -17.099999999999973, 246, 0.4550015703186432
179, 225, -22.40000000000005, 251, 0.6979586409949765
180, 101, -9.99999999999998, 258, 0.6557483907796455
181, 163, -16.19999999999996, 249, 0.42998369720212803
182, 61, -5.999999999999995, 241, 0.4949817974374575
183, 225, -22.40000000000005, 257, 0.5857791576955411
184, 77, -7.599999999999989, 254, 0.8183557725608259
185, 133, -13.199999999999969, 253, 0.45214572396364083
186, 64, -6.299999999999994, 251, 0.572425483020961
187, 225, -22.40000000000005, 256, 0.46379125482570105
188, 148, -14.699999999999964, 249, 0.3431714214488517
189, 225, -22.40000000000005, 259, 0.598041501667909
190, 225, -22.40000000000005, 253, 0.4335112942938242
191, 225, -22.40000000000005, 256, 0.47975384490585304
192, 225, -22.40000000000005, 267, 0.5032838899521379
193, 225, -22.40000000000005, 264, 0.6311224763929353
194, 225, -22.40000000000005, 260, 0.797671249138332
195, 225, -22.40000000000005, 257, 0.5832520781687112
196, 146, -14.499999999999964, 264, 0.6974402631480481
197, 95, -9.399999999999983, 261, 0.37775003487080183
198, 225, -22.40000000000005, 257, 0.5881316537803953
199, 112, -11.099999999999977, 275, 0.3158342420806939
200, 225, -22.40000000000005, 263, 0.5053546592923297
201, 124, -12.299999999999972, 263, 0.3754330242554751
202, 225, -22.40000000000005, 273, 0.3894882606782297
203, 193, -19.200000000000003, 250, 0.48403337501932775
204, 179, -17.799999999999983, 272, 0.6795707025155391
205, 225, -22.40000000000005, 255, 0.7200300077274151
206, 128, -12.69999999999997, 266, 0.4881617614744096
207, 225, -22.40000000000005, 255, 0.5438989283442734
208, 225, -22.40000000000005, 266, 0.5574858108813596
209, 131, -12.99999999999997, 270, 0.8098889169287458
210, 130, -12.89999999999997, 264, 0.6642413494839214
211, 195, -19.400000000000006, 264, 0.5674636243504185
212, 140, -13.899999999999967, 277, 0.4374757450324409
213, 225, -22.40000000000005, 274, 0.5707729375574124
214, 225, -22.40000000000005, 266, 0.5810979892552832
215, 163, -16.19999999999996, 287, 0.5907300154983175
216, 102, -10.09999999999998, 275, 0.6838181664526388
217, 225, -22.40000000000005, 283, 0.525009175036117
218, 168, -16.699999999999967, 283, 0.7658307468817416
219, 201, -20.000000000000014, 275, 0.7419033683866361
220, 93, -9.199999999999983, 275, 0.5322641241431945
221, 225, -22.40000000000005, 277, 0.8541383076902713
222, 199, -19.80000000000001, 268, 0.3332171517553908
223, 121, -11.999999999999973, 274, 0.3928752323233148
224, 225, -22.40000000000005, 262, 0.43598816862803536
225, 116, -11.499999999999975, 284, 0.49583659530415325
226, 79, -7.799999999999988, 279, 0.4370361737874282
227, 79, -7.799999999999988, 275, 0.41119700877477294
228, 103, -10.19999999999998, 275, 0.45027489057311443
229, 193, -19.200000000000003, 291, 0.9581512009339619
230, 140, -13.899999999999967, 276, 0.5950531200419804
231, 225, -22.40000000000005, 277, 0.39082800572529663
232, 225, -22.40000000000005, 292, 0.4650197547885512
233, 225, -22.40000000000005, 289, 0.32623437645495645
234, 225, -22.40000000000005, 279, 0.5859980335163245
235, 121, -11.999999999999973, 294, 0.3075753426998169
236, 225, -22.40000000000005, 284, 0.5464547556512005
237, 79, -7.799999999999988, 291, 0.3985679183818376
238, 225, -22.40000000000005, 276, 0.5705296062275158
239, 225, -22.40000000000005, 305, 0.6336370945911396
240, 225, -22.40000000000005, 289, 0.34069390394453203
241, 181, -17.999999999999986, 281, 0.6124238677662732
242, 225, -22.40000000000005, 293, 0.47660178868826275
243, 76, -7.499999999999989, 294, 0.41666097924485657
244, 55, -5.399999999999997, 296, 0.3876292952725324
245, 103, -10.19999999999998, 308, 0.4544755012616273
246, 225, -22.40000000000005, 289, 0.699253518972742
247, 225, -22.40000000000005, 291, 0.5901596507576106
248, 225, -22.40000000000005, 300, 0.4524255393317762
249, 195, -19.400000000000006, 280, 0.4509230110216387
250, 192, -19.1, 293, 0.4112529087690968
251, 225, -22.40000000000005, 306, 0.5292913529538668
252, 92, -9.099999999999984, 281, 0.7447224505819496
253, 225, -22.40000000000005, 300, 0.49773803790601545
254, 93, -9.199999999999983, 294, 0.7536328368483689
255, 129, -12.79999999999997, 286, 0.334109602380281
256, 225, -22.40000000000005, 308, 0.5770228181117012
257, 91, -8.999999999999984, 297, 0.8121656859621944
258, 225, -22.40000000000005, 298, 0.8078565293533799
259, 155, -15.399999999999961, 309, 0.5060237639068066
260, 225, -22.40000000000005, 310, 0.6524160918469097
261, 225, -22.40000000000005, 299, 0.5719490461662677
262, 225, -22.40000000000005, 294, 0.46363831319952487
263, 80, -7.899999999999988, 301, 0.6184168457479529
264, 225, -22.40000000000005, 300, 0.7618425149467991
265, 225, -22.40000000000005, 308, 0.40458393482948773
266, 225, -22.40000000000005, 313, 0.38285542766429304
267, 225, -22.40000000000005, 323, 0.7448824716850821
268, 167, -16.599999999999966, 305, 0.4926724388724537
269, 225, -22.40000000000005, 313, 0.6559633640448368
270, 225, -22.40000000000005, 315, 0.44652827844992515
271, 145, -14.399999999999965, 306, 0.6179825753147461
272, 166, -16.499999999999964, 318, 1.0573950995585806
273, 225, -22.40000000000005, 327, 0.4976271244586945
274, 106, -10.499999999999979, 300, 0.3360856372093677
275, 225, -22.40000000000005, 314, 0.49843940664786235
276, 225, -22.40000000000005, 315, 0.610316420468636
277, 73, -7.19999999999999, 333, 0.5536736272793514
278, 225, -22.40000000000005, 341, 0.6827676206786735
279, 201, -20.000000000000014, 321, 0.41804936208833676
280, 225, -22.40000000000005, 320, 1.4916916230513855
281, 115, -11.399999999999975, 326, 0.4620502755576106
282, 225, -22.40000000000005, 320, 0.8583136304325909
283, 225, -22.40000000000005, 320, 0.4779272011365927
284, 225, -22.40000000000005, 316, 0.4891826658098628
285, 225, -22.40000000000005, 301, 0.38575957569802144
286, 64, -6.299999999999994, 309, 0.522455418356353
287, 106, -10.499999999999979, 321, 0.335802080534898
288, 225, -22.40000000000005, 315, 0.3870622102292467
289, 225, -22.40000000000005, 331, 0.44382420865696615
290, 210, -20.900000000000027, 342, 0.7112787756294785
291, 225, -22.40000000000005, 334, 0.5645185690946417
292, 104, -10.29999999999998, 342, 0.44591856748432185
293, 225, -22.40000000000005, 319, 0.5931831919989907
294, 221, -22.000000000000043, 334, 0.8369020933693889
295, 225, -22.40000000000005, 333, 0.6542259810582367
296, 124, -12.299999999999972, 318, 0.4323367650158372
297, 105, -10.399999999999979, 341, 0.5650885786487967
298, 177, -17.59999999999998, 344, 0.5346664051898813
299, 72, -7.099999999999991, 346, 0.4305984825493758
300, 225, -22.40000000000005, 330, 0.4312265512961124
301, 200, -19.900000000000013, 342, 0.5520601383140784
302, 225, -22.40000000000005, 334, 0.3500703325788348
303, 225, -22.40000000000005, 340, 0.530315749159274
304, 225, -22.40000000000005, 349, 0.6645314701163754
305, 212, -21.10000000000003, 327, 0.42561112286322533
306, 225, -22.40000000000005, 344, 0.9677072051439009
307, 225, -22.40000000000005, 351, 0.6839848733487646
308, 197, -19.60000000000001, 334, 0.6156445760059945
309, 188, -18.699999999999996, 322, 0.5105833681131329
310, 225, -22.40000000000005, 347, 0.5228316257563161
311, 88, -8.699999999999985, 413, 0.562217734071945
312, 195, -19.400000000000006, 345, 0.5373921244921647
313, 158, -15.69999999999996, 345, 0.6648273192175747
314, 225, -22.40000000000005, 329, 0.6967274559064682
315, 71, -6.999999999999991, 346, 0.4147315041285198
316, 80, -7.899999999999988, 336, 0.4597768091088881
317, 57, -5.599999999999996, 342, 0.7603005877938709
318, 204, -20.30000000000002, 340, 0.6509397344094277
319, 225, -22.40000000000005, 342, 0.6031266504769262
320, 225, -22.40000000000005, 339, 0.5944590803585443
321, 99, -9.799999999999981, 352, 0.36009115286436777
322, 162, -16.09999999999996, 340, 0.5318669671275846
323, 225, -22.40000000000005, 343, 0.5193415552662428
324, 225, -22.40000000000005, 344, 0.5657193492149382
325, 225, -22.40000000000005, 352, 0.5377248508368015
326, 107, -10.599999999999978, 373, 0.48829776261648916
327, 133, -13.199999999999969, 373, 0.5131583202046714
328, 122, -12.099999999999973, 361, 0.42757225445908453
329, 73, -7.19999999999999, 361, 0.7384483284053476
330, 215, -21.400000000000034, 354, 0.513148708655699
331, 225, -22.40000000000005, 353, 0.8028396318537259
332, 225, -22.40000000000005, 348, 0.5598951436812223
333, 225, -22.40000000000005, 355, 0.5546006018582474
334, 225, -22.40000000000005, 350, 0.6270796887899377
335, 188, -18.699999999999996, 346, 0.7218900499745504
336, 132, -13.09999999999997, 354, 0.3070675083778065
337, 225, -22.40000000000005, 378, 0.4560616995958
338, 188, -18.699999999999996, 347, 0.6151152786676288
339, 144, -14.299999999999965, 374, 0.469121857078306
340, 192, -19.1, 371, 0.4831832933857738
341, 122, -12.099999999999973, 354, 0.5928050342584563
342, 225, -22.40000000000005, 369, 0.4374499891854864
343, 225, -22.40000000000005, 384, 0.7609895330761507
344, 190, -18.9, 386, 0.8341712089848232
345, 78, -7.699999999999989, 353, 0.5703131007479278
346, 108, -10.699999999999978, 377, 0.8107824562873422
347, 225, -22.40000000000005, 369, 0.5725816397127104
348, 50, -4.899999999999999, 372, 0.46873334188069515
349, 103, -10.19999999999998, 381, 0.45295997773323227
350, 225, -22.40000000000005, 372, 0.4241942222228823
351, 225, -22.40000000000005, 359, 0.5002722581091819
352, 225, -22.40000000000005, 369, 0.5749714471576444
353, 225, -22.40000000000005, 381, 0.4469396278989519
354, 225, -22.40000000000005, 371, 0.2678987329204672
355, 173, -17.199999999999974, 367, 0.5077335031532311
356, 225, -22.40000000000005, 369, 0.6910734865479813
357, 225, -22.40000000000005, 396, 0.37012711577908686
358, 110, -10.899999999999977, 379, 0.35142462873705016
359, 206, -20.50000000000002, 374, 0.5935699660581588
360, 225, -22.40000000000005, 396, 0.5770643836641232
361, 92, -9.099999999999984, 368, 0.26276391737126303
362, 225, -22.40000000000005, 370, 0.7191200903872534
363, 225, -22.40000000000005, 378, 0.2873685741496077
364, 225, -22.40000000000005, 362, 0.6050826050364445
365, 225, -22.40000000000005, 380, 0.5547052864197641
366, 225, -22.40000000000005, 381, 0.48217104785400977
367, 63, -6.199999999999994, 370, 0.4711608532291014
368, 225, -22.40000000000005, 376, 0.5317386717922337
369, 225, -22.40000000000005, 380, 0.7126530035240126
370, 225, -22.40000000000005, 380, 0.4276781120395263
371, 225, -22.40000000000005, 386, 0.5923717923502148
372, 132, -13.09999999999997, 360, 0.45782287339076655
373, 225, -22.40000000000005, 376, 0.5555380496603424
374, 160, -15.89999999999996, 401, 0.471393618783174
375, 132, -13.09999999999997, 400, 0.5373990313005272
376, 141, -13.999999999999966, 379, 0.7249335857446564
377, 225, -22.40000000000005, 376, 0.5011277949873585
378, 225, -22.40000000000005, 376, 0.31699418790470624
379, 225, -22.40000000000005, 367, 0.4975161118922804
380, 225, -22.40000000000005, 391, 0.7239387250819909
381, 225, -22.40000000000005, 400, 0.5791037986412682
382, 189, -18.799999999999997, 388, 0.5451163807541228
383, 225, -22.40000000000005, 398, 0.5759506079808481
384, 225, -22.40000000000005, 384, 0.7581796200147883
385, 225, -22.40000000000005, 410, 0.5639729854934004
386, 91, -8.999999999999984, 398, 0.308598131919652
387, 179, -17.799999999999983, 398, 0.48634731657751473
388, 179, -17.799999999999983, 412, 0.4063170286536266
389, 225, -22.40000000000005, 379, 0.497488728189897
390, 225, -22.40000000000005, 395, 0.5836163276104966
391, 222, -22.100000000000044, 408, 0.7086226717107618
392, 225, -22.40000000000005, 406, 1.8525375039981324
393, 103, -10.19999999999998, 386, 0.41324626082419247
394, 158, -15.69999999999996, 390, 0.4042143847953481
395, 225, -22.40000000000005, 390, 0.4324198759771525
396, 225, -22.40000000000005, 387, 0.5645130922882813
397, 223, -22.200000000000045, 400, 0.41718982383017433
398, 190, -18.9, 395, 0.5722201524847506
399, 161, -15.99999999999996, 419, 0.6764914423858195
400, 134, -13.299999999999969, 405, 0.5412165730223202
401, 225, -22.40000000000005, 405, 0.39383192454418126
402, 225, -22.40000000000005, 402, 0.5166328206024304
403, 225, -22.40000000000005, 425, 0.4849626917819787
404, 225, -22.40000000000005, 416, 0.47894422124573754
405, 217, -21.600000000000037, 413, 0.4417347112554726
406, 225, -22.40000000000005, 418, 0.638105185044612
407, 49, -4.799999999999999, 404, 0.6450208028047366
408, 67, -6.5999999999999925, 407, 0.5127107074230621
409, 225, -22.40000000000005, 417, 0.7431347540119924
410, 70, -6.8999999999999915, 426, 0.36141513245093715
411, 225, -22.40000000000005, 422, 0.573119400904202
412, 206, -20.50000000000002, 408, 0.5165810322472528
413, 144, -14.299999999999965, 430, 0.5900328136442639
414, 225, -22.40000000000005, 397, 0.5212926717089579
415, 56, -5.4999999999999964, 417, 0.5048709585894491
416, 114, -11.299999999999976, 427, 0.9435809778313495
417, 225, -22.40000000000005, 418, 0.69292227873032
418, 118, -11.699999999999974, 422, 0.47509540824221896
419, 99, -9.799999999999981, 422, 0.521268224015869
420, 136, -13.499999999999968, 431, 0.5045470949822706
421, 152, -15.099999999999962, 420, 0.5188332638150768
422, 225, -22.40000000000005, 409, 0.7226135428104583
423, 95, -9.399999999999983, 428, 0.3771670907415863
424, 118, -11.699999999999974, 407, 0.6111176776851277
425, 67, -6.5999999999999925, 430, 0.7043014158694177
426, 225, -22.40000000000005, 426, 0.7627165986227116
427, 225, -22.40000000000005, 422, 0.45120554831776616
428, 104, -10.29999999999998, 423, 0.612234885808894
429, 153, -15.199999999999962, 420, 0.6988196828620197
430, 136, -13.499999999999968, 437, 0.363516170867058
431, 185, -18.39999999999999, 421, 0.3731299414234104
432, 196, -19.500000000000007, 407, 0.9294909128775999
433, 225, -22.40000000000005, 431, 0.4146703757738146
434, 225, -22.40000000000005, 447, 0.570759057611951
435, 105, -10.399999999999979, 433, 0.752730478706802
436, 225, -22.40000000000005, 426, 0.5688157087489645
437, 225, -22.40000000000005, 427, 0.50674717534794
438, 225, -22.40000000000005, 432, 0.3796953606592228
439, 88, -8.699999999999985, 436, 0.613372156979322
440, 132, -13.09999999999997, 416, 0.558040662909101
441, 171, -16.99999999999997, 422, 0.5483369434763485
442, 100, -9.89999999999998, 433, 0.5469311414698321
443, 225, -22.40000000000005, 433, 0.49805803931092774
444, 144, -14.299999999999965, 436, 0.6301791712194462
445, 225, -22.40000000000005, 436, 0.3794612547208076
446, 154, -15.299999999999962, 430, 0.4294165242843071
447, 225, -22.40000000000005, 433, 0.9913488029441859
448, 225, -22.40000000000005, 441, 0.36563129653512627
449, 225, -22.40000000000005, 444, 0.5460839047864083
450, 225, -22.40000000000005, 425, 0.4012017260256462
451, 225, -22.40000000000005, 436, 0.3629763799766521
452, 225, -22.40000000000005, 431, 0.6453666905397468
453, 153, -15.199999999999962, 457, 0.7050627545077375
454, 130, -12.89999999999997, 450, 0.4524971575319934
455, 142, -14.099999999999966, 448, 0.8593249784514234
456, 225, -22.40000000000005, 469, 0.39428093726118796
457, 105, -10.399999999999979, 433, 0.28782179440053923
458, 148, -14.699999999999964, 441, 0.4311237599001321
459, 106, -10.499999999999979, 432, 0.5416423141114945
460, 109, -10.799999999999978, 478, 0.5594223273002346
461, 225, -22.40000000000005, 445, 0.3800396885595214
462, 150, -14.899999999999963, 446, 0.4793626668178699
463, 225, -22.40000000000005, 459, 0.5565358352234604
464, 225, -22.40000000000005, 449, 0.474911014367685
465, 225, -22.40000000000005, 446, 0.45991178802265087
466, 96, -9.499999999999982, 450, 0.38046654207851693
467, 225, -22.40000000000005, 457, 0.7771784636546686
468, 100, -9.89999999999998, 471, 0.5811152353595408
469, 225, -22.40000000000005, 475, 0.5217497388727326
470, 225, -22.40000000000005, 444, 0.5095710056016531
471, 225, -22.40000000000005, 462, 0.5650889246924526
472, 225, -22.40000000000005, 462, 0.5064130095116282
473, 225, -22.40000000000005, 446, 0.46104412807845563
474, 191, -19.0, 468, 0.49127254228842465
475, 225, -22.40000000000005, 466, 0.6135483300443434
476, 87, -8.599999999999985, 449, 0.35285246027083783
477, 225, -22.40000000000005, 458, 0.5490300788327223
478, 139, -13.799999999999967, 453, 0.5792275964208966
479, 225, -22.40000000000005, 459, 0.5042692576597867
480, 193, -19.200000000000003, 480, 0.5370123959897842
481, 225, -22.40000000000005, 465, 0.4121360618317538
482, 66, -6.499999999999993, 459, 0.5384355672165373
483, 175, -17.399999999999977, 462, 0.7005727101071617
484, 225, -22.40000000000005, 462, 0.7618901638349194
485, 203, -20.200000000000017, 471, 0.6669649211771325
486, 189, -18.799999999999997, 453, 0.3608348268970887
487, 225, -22.40000000000005, 467, 0.6368812172361591
488, 180, -17.899999999999984, 451, 0.43088243359459555
489, 168, -16.699999999999967, 490, 0.4741752301058657
490, 91, -8.999999999999984, 468, 0.532001232797473
491, 225, -22.40000000000005, 473, 0.36980612303782623
492, 225, -22.40000000000005, 477, 0.40228281868512505
493, 79, -7.799999999999988, 477, 0.9366827275249543
494, 61, -5.999999999999995, 481, 0.4468559517089803
495, 225, -22.40000000000005, 463, 0.543855858445077
496, 225, -22.40000000000005, 493, 0.4411341693635147
497, 225, -22.40000000000005, 468, 0.560522304960287
498, 100, -9.89999999999998, 475, 0.40877490823379237
499, 193, -19.200000000000003, 488, 0.6181755914027156
500, 95, -9.399999999999983, 485, 0.5875723348014088
501, 171, -16.99999999999997, 484, 0.5663907111241411
502, 218, -21.70000000000004, 476, 0.43858154377782954
503, 59, -5.799999999999995, 474, 0.43401456067116717
504, 225, -22.40000000000005, 462, 0.5395614630650623
505, 225, -22.40000000000005, 483, 0.4006714789991883
506, 225, -22.40000000000005, 468, 0.438240658894117
507, 102, -10.09999999999998, 502, 0.30833685807292843
508, 225, -22.40000000000005, 490, 0.546121884527035
509, 151, -14.999999999999963, 488, 0.6733768947559211
510, 135, -13.399999999999968, 479, 0.6706888578050804
511, 225, -22.40000000000005, 487, 0.40585383968125877
512, 73, -7.19999999999999, 499, 0.43433136472726863
513, 208, -20.700000000000024, 499, 0.7101448792210472
514, 72, -7.099999999999991, 490, 0.4751710868414305
515, 225, -22.40000000000005, 504, 0.4175562695088977
516, 225, -22.40000000000005, 490, 0.673772803247227
517, 225, -22.40000000000005, 509, 0.5655649010022326
518, 225, -22.40000000000005, 500, 0.5775432093593675
519, 225, -22.40000000000005, 504, 0.5584966062753582
520, 225, -22.40000000000005, 492, 0.5986578458720668
521, 213, -21.20000000000003, 502, 1.2493418567775905
522, 225, -22.40000000000005, 491, 0.43168069599297665
523, 128, -12.69999999999997, 496, 0.41272902355428287
524, 56, -5.4999999999999964, 482, 0.46310124662965446
525, 148, -14.699999999999964, 499, 0.5179168730649422
526, 119, -11.799999999999974, 492, 0.6931808800596566
527, 225, -22.40000000000005, 479, 0.4947059722541578
528, 225, -22.40000000000005, 503, 0.3575858414191577
529, 225, -22.40000000000005, 508, 0.5176375975519432
530, 225, -22.40000000000005, 507, 0.3452404692473072
531, 128, -12.69999999999997, 517, 0.5768886577266286
532, 90, -8.899999999999984, 511, 0.4850239062831039
533, 225, -22.40000000000005, 495, 0.4818593945193588
534, 225, -22.40000000000005, 504, 0.47861931484665887
535, 225, -22.40000000000005, 500, 0.6722268695055411
536, 225, -22.40000000000005, 505, 0.46324828589383493
537, 225, -22.40000000000005, 491, 0.7643189720578816
538, 225, -22.40000000000005, 510, 0.4972260350829347
539, 225, -22.40000000000005, 505, 0.46585091078224883
540, 85, -8.399999999999986, 502, 0.46530359743974214
541, 225, -22.40000000000005, 503, 0.5365584138147219
542, 225, -22.40000000000005, 506, 0.5125679433756876
543, 169, -16.79999999999997, 503, 0.7541063443832785
544, 106, -10.499999999999979, 493, 0.341507275225053
545, 158, -15.69999999999996, 524, 0.5618390733231409
546, 86, -8.499999999999986, 480, 0.5397450658510592
547, 194, -19.300000000000004, 505, 0.41402807052346224
548, 225, -22.40000000000005, 510, 0.5035854388230333
549, 158, -15.69999999999996, 549, 0.6145408238061794
550, 217, -21.600000000000037, 512, 0.4668856356998992
551, 225, -22.40000000000005, 525, 0.5123932838113441
552, 225, -22.40000000000005, 511, 0.48857498936082333
553, 164, -16.29999999999996, 515, 0.3840554672622756
554, 225, -22.40000000000005, 522, 0.7886584184029246
555, 225, -22.40000000000005, 506, 0.5113701778681614
556, 128, -12.69999999999997, 531, 0.6160426321551435
557, 225, -22.40000000000005, 517, 0.569065606963743
558, 76, -7.499999999999989, 533, 0.5278726012846935
559, 225, -22.40000000000005, 517, 0.30995605955735717
560, 225, -22.40000000000005, 527, 0.4751873769537234
561, 151, -14.999999999999963, 536, 0.2954921369660264
562, 202, -20.100000000000016, 536, 0.5582622865536868
563, 225, -22.40000000000005, 501, 0.5471002317580695
564, 225, -22.40000000000005, 511, 0.34543455712475657
565, 225, -22.40000000000005, 512, 0.4992804958839221
566, 132, -13.09999999999997, 514, 0.3331328870940472
567, 194, -19.300000000000004, 522, 0.7362277649385849
568, 90, -8.899999999999984, 515, 0.5030553143607381
569, 225, -22.40000000000005, 523, 0.6456849426080113
570, 225, -22.40000000000005, 529, 0.6375642569895326
571, 225, -22.40000000000005, 512, 0.735694697737729
572, 66, -6.499999999999993, 524, 0.4032402455607076
573, 84, -8.299999999999986, 523, 0.3050956237366109
574, 225, -22.40000000000005, 529, 0.5159899744100089
575, 225, -22.40000000000005, 523, 0.709625995373155
576, 225, -22.40000000000005, 519, 0.5948831839223354
577, 225, -22.40000000000005, 536, 0.39357016357114505
578, 225, -22.40000000000005, 530, 0.5183572133125707
579, 219, -21.80000000000004, 527, 0.5086298476640327
580, 225, -22.40000000000005, 529, 0.3889391196727378
581, 225, -22.40000000000005, 549, 0.982720632965961
582, 222, -22.100000000000044, 525, 0.42153207940124304
583, 225, -22.40000000000005, 537, 0.49005277549069914
584, 225, -22.40000000000005, 540, 0.48262513315556665
585, 225, -22.40000000000005, 532, 0.47649563788935545
586, 225, -22.40000000000005, 537, 0.6461748977933603
587, 70, -6.8999999999999915, 550, 0.43664727125328984
588, 136, -13.499999999999968, 547, 0.6357208570675734
589, 225, -22.40000000000005, 547, 0.5080635302706651
590, 131, -12.99999999999997, 561, 0.44377355018625275
591, 225, -30.000000000000043, 547, 0.5070354581815395
592, 139, -13.799999999999967, 530, 0.4711980446648574
593, 225, -22.40000000000005, 553, 0.5348342753931732
594, 191, -19.0, 528, 0.703127968533241
595, 132, -13.09999999999997, 529, 0.5592974180898147
596, 225, -22.40000000000005, 562, 0.4242884713210606
597, 225, -22.40000000000005, 553, 0.660149095204714
598, 139, -13.799999999999967, 533, 0.47748062402779023
599, 225, -22.40000000000005, 533, 0.8761465706035483
600, 225, -22.40000000000005, 566, 0.6601692736257401
601, 155, -15.399999999999961, 563, 0.45729885967076944
602, 173, -17.199999999999974, 541, 0.42681709910322774
603, 170, -16.89999999999997, 565, 0.41649714366419244
604, 125, -12.399999999999972, 561, 0.4987071856525698
605, 225, -22.40000000000005, 550, 0.58342895705353
606, 134, -13.299999999999969, 568, 0.7100628047083073
607, 225, -22.40000000000005, 552, 0.5314294328477631
608, 189, -18.799999999999997, 545, 0.4785852640878103
609, 225, -22.40000000000005, 553, 0.6160447572579177
610, 83, -8.199999999999987, 549, 0.5164686522962856
611, 225, -22.40000000000005, 540, 0.6402683515509953
612, 225, -22.40000000000005, 549, 0.7088334237361611
613, 225, -22.40000000000005, 556, 0.5512325579932345
614, 225, -22.40000000000005, 561, 0.4843886701789084
615, 101, -9.99999999999998, 548, 0.35345439136025636
616, 139, -13.799999999999967, 569, 0.5955649295531398
617, 225, -22.40000000000005, 569, 0.4208149955982036
618, 139, -13.799999999999967, 564, 0.589195224151708
619, 68, -6.699999999999992, 564, 0.3848250558468269
620, 114, -11.299999999999976, 582, 0.19204958658277205
621, 111, -10.999999999999977, 549, 0.4405174005355348
622, 225, -22.40000000000005, 551, 0.39005529180538373
623, 102, -10.09999999999998, 565, 0.29990683506044213
624, 225, -22.40000000000005, 571, 0.5679826774733554
625, 143, -14.199999999999966, 555, 0.44514084909924434
626, 225, -22.40000000000005, 573, 0.39825900062348607
627, 80, -7.899999999999988, 574, 0.4741401556071474
628, 225, -22.40000000000005, 569, 0.38598986702557725
629, 225, -22.40000000000005, 562, 0.4326313932803969
630, 225, -22.40000000000005, 566, 0.4152779525971404
631, 87, -8.599999999999985, 571, 0.45639192373265347
632, 225, -22.40000000000005, 572, 0.6480999380500374
633, 225, -22.40000000000005, 584, 0.4571099353340087
634, 129, -12.79999999999997, 561, 0.5498316847362013
635, 213, -21.20000000000003, 594, 0.4286351876629595
636, 225, -22.40000000000005, 571, 0.6228190530293767
637, 225, -22.40000000000005, 583, 0.5092901272345278
638, 225, -22.40000000000005, 587, 0.8006195073397033
639, 142, -14.099999999999966, 573, 0.5002434006599552
640, 128, -12.69999999999997, 548, 0.36874978793390034
641, 225, -22.40000000000005, 592, 0.5290883916350475
642, 225, -22.40000000000005, 575, 0.4330498910297842
643, 225, -22.40000000000005, 568, 0.4629484367955343
644, 225, -22.40000000000005, 584, 0.527209446433007
645, 211, -21.00000000000003, 603, 0.5095940750150563
646, 225, -22.40000000000005, 592, 0.5946494388974548
647, 148, -14.699999999999964, 594, 0.5225837999250988
648, 225, -22.40000000000005, 598, 0.7852538306543173
649, 122, -12.099999999999973, 619, 0.5139603871435008
650, 225, -22.40000000000005, 588, 0.4565720491621805
651, 138, -13.699999999999967, 586, 0.6350802848331365
652, 91, -8.999999999999984, 599, 0.321819369252923
653, 225, -22.40000000000005, 582, 0.43936149504608263
654, 200, -19.900000000000013, 580, 0.49173232284401003
655, 199, -19.80000000000001, 602, 0.5722974281183437
656, 225, -22.40000000000005, 595, 0.3803043046978698
657, 225, -22.40000000000005, 600, 0.32746424359746396
658, 168, -16.699999999999967, 614, 0.5649870939892951
659, 225, -22.40000000000005, 598, 0.6477218704112073
660, 121, -11.999999999999973, 589, 0.5131943153031382
661, 164, -16.29999999999996, 586, 0.45335709236209043
662, 225, -22.40000000000005, 597, 0.5276305095762024
663, 144, -14.299999999999965, 603, 0.41214115911151517
664, 225, -22.40000000000005, 594, 0.47962972964678663
665, 225, -22.40000000000005, 585, 0.48229944112606615
666, 225, -22.40000000000005, 577, 0.4683767744062064
667, 145, -14.399999999999965, 594, 0.49067702471434216
668, 225, -22.40000000000005, 608, 0.6017709637460267
669, 225, -22.40000000000005, 598, 0.546551360880233
670, 225, -22.40000000000005, 588, 0.4069242267424986
671, 225, -22.40000000000005, 619, 0.7795174491023658
672, 225, -22.40000000000005, 598, 0.5612477394568531
673, 225, -22.40000000000005, 583, 0.7729997225428649
674, 225, -22.40000000000005, 590, 0.47883685734477277
675, 177, -17.59999999999998, 609, 0.6972893839923402
676, 225, -22.40000000000005, 584, 0.7118261583710437
677, 105, -10.399999999999979, 598, 0.43708659626226165
678, 225, -22.40000000000005, 605, 0.5185530104522096
679, 225, -22.40000000000005, 581, 0.6253001638931495
680, 225, -22.40000000000005, 601, 0.4893565359955937
681, 121, -11.999999999999973, 595, 0.3820927132923069
682, 88, -8.699999999999985, 609, 0.36736131991113563
683, 225, -22.40000000000005, 601, 1.7623448100724906
684, 199, -19.80000000000001, 614, 0.4886426824629715
685, 209, -20.800000000000026, 596, 0.5418856075110541
686, 87, -8.599999999999985, 594, 0.5474339075518171
687, 146, -14.499999999999964, 616, 0.4648698743263091
688, 225, -22.40000000000005, 604, 0.37579765248551933
689, 49, -4.799999999999999, 605, 0.5096500529081056
690, 175, -17.399999999999977, 597, 0.6021345815393859
691, 225, -22.40000000000005, 610, 0.6316596900002072
692, 225, -22.40000000000005, 625, 1.7598038011357637
693, 105, -10.399999999999979, 624, 0.7751853515761101
694, 112, -11.099999999999977, 627, 0.7117054562197049
695, 139, -13.799999999999967, 622, 0.38013585194643806
696, 225, -22.40000000000005, 618, 0.5966950877551991
697, 139, -13.799999999999967, 630, 0.29849242958483524
698, 225, -22.40000000000005, 604, 0.4165928041186264
699, 104, -10.29999999999998, 620, 0.6881234805331413
700, 225, -22.40000000000005, 603, 0.507788108655378
701, 225, -22.40000000000005, 618, 0.5958154029594773
702, 211, -21.00000000000003, 620, 0.37571404760429017
703, 225, -22.40000000000005, 629, 0.37166376869883555
704, 100, -9.89999999999998, 616, 0.32879132747785733
705, 114, -11.299999999999976, 627, 0.4094894819676491
706, 225, -22.40000000000005, 608, 0.5336621430105799
707, 225, -22.40000000000005, 624, 0.4522699343707357
708, 225, -22.40000000000005, 607, 0.558373806616757
709, 225, -22.40000000000005, 615, 0.4742450445870128
710, 225, -22.40000000000005, 613, 0.4777192810328442
711, 89, -8.799999999999985, 627, 0.7316744815518921
712, 225, -22.40000000000005, 642, 0.29853304362000355
713, 225, -22.40000000000005, 627, 0.4480974345342723
714, 172, -17.099999999999973, 632, 0.5377875492676307
715, 225, -22.40000000000005, 624, 0.5598866316994988
716, 225, -22.40000000000005, 630, 0.41831916297295635
717, 176, -17.49999999999998, 618, 0.4648732512450362
718, 225, -22.40000000000005, 646, 0.4720631404136546
719, 225, -22.40000000000005, 647, 0.7604055870114066
720, 183, -18.19999999999999, 640, 0.35293950059106294
721, 225, -22.40000000000005, 654, 0.6411866992542676
722, 225, -22.40000000000005, 635, 0.7981000477745179
723, 225, -22.40000000000005, 625, 0.42383004746139763
724, 72, -7.099999999999991, 642, 0.5998006759811254
725, 111, -10.999999999999977, 666, 0.7089840891622758
726, 225, -22.40000000000005, 644, 0.7535163374873672
727, 129, -12.79999999999997, 641, 0.6713245483783581
728, 225, -22.40000000000005, 666, 0.8271661741017611
729, 225, -22.40000000000005, 621, 0.5033425050821438
730, 225, -22.40000000000005, 651, 0.5645547778428015
731, 225, -22.40000000000005, 657, 0.7403469781924938
732, 207, -20.600000000000023, 626, 0.49090545678739383
733, 225, -22.40000000000005, 647, 0.577176618214567
734, 225, -22.40000000000005, 669, 0.4663248317888149
735, 225, -22.40000000000005, 668, 0.5210259053476467
736, 87, -8.599999999999985, 636, 0.6545320712214293
737, 225, -22.40000000000005, 664, 0.9163038259897993
738, 225, -22.40000000000005, 620, 0.42045682069448076
739, 225, -22.40000000000005, 651, 0.5695123064019376
740, 140, -13.899999999999967, 661, 0.5234746839580572
741, 225, -22.40000000000005, 643, 0.5480600866894139
742, 157, -15.59999999999996, 637, 0.5446215737452813
743, 114, -11.299999999999976, 630, 0.45866901234333035
744, 225, -22.40000000000005, 649, 0.36026227491691154
745, 225, -22.40000000000005, 659, 0.4082786397922451
746, 225, -22.40000000000005, 650, 0.536282108942288
747, 225, -22.40000000000005, 656, 0.8448116811494903
748, 225, -22.40000000000005, 656, 0.4224011845633582
749, 145, -14.399999999999965, 651, 0.42769868438176406
750, 79, -7.799999999999988, 645, 0.4840710801462067
751, 147, -14.599999999999964, 648, 0.551687171122393
752, 225, -22.40000000000005, 665, 0.5000164304097376
753, 138, -13.699999999999967, 636, 0.4685060015735161
754, 225, -22.40000000000005, 670, 0.5413031710922369
755, 225, -22.40000000000005, 675, 0.35013691705187666
756, 159, -15.79999999999996, 688, 0.5668855573401275
757, 225, -22.40000000000005, 669, 0.7905540924946646
758, 225, -22.40000000000005, 669, 0.4089934556568058
759, 106, -10.499999999999979, 690, 0.4548480543032962
760, 91, -8.999999999999984, 655, 0.37767721060833237
761, 225, -22.40000000000005, 665, 0.3720451694491551
762, 225, -22.40000000000005, 666, 0.9914521234399027
763, 95, -9.399999999999983, 674, 0.4929715092868303
764, 225, -22.40000000000005, 670, 0.4678750280638111
765, 225, -22.40000000000005, 676, 0.6116353464313464
766, 225, -22.40000000000005, 662, 0.454689233819932
767, 65, -6.399999999999993, 674, 0.4929344086370242
768, 225, -22.40000000000005, 660, 0.7745219080902732
769, 217, -21.600000000000037, 662, 0.5329748437180641
770, 155, -15.399999999999961, 675, 0.44714160954798765
771, 225, -22.40000000000005, 677, 0.4620550223263664
772, 225, -22.40000000000005, 661, 0.48122508541168063
773, 143, -14.199999999999966, 686, 0.48360864247796354
774, 78, -7.699999999999989, 666, 0.496648512109342
775, 91, -8.999999999999984, 665, 0.33875421989514853
776, 225, -22.40000000000005, 656, 0.5902658428668484
777, 83, -8.199999999999987, 687, 0.3815045989323913
778, 132, -13.09999999999997, 679, 0.6263092845130798
779, 169, -16.79999999999997, 670, 0.6136208657451876
780, 225, -22.40000000000005, 680, 0.5415666909833299
781, 225, -22.40000000000005, 676, 0.3901242195968355
782, 119, -11.799999999999974, 667, 0.3729568818118316
783, 225, -22.40000000000005, 685, 0.47617336522392995
784, 225, -22.40000000000005, 690, 0.6087084818117221
785, 131, -12.99999999999997, 679, 0.3709319417153152
786, 225, -22.40000000000005, 679, 0.322121605585032
787, 126, -12.499999999999972, 703, 0.4900658951029402
788, 137, -13.599999999999968, 682, 0.7421636156896447
789, 225, -22.40000000000005, 689, 0.41296387936626244
790, 106, -10.499999999999979, 664, 1.0452996124474163
791, 225, -22.40000000000005, 677, 0.47265773007877643
792, 225, -22.40000000000005, 693, 0.5523072055260179
793, 63, -6.199999999999994, 695, 0.9002980390020103
794, 225, -22.40000000000005, 702, 0.7511035756198632
795, 106, -10.499999999999979, 676, 0.5381151808469506
796, 107, -10.599999999999978, 671, 0.4479557349348253
797, 180, -17.899999999999984, 678, 0.6178889577967319
798, 120, -11.899999999999974, 708, 0.31158882448792147
799, 225, -22.40000000000005, 698, 0.5939628030136692
800, 184, -18.29999999999999, 717, 0.39151011853946394
801, 118, -11.699999999999974, 708, 0.6206827475624217
802, 128, -12.69999999999997, 673, 0.4660455045314502
803, 225, -22.40000000000005, 710, 0.4427011884759624
804, 61, -5.999999999999995, 691, 0.39202516065695603
805, 186, -18.499999999999993, 699, 0.5272567173101725
806, 169, -16.79999999999997, 708, 0.5862554106328204
807, 225, -22.40000000000005, 690, 0.6055500561159057
808, 86, -8.499999999999986, 678, 0.4415561891786348
809, 123, -12.199999999999973, 665, 0.6548676782199991
810, 225, -22.40000000000005, 695, 0.643367940079898
811, 141, -13.999999999999966, 701, 0.34647441870453877
812, 170, -16.89999999999997, 677, 0.40726285047751287
813, 185, -18.39999999999999, 703, 0.3134616024731043
814, 225, -22.40000000000005, 708, 0.5664507669984844
815, 225, -22.40000000000005, 715, 0.6253559375191933
816, 225, -22.40000000000005, 694, 0.5219793649810347
817, 225, -22.40000000000005, 714, 0.36707399101384
818, 225, -22.40000000000005, 708, 0.8266987360688627
819, 198, -19.70000000000001, 699, 0.37558035869897033
820, 89, -8.799999999999985, 714, 0.3570255179590287
821, 225, -22.40000000000005, 710, 0.506921137490902
822, 131, -12.99999999999997, 719, 0.6022928553868194
823, 202, -20.100000000000016, 701, 0.4466851687350841
824, 110, -10.899999999999977, 717, 0.6841044932915423
825, 125, -12.399999999999972, 710, 0.37469461482523836
826, 124, -12.299999999999972, 692, 0.7374777836917445
827, 176, -17.49999999999998, 721, 0.4680996575655989
828, 225, -22.40000000000005, 685, 0.5589885965659191
829, 158, -15.69999999999996, 731, 0.5216574687253344
830, 225, -22.40000000000005, 742, 0.45652766825836677
831, 225, -22.40000000000005, 714, 0.6277176618993918
832, 195, -19.400000000000006, 710, 0.5173288453690534
833, 114, -11.299999999999976, 714, 0.5745333257325753
834, 225, -22.40000000000005, 696, 0.39403532608477176
835, 147, -14.599999999999964, 742, 0.6084361995660892
836, 225, -22.40000000000005, 737, 0.42072561447225
837, 112, -11.099999999999977, 700, 0.6400691518468564
838, 183, -18.19999999999999, 712, 0.7163908455578039
839, 225, -22.40000000000005, 735, 0.550311125003399
840, 212, -21.10000000000003, 710, 0.48428274078317823
841, 225, -22.40000000000005, 716, 0.4263784988318551
842, 225, -22.40000000000005, 738, 0.3853549637875493
843, 139, -13.799999999999967, 751, 0.43408222429887533
844, 179, -17.799999999999983, 726, 0.49796968819705456
845, 144, -14.299999999999965, 721, 0.5628553034737682
846, 225, -22.40000000000005, 722, 0.6215092319035875
847, 114, -11.299999999999976, 721, 0.4026512775275628
848, 215, -21.400000000000034, 726, 0.3999302539966858
849, 144, -14.299999999999965, 730, 0.8142898452921057
850, 225, -22.40000000000005, 731, 0.39360954249899716
851, 225, -22.40000000000005, 719, 0.3948429513058791
852, 225, -22.40000000000005, 739, 0.44965843098352076
853, 166, -16.499999999999964, 731, 0.3374538306135788
854, 225, -22.40000000000005, 732, 0.4658810657166841
855, 225, -22.40000000000005, 731, 0.7931387442922913
856, 193, -19.200000000000003, 747, 0.5368802360252912
857, 129, -12.79999999999997, 768, 0.6641624799715853
858, 133, -13.199999999999969, 712, 0.5914139726719614
859, 225, -22.40000000000005, 749, 0.3898376210286192
860, 80, -7.899999999999988, 755, 0.6177249837544072
861, 217, -21.600000000000037, 717, 0.6871174290204316
862, 204, -20.30000000000002, 746, 0.46890892058068334
863, 123, -12.199999999999973, 738, 0.5227105421042237
864, 90, -8.899999999999984, 733, 0.7107181600436241
865, 123, -12.199999999999973, 720, 0.4479992468046694
866, 225, -22.40000000000005, 732, 0.5233080199916278
867, 149, -14.799999999999963, 756, 0.6508290263846357
868, 148, -14.699999999999964, 755, 0.5473733346418781
869, 80, -7.899999999999988, 710, 0.6215319143257574
870, 137, -13.599999999999968, 731, 0.6103075205824124
871, 225, -22.40000000000005, 740, 0.43107556432412275
872, 109, -10.799999999999978, 733, 0.43277249391223105
873, 131, -12.99999999999997, 758, 0.8639365309933265
874, 225, -22.40000000000005, 755, 0.46214645721173886
875, 225, -22.40000000000005, 744, 0.6591731289642535
876, 225, -22.40000000000005, 742, 0.4468339953287561
877, 225, -22.40000000000005, 748, 0.5255995069710457
878, 124, -12.299999999999972, 741, 0.4884962736185705
879, 225, -22.40000000000005, 740, 0.3646074198698188
880, 88, -8.699999999999985, 744, 0.40784524369119124
881, 199, -19.80000000000001, 749, 0.6849879800305541
882, 225, -22.40000000000005, 754, 0.610271835269296
883, 225, -22.40000000000005, 725, 0.6642187062752085
884, 182, -18.099999999999987, 750, 0.4465201492493378
885, 225, -22.40000000000005, 758, 0.5231732485533143
886, 225, -22.40000000000005, 737, 0.379741875944795
887, 194, -19.300000000000004, 725, 0.43544116547092493
888, 182, -18.099999999999987, 763, 0.7031072093939397
889, 225, -22.40000000000005, 746, 0.7099805528374987
890, 225, -22.40000000000005, 740, 0.7472952547416636
891, 225, -22.40000000000005, 739, 0.45546307931669716
892, 225, -22.40000000000005, 753, 0.4067603787368599
893, 225, -22.40000000000005, 769, 0.3999787854606236
894, 116, -11.499999999999975, 772, 0.4983047424156525
895, 225, -22.40000000000005, 768, 1.0289517009394271
896, 225, -22.40000000000005, 754, 0.7799002344709018
897, 90, -8.899999999999984, 752, 0.9481034260658938
898, 225, -22.40000000000005, 744, 0.4283307159431577
899, 156, -15.499999999999961, 745, 0.8696412095809709
900, 225, -22.40000000000005, 772, 0.6202901043366236
901, 225, -22.40000000000005, 745, 0.5081745552377064
902, 121, -11.999999999999973, 775, 0.661646022342905
903, 225, -22.40000000000005, 785, 0.5478951668437824
904, 225, -22.40000000000005, 767, 0.39478369847525796
905, 100, -9.89999999999998, 777, 0.5039195465722859
906, 194, -19.300000000000004, 775, 0.5025799097515842
907, 225, -22.40000000000005, 773, 1.0606891044217366
908, 108, -10.699999999999978, 783, 0.7485297020491135
909, 161, -15.99999999999996, 744, 0.4022255762640641
910, 225, -22.40000000000005, 757, 0.6642901012792999
911, 145, -14.399999999999965, 763, 0.4694928472351672
912, 154, -15.299999999999962, 781, 0.5205038743003394
913, 225, -22.40000000000005, 776, 0.6068156434383418
914, 225, -22.40000000000005, 783, 0.4661776521748091
915, 174, -17.299999999999976, 800, 0.415422933872164
916, 225, -22.40000000000005, 796, 0.78515038316141
917, 225, -22.40000000000005, 774, 0.4087262093439916
918, 225, -22.40000000000005, 791, 0.9129681177686493
919, 212, -21.10000000000003, 770, 0.52389208340333
920, 225, -22.40000000000005, 757, 0.4557015570402849
921, 225, -22.40000000000005, 768, 0.781213444431561
922, 117, -11.599999999999975, 794, 0.6477941124076679
923, 225, -22.40000000000005, 765, 0.4711725708921528
924, 225, -22.40000000000005, 773, 0.6293997158422431
925, 206, -20.50000000000002, 769, 0.4998117735376013
926, 225, -22.40000000000005, 807, 0.8831786291074577
927, 74, -7.29999999999999, 796, 0.3287247377105511
928, 225, -22.40000000000005, 768, 0.721185107466239
929, 225, -22.40000000000005, 772, 0.5146390328917838
930, 225, -22.40000000000005, 812, 0.5131654805996173
931, 218, -21.70000000000004, 796, 0.9798545412112238
932, 67, -6.5999999999999925, 824, 0.6624437285824385
933, 225, -22.40000000000005, 775, 0.5022191850833648
934, 190, -18.9, 781, 0.6536860546056449
935, 225, -22.40000000000005, 796, 0.8954584777198855
936, 225, -22.40000000000005, 780, 0.5607213101370929
937, 225, -22.40000000000005, 788, 0.5669383014795937
938, 225, -22.40000000000005, 767, 0.5287893712307814
939, 79, -7.799999999999988, 784, 0.506503361282856
940, 225, -22.40000000000005, 800, 0.34874333875393093
941, 225, -22.40000000000005, 791, 0.5324357654627399
942, 101, -9.99999999999998, 775, 0.5675605631886635
943, 173, -17.199999999999974, 816, 0.40530611654448245
944, 225, -22.40000000000005, 823, 0.5779086451026867
945, 184, -18.29999999999999, 806, 0.6579810810232383
946, 225, -22.40000000000005, 784, 0.4448706719598692
947, 225, -22.40000000000005, 822, 0.5178027727265597
948, 225, -22.40000000000005, 808, 0.49982279427843945
949, 116, -11.499999999999975, 798, 0.6440029497066844
950, 225, -22.40000000000005, 816, 0.5058382913374571
951, 225, -22.40000000000005, 786, 0.5686349593262294
952, 225, -22.40000000000005, 804, 0.7708505605145977
953, 160, -15.89999999999996, 804, 0.4298687475567964
954, 225, -22.40000000000005, 802, 0.5622743182981154
955, 225, -22.40000000000005, 816, 0.8015464348540178
956, 115, -11.399999999999975, 803, 0.5028151115019135
957, 225, -22.40000000000005, 806, 0.7686719523027161
958, 90, -8.899999999999984, 797, 0.4152632995184491
959, 123, -12.199999999999973, 795, 0.48859606893084084
960, 225, -22.40000000000005, 819, 0.46672281010664163
961, 225, -22.40000000000005, 805, 0.4672012527783269
962, 159, -15.79999999999996, 804, 0.4796959785277619
963, 225, -22.40000000000005, 845, 0.6834953519829288
964, 225, -22.40000000000005, 817, 0.6188430006337976
965, 225, -22.40000000000005, 817, 0.4174973778119837
966, 225, -22.40000000000005, 782, 0.5250033163342213
967, 213, -21.20000000000003, 800, 0.7179580937507608
968, 225, -22.40000000000005, 809, 0.6315137134370339
969, 98, -9.699999999999982, 813, 0.7230241538075308
970, 183, -18.19999999999999, 824, 0.5424576657575138
971, 174, -17.299999999999976, 811, 0.5598704861014832
972, 225, -22.40000000000005, 818, 0.607202041761489
973, 225, -22.40000000000005, 827, 0.4158883488407701
974, 63, -6.199999999999994, 809, 0.27401766942247185
975, 225, -22.40000000000005, 822, 0.6731734544018786
976, 159, -15.79999999999996, 829, 0.49719301291490847
977, 197, -19.60000000000001, 819, 0.33749020176075417
978, 203, -20.200000000000017, 799, 0.5367356547318396
979, 70, -6.8999999999999915, 849, 0.7202827388522755
980, 225, -22.40000000000005, 833, 0.5593523164266831
981, 213, -21.20000000000003, 811, 0.32568376597405146
982, 121, -11.999999999999973, 850, 0.49707248403923066
983, 60, -5.899999999999995, 838, 0.44734402521547434
984, 104, -10.29999999999998, 823, 0.5873195408809546
985, 225, -22.40000000000005, 803, 1.0008273022719367
986, 169, -16.79999999999997, 822, 0.45507657673035506
987, 119, -11.799999999999974, 819, 0.9627409992842888
988, 178, -17.69999999999998, 814, 0.43652026231009255
989, 182, -18.099999999999987, 839, 0.6958684094830803
990, 131, -12.99999999999997, 806, 0.49557469129113185
991, 87, -8.599999999999985, 815, 0.845397405526433
992, 225, -22.40000000000005, 827, 0.5622276409449163
993, 91, -8.999999999999984, 792, 0.5499831365431667
994, 146, -14.499999999999964, 835, 0.5735040312843718
995, 223, -22.200000000000045, 841, 0.6782225306271661
996, 198, -19.70000000000001, 821, 0.5427054373878124
997, 225, -22.40000000000005, 795, 0.6038765219180515
998, 225, -22.40000000000005, 824, 0.7661762149596676
999, 71, -6.999999999999991, 813, 0.6106538779719042
1000, 97, -9.599999999999982, 854, 0.4050417518024396
