Episode, Steps, Reward, Time (in milliseconds), Convergence
1, 225, -22.40000000000005, 81, 0.20099
2, 225, -22.40000000000005, 82, 0.2
3, 225, -22.40000000000005, 114, 0.11433334392791039
4, 225, -22.40000000000005, 146, 0.19608912326265138
5, 225, -22.40000000000005, 171, 0.01614865104781449
6, 225, -22.40000000000005, 138, 0.017221472831287277
7, 225, -22.40000000000005, 145, 0.01744230522333945
8, 225, -22.40000000000005, 220, 0.16124772773374696
9, 225, -22.40000000000005, 259, 0.18163461819397364
10, 225, -22.40000000000005, 260, 0.20853725372149323
11, 225, -22.40000000000005, 288, 0.0236628768420023
12, 225, -22.40000000000005, 259, 0.2088891663442467
13, 225, -22.40000000000005, 255, 0.1980769007663944
14, 225, -22.40000000000005, 259, 0.015403408853505385
15, 225, -22.40000000000005, 339, 0.018379344277061338
16, 225, -22.40000000000005, 304, 0.0158500785357428
17, 225, -22.40000000000005, 279, 0.014528087833463932
18, 225, -22.40000000000005, 358, 0.01802139485174964
19, 225, -22.40000000000005, 373, 0.01598132641137129
20, 225, -22.40000000000005, 332, 0.016490459807887714
21, 225, -22.40000000000005, 394, 0.16844569973146362
22, 225, -22.40000000000005, 382, 0.021666378906149447
23, 225, -22.40000000000005, 439, 0.19094485953171203
24, 225, -22.40000000000005, 425, 0.02199225807380706
25, 225, -22.40000000000005, 424, 0.019704316486680806
26, 225, -22.40000000000005, 458, 0.019231999090203677
27, 225, -22.40000000000005, 450, 0.022088665469699897
28, 225, -22.40000000000005, 489, 0.20730683580630682
29, 225, -22.40000000000005, 503, 0.018724702104294333
30, 225, -22.40000000000005, 495, 0.020840968321602704
31, 225, -22.40000000000005, 418, 0.01871931995411036
32, 225, -22.40000000000005, 467, 0.017793549313151136
33, 225, -22.40000000000005, 478, 0.2035198935969973
34, 225, -22.40000000000005, 475, 0.015371657605902755
35, 225, -22.40000000000005, 523, 0.01866782613575757
36, 225, -22.40000000000005, 543, 0.18884233678758378
37, 225, -22.40000000000005, 528, 0.014539881276160849
38, 225, -22.40000000000005, 500, 0.01866501338757387
39, 225, -22.40000000000005, 551, 0.018481860234617675
40, 91, -8.999999999999984, 589, 0.01989186476285848
41, 225, -22.40000000000005, 554, 0.021411955914903857
42, 225, -22.40000000000005, 560, 0.2107931970103476
43, 225, -22.40000000000005, 524, 0.0211726517964842
44, 182, -18.099999999999987, 565, 0.019962298975288673
45, 225, -22.40000000000005, 622, 0.02561994753395616
46, 225, -22.40000000000005, 607, 0.020378571305263216
47, 225, -22.40000000000005, 549, 0.02486916819376339
48, 225, -22.40000000000005, 617, 0.016990408241722044
49, 225, -22.40000000000005, 582, 0.1961935133078696
50, 121, -11.999999999999973, 622, 0.020569844127061088
51, 225, -22.40000000000005, 733, 0.022007509281154913
52, 225, -22.40000000000005, 609, 0.029153516248425937
53, 97, -9.599999999999982, 706, 0.02011474172268235
54, 225, -22.40000000000005, 640, 0.1992551969990537
55, 225, -22.40000000000005, 699, 0.20450799811393705
56, 105, -10.399999999999979, 752, 0.02015640801613494
57, 93, -9.199999999999983, 672, 0.019935672096247026
58, 78, -7.699999999999989, 759, 0.018343260820447016
59, 225, -22.40000000000005, 732, 0.022922076405304526
60, 88, -8.699999999999985, 740, 0.19864522923387296
61, 186, -18.499999999999993, 695, 0.02154037169759504
62, 162, -16.09999999999996, 705, 0.021608458942040887
63, 225, -22.40000000000005, 715, 0.019941374852140203
64, 225, -22.40000000000005, 720, 0.21680230918745913
65, 171, -16.99999999999997, 732, 0.021173533846280623
66, 225, -22.40000000000005, 765, 0.017545816487608834
67, 225, -22.40000000000005, 727, 0.024829520083266332
68, 225, -22.40000000000005, 835, 0.1321473289263695
69, 225, -22.40000000000005, 778, 0.028811083411731886
70, 225, -22.40000000000005, 733, 0.026497743594135315
71, 225, -22.40000000000005, 779, 0.21374128307252227
72, 210, -20.900000000000027, 796, 0.02696747556711987
73, 127, -12.599999999999971, 738, 0.02466814388759353
74, 225, -22.40000000000005, 780, 0.02520886765258612
75, 225, -22.40000000000005, 767, 0.058297712717454875
76, 225, -22.40000000000005, 847, 0.19924724676857797
77, 130, -12.89999999999997, 846, 0.02502205158290982
78, 225, -22.40000000000005, 824, 0.026701800191496816
79, 225, -22.40000000000005, 865, 0.021744302912554803
80, 225, -22.40000000000005, 875, 0.19629237642429764
81, 225, -22.40000000000005, 886, 0.02753704344041452
82, 225, -22.40000000000005, 852, 0.02230131085079834
83, 103, -10.19999999999998, 844, 0.02584842361582884
84, 225, -22.40000000000005, 854, 0.021583027786755915
85, 62, -6.099999999999994, 876, 0.021441279002986202
86, 65, -6.399999999999993, 857, 0.026433073599161472
87, 103, -10.19999999999998, 851, 0.030301111534238423
88, 225, -22.40000000000005, 911, 0.028385549576250835
89, 186, -18.499999999999993, 908, 0.02531104805802631
90, 225, -22.40000000000005, 899, 0.023957048240518697
91, 225, -22.40000000000005, 903, 0.020983663764990945
92, 225, -22.40000000000005, 920, 0.023792337760963234
93, 225, -22.40000000000005, 930, 0.024322785046151152
94, 225, -22.40000000000005, 909, 0.019421337654576876
95, 99, -9.799999999999981, 918, 0.023932920530364554
96, 169, -16.79999999999997, 924, 0.07586793090358102
97, 225, -22.40000000000005, 925, 0.02635399186496562
98, 89, -8.799999999999985, 952, 0.022180305948847234
99, 225, -22.40000000000005, 916, 0.022141928938184563
100, 225, -22.40000000000005, 982, 0.20305625477945233
101, 116, -11.499999999999975, 982, 0.0244343041380386
102, 67, -6.5999999999999925, 1016, 0.1894713872392586
103, 73, -7.19999999999999, 918, 0.20932372608439764
104, 52, -5.099999999999998, 961, 0.018919099940304274
105, 127, -12.599999999999971, 1005, 0.028257871077342678
106, 89, -8.799999999999985, 975, 0.022258169937912742
107, 54, -5.299999999999997, 990, 0.02411927576523576
108, 225, -22.40000000000005, 1033, 0.17618348323941735
109, 128, -12.69999999999997, 1010, 0.02522558586445167
110, 71, -6.999999999999991, 951, 0.025611167648786237
111, 91, -8.999999999999984, 980, 0.02196439781377202
112, 64, -6.299999999999994, 1022, 0.024189827199781133
113, 71, -6.999999999999991, 1076, 0.2194062840830222
114, 75, -7.39999999999999, 1004, 0.024465509451615297
115, 55, -5.399999999999997, 1036, 0.024929005419704053
116, 225, -22.40000000000005, 1051, 0.12065085998311442
117, 225, -22.40000000000005, 1044, 0.031533388649068184
118, 93, -9.199999999999983, 1025, 0.2186160186935504
119, 67, -6.5999999999999925, 1025, 0.22598246492819052
120, 145, -14.399999999999965, 1065, 0.03380927822602331
121, 55, -5.399999999999997, 1090, 0.1447248032311248
122, 86, -8.499999999999986, 1059, 0.027040657811433055
123, 103, -10.19999999999998, 1021, 0.02460499891909529
124, 225, -22.40000000000005, 1092, 0.022185159403269372
125, 50, -4.899999999999999, 1057, 0.02417124800012438
126, 63, -6.199999999999994, 1065, 0.023935214491648926
127, 84, -8.299999999999986, 1127, 0.02985512056574957
128, 68, -6.699999999999992, 1036, 0.02584663757033312
129, 99, -9.799999999999981, 1129, 0.0263020482961398
130, 129, -12.79999999999997, 1058, 0.027807765991794575
131, 51, -4.999999999999998, 1180, 0.0395881406172065
132, 70, -6.8999999999999915, 1104, 0.026999477804837246
133, 54, -5.299999999999997, 1126, 0.21159843362512487
134, 77, -7.599999999999989, 1079, 0.02055118790221877
135, 58, -5.699999999999996, 1091, 0.20642073549131634
136, 57, -5.599999999999996, 1144, 0.02161305774118194
137, 54, -5.299999999999997, 1146, 0.024958560555094655
138, 55, -5.399999999999997, 1143, 0.0208666883077695
139, 73, -7.19999999999999, 1183, 0.026312121507907626
140, 68, -6.699999999999992, 1144, 0.025014066749134867
141, 56, -5.4999999999999964, 1231, 0.21202680556681308
142, 54, -5.299999999999997, 1135, 0.19630500693126018
143, 78, -7.699999999999989, 1178, 0.023083194130504747
144, 59, -5.799999999999995, 1174, 0.02544177224742805
145, 55, -5.399999999999997, 1242, 0.022566367389835196
146, 52, -5.099999999999998, 1180, 0.024943060762798064
147, 77, -7.599999999999989, 1142, 0.023819365736216014
148, 55, -5.399999999999997, 1154, 0.21254258446026042
149, 73, -7.19999999999999, 1223, 0.022762875204039523
150, 51, -4.999999999999998, 1209, 0.022933707323091745
151, 70, -6.8999999999999915, 1201, 0.1907999634087476
152, 65, -6.399999999999993, 1229, 0.02548606415179311
153, 72, -7.099999999999991, 1218, 0.026184804712398813
154, 63, -6.199999999999994, 1238, 0.022111582383326278
155, 61, -5.999999999999995, 1298, 0.16175819833299032
156, 70, -6.8999999999999915, 1228, 0.023311763111795003
157, 56, -5.4999999999999964, 1332, 0.025047876876142183
158, 52, -5.099999999999998, 1239, 0.22519377742630353
159, 62, -6.099999999999994, 1218, 0.02575041649360693
160, 52, -5.099999999999998, 1275, 0.023247445384313142
161, 49, -4.799999999999999, 1244, 0.025728969810674518
162, 52, -5.099999999999998, 1231, 0.025059871264835165
163, 59, -5.799999999999995, 1253, 0.027294658325501375
164, 56, -5.4999999999999964, 1240, 0.022998157716405787
165, 58, -5.699999999999996, 1268, 0.039994283787677
166, 45, -4.4, 1291, 0.02344306677152108
167, 68, -6.699999999999992, 1313, 0.02989456117615852
168, 49, -4.799999999999999, 1280, 0.20424586788704424
169, 46, -4.5, 1313, 0.023714359001080876
170, 49, -4.799999999999999, 1330, 0.022626679930095595
171, 63, -6.199999999999994, 1327, 0.02564112076163072
172, 61, -5.999999999999995, 1381, 0.025840164207672878
173, 54, -5.299999999999997, 1288, 0.02433140005644452
174, 53, -5.1999999999999975, 1298, 0.022894718921550483
175, 55, -5.399999999999997, 1302, 0.02498100459736896
176, 47, -4.6, 1392, 0.023976237645357612
177, 53, -5.1999999999999975, 1278, 0.02318265175014833
178, 70, -6.8999999999999915, 1309, 0.025826036654686746
179, 61, -5.999999999999995, 1284, 0.19839476742514517
180, 59, -5.799999999999995, 1357, 0.028283346973182244
181, 60, -5.899999999999995, 1414, 0.02627187880234444
182, 62, -6.099999999999994, 1312, 0.025868325524401103
183, 52, -5.099999999999998, 1364, 0.02562051232861018
184, 56, -5.4999999999999964, 1328, 0.02516182021651292
185, 55, -5.399999999999997, 1373, 0.022228283386503844
186, 56, -5.4999999999999964, 1372, 0.19650769770687804
187, 57, -5.599999999999996, 1393, 0.024938449274857888
188, 55, -5.399999999999997, 1391, 0.023488255767725286
189, 51, -4.999999999999998, 1366, 0.022007389748766037
190, 225, -22.40000000000005, 1297, 0.02504781386154331
191, 50, -4.899999999999999, 1379, 0.02530739453736275
192, 62, -6.099999999999994, 1393, 0.023420501582263054
193, 58, -5.699999999999996, 1332, 0.026313042767672656
194, 76, -7.499999999999989, 1404, 0.02478404954294877
195, 68, -6.699999999999992, 1377, 0.0228815146944914
196, 57, -5.599999999999996, 1419, 0.17634187651756106
197, 49, -4.799999999999999, 1400, 0.02145373585695476
198, 72, -7.099999999999991, 1424, 0.18017313775591592
199, 64, -6.299999999999994, 1386, 0.022322071830145562
200, 65, -6.399999999999993, 1413, 0.145085586308642
201, 60, -5.899999999999995, 1442, 0.18427208829445174
202, 61, -5.999999999999995, 1432, 0.027135149279098547
203, 53, -5.1999999999999975, 1517, 0.19865531370790945
204, 57, -5.599999999999996, 1417, 0.19412022189387423
205, 50, -4.899999999999999, 1432, 0.02794171891555086
206, 44, -4.300000000000001, 1443, 0.20560297613961454
207, 56, -5.4999999999999964, 1439, 0.2017141973557539
208, 57, -5.599999999999996, 1498, 0.022680825709784747
209, 58, -5.699999999999996, 1481, 0.022439407669481604
210, 66, -6.499999999999993, 1437, 0.027498027781375445
211, 63, -6.199999999999994, 1454, 0.023603708519837063
212, 59, -5.799999999999995, 1506, 0.024827877944375576
213, 63, -6.199999999999994, 1533, 0.20846333271893935
214, 53, -5.1999999999999975, 1504, 0.02700176117827069
215, 56, -5.4999999999999964, 1428, 0.023435193129319742
216, 77, -7.599999999999989, 1544, 0.025260278198050656
217, 46, -4.5, 1520, 0.02622769398699032
218, 65, -6.399999999999993, 1535, 0.03157493044020998
219, 65, -6.399999999999993, 1524, 0.021910384012542305
220, 55, -5.399999999999997, 1466, 0.0245783740796488
221, 45, -4.4, 1518, 0.023245980882279138
222, 60, -5.899999999999995, 1541, 0.2241559999209517
223, 57, -5.599999999999996, 1531, 0.19619861619074364
224, 70, -6.8999999999999915, 1553, 0.02423382993359624
225, 53, -5.1999999999999975, 1557, 0.026320301815461633
226, 53, -5.1999999999999975, 1474, 0.05227361860957647
227, 58, -5.699999999999996, 1512, 0.023867321673677055
228, 51, -4.999999999999998, 1516, 0.026732158097762193
229, 64, -6.299999999999994, 1560, 0.0271033940697889
230, 59, -5.799999999999995, 1553, 0.04298842901190003
231, 67, -6.5999999999999925, 1561, 0.024144729751010896
232, 49, -4.799999999999999, 1508, 0.21357029168403807
233, 54, -5.299999999999997, 1582, 0.02666104168518224
234, 59, -5.799999999999995, 1549, 0.02490209877641769
235, 64, -6.299999999999994, 1559, 0.02803007859704998
236, 65, -6.399999999999993, 1590, 0.02353939914096248
237, 49, -4.799999999999999, 1618, 0.026696176676375027
238, 84, -8.299999999999986, 1658, 0.19108420467230847
239, 50, -4.899999999999999, 1566, 0.027095264797953877
240, 49, -4.799999999999999, 1568, 0.020298637210155457
241, 63, -6.199999999999994, 1533, 0.02806175659997412
242, 64, -6.299999999999994, 1528, 0.023174314597655954
243, 59, -5.799999999999995, 1623, 0.023362562082814176
244, 56, -5.4999999999999964, 1560, 0.026398382443433732
245, 54, -5.299999999999997, 1612, 0.02562100081960228
246, 56, -5.4999999999999964, 1620, 0.0340160813188537
247, 60, -5.899999999999995, 1659, 0.022638395714789095
248, 47, -4.6, 1697, 0.20997630358457853
249, 53, -5.1999999999999975, 1614, 0.05875827145713197
250, 48, -4.699999999999999, 1658, 0.2155290634378597
251, 60, -5.899999999999995, 1655, 0.2154632368107663
252, 69, -6.799999999999992, 1654, 0.026253237042966004
253, 54, -5.299999999999997, 1669, 0.026868718714964768
254, 49, -4.799999999999999, 1653, 0.19605772725309967
255, 65, -6.399999999999993, 1661, 0.22430822515664817
256, 61, -5.999999999999995, 1600, 0.02657625041398992
257, 46, -4.5, 1695, 0.16965272073239346
258, 50, -4.899999999999999, 1627, 0.023006879694639437
259, 54, -5.299999999999997, 1655, 0.023994197048214705
260, 57, -5.599999999999996, 1633, 0.024177052340789373
261, 56, -5.4999999999999964, 1673, 0.024373948129299938
262, 56, -5.4999999999999964, 1713, 0.025797942294399023
263, 66, -6.499999999999993, 1668, 0.02451600396734377
264, 54, -5.299999999999997, 1715, 0.02255301621360095
265, 63, -6.199999999999994, 1691, 0.21467432021737354
266, 57, -5.599999999999996, 1742, 0.02384869829036451
267, 66, -6.499999999999993, 1629, 0.06296362530621868
268, 67, -6.5999999999999925, 1687, 0.02514007157028586
269, 52, -5.099999999999998, 1632, 0.02327566700211392
270, 49, -4.799999999999999, 1748, 0.025594054210287653
271, 50, -4.899999999999999, 1644, 0.03076326657763051
272, 62, -6.099999999999994, 1765, 0.024920833953419708
273, 56, -5.4999999999999964, 1660, 0.027147727335667837
274, 50, -4.899999999999999, 1710, 0.026338580779250886
275, 53, -5.1999999999999975, 1738, 0.023480904576893114
276, 48, -4.699999999999999, 1720, 0.18551737551077618
277, 52, -5.099999999999998, 1774, 0.02373557095145662
278, 60, -5.899999999999995, 1760, 0.023036430646100392
279, 59, -5.799999999999995, 1687, 0.1967381237694088
280, 55, -5.399999999999997, 1750, 0.2177806887103848
281, 56, -5.4999999999999964, 1832, 0.02560359722528016
282, 59, -5.799999999999995, 1725, 0.02331062206755341
283, 61, -5.999999999999995, 1707, 0.18048215963741576
284, 52, -5.099999999999998, 1820, 0.025588513398605572
285, 54, -5.299999999999997, 1716, 0.030307202812350997
286, 52, -5.099999999999998, 1751, 0.025802291187564497
287, 52, -5.099999999999998, 1798, 0.026276452156251517
288, 49, -4.799999999999999, 1772, 0.027389749392822127
289, 51, -4.999999999999998, 1851, 0.19153875926341168
290, 55, -5.399999999999997, 1780, 0.21567113735322696
291, 58, -5.699999999999996, 1740, 0.028792686141950186
292, 56, -5.4999999999999964, 1753, 0.026270198228019348
293, 50, -4.899999999999999, 1763, 0.021151547269000537
294, 66, -6.499999999999993, 1795, 0.15342296852822201
295, 55, -5.399999999999997, 1795, 0.03186400028185532
296, 53, -5.1999999999999975, 1794, 0.02287316859997568
297, 58, -5.699999999999996, 1807, 0.02363875819668726
298, 58, -5.699999999999996, 1862, 0.027279750700471117
299, 56, -5.4999999999999964, 1819, 0.026540175333836125
300, 61, -5.999999999999995, 1821, 0.218015572247936
301, 58, -5.699999999999996, 1768, 0.022573959320048242
302, 55, -5.399999999999997, 1877, 0.025508845840377492
303, 56, -5.4999999999999964, 1918, 0.22448976423398426
304, 51, -4.999999999999998, 1921, 0.0274297508832273
305, 57, -5.599999999999996, 1859, 0.22383141947503482
306, 50, -4.899999999999999, 1859, 0.022898610733899316
307, 60, -5.899999999999995, 1913, 0.02313702959241093
308, 62, -6.099999999999994, 1868, 0.024687313547508527
309, 60, -5.899999999999995, 1856, 0.026304880666492947
310, 54, -5.299999999999997, 1869, 0.026355003264484533
311, 51, -4.999999999999998, 1890, 0.02715604793405979
312, 44, -4.300000000000001, 1961, 0.023637230112962704
313, 52, -5.099999999999998, 1910, 0.1775986375636327
314, 57, -5.599999999999996, 1891, 0.023543903905152153
315, 49, -4.799999999999999, 1872, 0.025320185100144
316, 60, -5.899999999999995, 1857, 0.19696376077459332
317, 61, -5.999999999999995, 1927, 0.022169524112556238
318, 64, -6.299999999999994, 1930, 0.030398952274172775
319, 61, -5.999999999999995, 1921, 0.20942000049019738
320, 57, -5.599999999999996, 1926, 0.02476573572539742
321, 62, -6.099999999999994, 1856, 0.21411497909613186
322, 51, -4.999999999999998, 1907, 0.02198072674469498
323, 56, -5.4999999999999964, 1848, 0.048715898576643824
324, 57, -5.599999999999996, 1952, 0.022785071559221493
325, 44, -4.300000000000001, 1989, 0.20059084574009978
326, 60, -5.899999999999995, 1887, 0.025486988253219378
327, 68, -6.699999999999992, 1932, 0.21614624419871054
328, 56, -5.4999999999999964, 1931, 0.21050039235388396
329, 55, -5.399999999999997, 1988, 0.02222401584952438
330, 62, -6.099999999999994, 2017, 0.023059086125473527
331, 54, -5.299999999999997, 1990, 0.18217251918297306
332, 47, -4.6, 1970, 0.02559993822771478
333, 61, -5.999999999999995, 2016, 0.025719296458360685
334, 68, -6.699999999999992, 2050, 0.21946484464888671
335, 66, -6.499999999999993, 1982, 0.02958288976645207
336, 59, -5.799999999999995, 1969, 0.024675786403998368
337, 64, -6.299999999999994, 1983, 0.026787632658261673
338, 49, -4.799999999999999, 1923, 0.021679328267521836
339, 54, -5.299999999999997, 1968, 0.02633137413915465
340, 54, -5.299999999999997, 1996, 0.023917215049350293
341, 51, -4.999999999999998, 2011, 0.0247039273860572
342, 60, -5.899999999999995, 2006, 0.22757193530196695
343, 68, -6.699999999999992, 1969, 0.024838419886031415
344, 69, -6.799999999999992, 1979, 0.022360789277697357
345, 57, -5.599999999999996, 1971, 0.024421310568066512
346, 61, -5.999999999999995, 2042, 0.02169517028193768
347, 59, -5.799999999999995, 2097, 0.027147574189903434
348, 66, -6.499999999999993, 2047, 0.025571269212915748
349, 48, -4.699999999999999, 2040, 0.02353370274274247
350, 53, -5.1999999999999975, 1988, 0.22195337017978112
351, 62, -6.099999999999994, 2000, 0.027936763149165156
352, 60, -5.899999999999995, 2030, 0.02713436434057903
353, 58, -5.699999999999996, 2070, 0.05332406041672
354, 55, -5.399999999999997, 2039, 0.023351764631290906
355, 60, -5.899999999999995, 2054, 0.02559865166121167
356, 58, -5.699999999999996, 1999, 0.026873676453431306
357, 58, -5.699999999999996, 2017, 0.18700009192149514
358, 61, -5.999999999999995, 2001, 0.026316013292730034
359, 54, -5.299999999999997, 2111, 0.22669821687682057
360, 55, -5.399999999999997, 2101, 0.03039711492136199
361, 53, -5.1999999999999975, 2166, 0.22279222694975287
362, 64, -6.299999999999994, 2072, 0.022199603452684347
363, 62, -6.099999999999994, 2082, 0.023002012162220087
364, 60, -5.899999999999995, 2035, 0.027564275310517417
365, 49, -4.799999999999999, 2087, 0.02525277081624222
366, 60, -5.899999999999995, 2184, 0.028923068836568033
367, 56, -5.4999999999999964, 2119, 0.038823996971932395
368, 53, -5.1999999999999975, 2111, 0.20553114161935904
369, 52, -5.099999999999998, 2155, 0.02222860230674706
370, 47, -4.6, 2144, 0.02251252158131911
371, 52, -5.099999999999998, 2081, 0.021567491217048484
372, 57, -5.599999999999996, 2223, 0.20240476029488397
373, 73, -7.19999999999999, 2095, 0.024931474546888044
374, 52, -5.099999999999998, 2235, 0.025509594604211205
375, 66, -6.499999999999993, 2117, 0.18317454242223707
376, 52, -5.099999999999998, 2118, 0.02802911743231995
377, 52, -5.099999999999998, 2141, 0.023428851191725997
378, 55, -5.399999999999997, 2162, 0.03051699674595776
379, 55, -5.399999999999997, 2137, 0.15524905164985103
380, 53, -5.1999999999999975, 2144, 0.022839116555886774
381, 54, -5.299999999999997, 2159, 0.02296272739405597
382, 50, -4.899999999999999, 2153, 0.02433953504356312
383, 58, -5.699999999999996, 2135, 0.026238032043335524
384, 51, -4.999999999999998, 2147, 0.023162130259119618
385, 66, -6.499999999999993, 2182, 0.025970117128878978
386, 60, -5.899999999999995, 2140, 0.026829857154558212
387, 49, -4.799999999999999, 2192, 0.028599911383758725
388, 48, -4.699999999999999, 2190, 0.02462762547552222
389, 61, -5.999999999999995, 2177, 0.030291315535415198
390, 55, -5.399999999999997, 2213, 0.2074009859286403
391, 66, -6.499999999999993, 2186, 0.20251237520158805
392, 63, -6.199999999999994, 2216, 0.02692532583899976
393, 47, -4.6, 2188, 0.021762387110165093
394, 59, -5.799999999999995, 2184, 0.024449228753714247
395, 82, -8.099999999999987, 2203, 0.024773337290552977
396, 49, -4.799999999999999, 2192, 0.025814743496626158
397, 53, -5.1999999999999975, 2241, 0.02676460080245835
398, 58, -5.699999999999996, 2226, 0.028641089811841436
399, 53, -5.1999999999999975, 2145, 0.022252289665523506
400, 58, -5.699999999999996, 2180, 0.023093889697012315
401, 60, -5.899999999999995, 2273, 0.023400687659838326
402, 50, -4.899999999999999, 2166, 0.026391779039618868
403, 57, -5.599999999999996, 2279, 0.19613470374583653
404, 48, -4.699999999999999, 2229, 0.026749841317260437
405, 49, -4.799999999999999, 2305, 0.22169563576925455
406, 50, -4.899999999999999, 2276, 0.025050319514431263
407, 62, -6.099999999999994, 2314, 0.20915406454290197
408, 56, -5.4999999999999964, 2266, 0.2120508289601426
409, 58, -5.699999999999996, 2316, 0.028793918428976717
410, 46, -4.5, 2309, 0.1882418864059776
411, 60, -5.899999999999995, 2282, 0.029656700960840693
412, 55, -5.399999999999997, 2232, 0.20261774698398094
413, 58, -5.699999999999996, 2295, 0.033263814027870264
414, 51, -4.999999999999998, 2291, 0.025538742936317638
415, 54, -5.299999999999997, 2366, 0.02678555756659806
416, 55, -5.399999999999997, 2185, 0.02383289559927304
417, 60, -5.899999999999995, 2323, 0.026786048215036162
418, 64, -6.299999999999994, 2359, 0.02735425476997344
419, 58, -5.699999999999996, 2313, 0.025602820387400804
420, 59, -5.799999999999995, 2390, 0.02679653270669391
421, 53, -5.1999999999999975, 2381, 0.027295882552932138
422, 69, -6.799999999999992, 2397, 0.05103601711658534
423, 46, -4.5, 2277, 0.02083580735229784
424, 66, -6.499999999999993, 2312, 0.020662819073889338
425, 52, -5.099999999999998, 2395, 0.027548666919154252
426, 63, -6.199999999999994, 2323, 0.02511720328690359
427, 50, -4.899999999999999, 2341, 0.0299050722703329
428, 58, -5.699999999999996, 2385, 0.024276612148788068
429, 53, -5.1999999999999975, 2323, 0.02727604878573686
430, 51, -4.999999999999998, 2327, 0.22391441134043366
431, 52, -5.099999999999998, 2430, 0.026628662590927554
432, 55, -5.399999999999997, 2312, 0.025580984292203568
433, 51, -4.999999999999998, 2425, 0.19611763622735934
434, 58, -5.699999999999996, 2382, 0.028647814155795925
435, 50, -4.899999999999999, 2376, 0.21002244841451878
436, 54, -5.299999999999997, 2407, 0.021369824307040597
437, 53, -5.1999999999999975, 2386, 0.023816732605146385
438, 54, -5.299999999999997, 2412, 0.03123140268409874
439, 53, -5.1999999999999975, 2345, 0.026110870887594062
440, 49, -4.799999999999999, 2425, 0.06196495547616143
441, 52, -5.099999999999998, 2310, 0.02427672915432466
442, 49, -4.799999999999999, 2386, 0.024782621802706295
443, 57, -5.599999999999996, 2410, 0.02564841637446813
444, 51, -4.999999999999998, 2429, 0.1985588014145736
445, 57, -5.599999999999996, 2430, 0.07251268237809727
446, 50, -4.899999999999999, 2440, 0.027985323482586866
447, 57, -5.599999999999996, 2439, 0.0250293509368702
448, 59, -5.799999999999995, 2412, 0.0219611821119019
449, 57, -5.599999999999996, 2336, 0.024660849150941355
450, 54, -5.299999999999997, 2444, 0.02614346354836128
451, 52, -5.099999999999998, 2420, 0.02277785253419229
452, 67, -6.5999999999999925, 2440, 0.15192642691087022
453, 48, -4.699999999999999, 2480, 0.0230512649196406
454, 54, -5.299999999999997, 2392, 0.026058620105419594
455, 52, -5.099999999999998, 2506, 0.185747112401228
456, 59, -5.799999999999995, 2446, 0.025080477527631984
457, 58, -5.699999999999996, 2544, 0.02708997691334436
458, 53, -5.1999999999999975, 2481, 0.026960496134055267
459, 53, -5.1999999999999975, 2477, 0.02602001404966381
460, 51, -4.999999999999998, 2450, 0.025844924963466465
461, 61, -5.999999999999995, 2467, 0.02480205462118157
462, 48, -4.699999999999999, 2484, 0.057649354702513644
463, 53, -5.1999999999999975, 2483, 0.023093522494478158
464, 53, -5.1999999999999975, 2534, 0.19610793335959897
465, 52, -5.099999999999998, 2496, 0.02467965864611621
466, 51, -4.999999999999998, 2411, 0.20576015787248725
467, 48, -4.699999999999999, 2481, 0.02334284744111148
468, 63, -6.199999999999994, 2485, 0.022911865546621946
469, 58, -5.699999999999996, 2596, 0.02430066769000172
470, 99, -9.799999999999981, 2479, 0.023317741930338975
471, 55, -5.399999999999997, 2512, 0.027914549026806457
472, 55, -5.399999999999997, 2502, 0.14386212302069312
473, 54, -5.299999999999997, 2495, 0.023162181770226553
474, 51, -4.999999999999998, 2517, 0.0265908064784508
475, 57, -5.599999999999996, 2560, 0.0255823453116224
476, 56, -5.4999999999999964, 2547, 0.022749435955473407
477, 60, -5.899999999999995, 2567, 0.1705895275005731
478, 55, -5.399999999999997, 2495, 0.025089713563243743
479, 58, -5.699999999999996, 2612, 0.026757789348356154
480, 51, -4.999999999999998, 2633, 0.18404655842522022
481, 59, -5.799999999999995, 2612, 0.21139767195628423
482, 49, -4.799999999999999, 2530, 0.024933480550467957
483, 48, -4.699999999999999, 2533, 0.02298282067223445
484, 55, -5.399999999999997, 2594, 0.027027621456864548
485, 56, -5.4999999999999964, 2587, 0.025287052685046607
486, 46, -4.5, 2519, 0.02732443655908856
487, 49, -4.799999999999999, 2580, 0.19698100060458934
488, 54, -5.299999999999997, 2594, 0.025249158519655257
489, 79, -7.799999999999988, 2631, 0.027291450819394325
490, 65, -6.399999999999993, 2638, 0.02314357449565163
491, 61, -5.999999999999995, 2657, 0.02100428078973149
492, 56, -5.4999999999999964, 2604, 0.025122841121340667
493, 59, -5.799999999999995, 2725, 0.025706705929921636
494, 56, -5.4999999999999964, 2631, 0.02766643470675101
495, 55, -5.399999999999997, 2571, 0.0245626778046919
496, 53, -5.1999999999999975, 2514, 0.027937999104186595
497, 61, -5.999999999999995, 2533, 0.025990133215405997
498, 52, -5.099999999999998, 2544, 0.024291980100662358
499, 47, -4.6, 2593, 0.24718409359190385
500, 51, -4.999999999999998, 2615, 0.030547443459216783
501, 59, -5.799999999999995, 2684, 0.025316677704150914
502, 48, -4.699999999999999, 2673, 0.022848245188035632
503, 56, -5.4999999999999964, 2684, 0.19136021720171392
504, 60, -5.899999999999995, 2594, 0.02422017050646663
505, 47, -4.6, 2529, 0.02430461302247755
506, 56, -5.4999999999999964, 2658, 0.02523907037152684
507, 58, -5.699999999999996, 2602, 0.02235281129056066
508, 57, -5.599999999999996, 2698, 0.15066428964113676
509, 60, -5.899999999999995, 2682, 0.022656920702076366
510, 62, -6.099999999999994, 2597, 0.20669237919286432
511, 57, -5.599999999999996, 2709, 0.02783783808985607
512, 69, -6.799999999999992, 2696, 0.02387169377471654
513, 57, -5.599999999999996, 2658, 0.20713496899089745
514, 56, -5.4999999999999964, 2774, 0.024375196172240488
515, 60, -5.899999999999995, 2598, 0.02411661950371302
516, 54, -5.299999999999997, 2677, 0.190176027762317
517, 48, -4.699999999999999, 2719, 0.0809936133318736
518, 54, -5.299999999999997, 2732, 0.02675658363718414
519, 59, -5.799999999999995, 2654, 0.02211422777842742
520, 54, -5.299999999999997, 2656, 0.026570793236433965
521, 54, -5.299999999999997, 2788, 0.21413391412174176
522, 56, -5.4999999999999964, 2713, 0.024358048232307583
523, 53, -5.1999999999999975, 2692, 0.02465340320599163
524, 53, -5.1999999999999975, 2726, 0.024467441669660417
525, 69, -6.799999999999992, 2769, 0.12751431029184968
526, 52, -5.099999999999998, 2813, 0.19584923549312183
527, 53, -5.1999999999999975, 2759, 0.02271831689431303
528, 68, -6.699999999999992, 2691, 0.025956473109140066
529, 61, -5.999999999999995, 2728, 0.024142358302539968
530, 55, -5.399999999999997, 2754, 0.06744878256393205
531, 51, -4.999999999999998, 2708, 0.20486033555971073
532, 56, -5.4999999999999964, 2683, 0.02268425934918289
533, 51, -4.999999999999998, 2814, 0.02371449584558072
534, 60, -5.899999999999995, 2770, 0.024432094618620503
535, 56, -5.4999999999999964, 2760, 0.0242246928806078
536, 56, -5.4999999999999964, 2709, 0.025817878668226157
537, 67, -6.5999999999999925, 2725, 0.027593131267992344
538, 50, -4.899999999999999, 2880, 0.2510433393484588
539, 54, -5.299999999999997, 2810, 0.023026930989308747
540, 54, -5.299999999999997, 2792, 0.026383643754212205
541, 67, -6.5999999999999925, 2788, 0.21278055779770777
542, 46, -4.5, 2799, 0.02477096309206228
543, 69, -6.799999999999992, 2795, 0.04431490920303993
544, 61, -5.999999999999995, 2769, 0.02786230627358044
545, 67, -6.5999999999999925, 2762, 0.02348480623345095
546, 55, -5.399999999999997, 2765, 0.030093116064519698
547, 48, -4.699999999999999, 2710, 0.024691317961414327
548, 57, -5.599999999999996, 2927, 0.026088684747767932
549, 58, -5.699999999999996, 2798, 0.04646066593802978
550, 54, -5.299999999999997, 2826, 0.02514668174182355
551, 50, -4.899999999999999, 2892, 0.2266826111753404
552, 56, -5.4999999999999964, 2748, 0.023747210996528212
553, 51, -4.999999999999998, 2916, 0.22540894706057535
554, 53, -5.1999999999999975, 2938, 0.022089991529863795
555, 54, -5.299999999999997, 2845, 0.026607904394727155
556, 61, -5.999999999999995, 2830, 0.025196852758148314
557, 51, -4.999999999999998, 2809, 0.1435009093898878
558, 56, -5.4999999999999964, 2934, 0.22019378733707162
559, 50, -4.899999999999999, 2867, 0.02246099778244659
560, 56, -5.4999999999999964, 2889, 0.025695551552949114
561, 55, -5.399999999999997, 2816, 0.023545153651150563
562, 55, -5.399999999999997, 2857, 0.02142208597889317
563, 51, -4.999999999999998, 2814, 0.025354453934216092
564, 51, -4.999999999999998, 2835, 0.028091576530890894
565, 57, -5.599999999999996, 2967, 0.021372847865652966
566, 57, -5.599999999999996, 2885, 0.024776364250810756
567, 54, -5.299999999999997, 2912, 0.024374800471752334
568, 55, -5.399999999999997, 2893, 0.02936701124740093
569, 49, -4.799999999999999, 2807, 0.02461611986272616
570, 70, -6.8999999999999915, 2890, 0.028869278478092508
571, 65, -6.399999999999993, 2854, 0.19436666919103285
572, 63, -6.199999999999994, 2935, 0.13879390682604598
573, 57, -5.599999999999996, 2805, 0.21967223097855948
574, 57, -5.599999999999996, 2876, 0.024984627605298404
575, 57, -5.599999999999996, 2955, 0.024880940338750213
576, 53, -5.1999999999999975, 2909, 0.02501122791928445
577, 58, -5.699999999999996, 2950, 0.023470940942941
578, 52, -5.099999999999998, 2946, 0.0291956214068263
579, 71, -6.999999999999991, 2916, 0.027554148956111302
580, 52, -5.099999999999998, 2958, 0.02566595927380233
581, 61, -5.999999999999995, 2979, 0.19591180679048126
582, 64, -6.299999999999994, 3002, 0.025085144910970802
583, 56, -5.4999999999999964, 2967, 0.0262184835554371
584, 56, -5.4999999999999964, 3025, 0.22469930833269247
585, 49, -4.799999999999999, 3023, 0.02003500285100346
586, 51, -4.999999999999998, 2979, 0.024880351053243377
587, 57, -5.599999999999996, 2942, 0.02487122352315807
588, 61, -5.999999999999995, 2921, 0.02517845809020225
589, 69, -6.799999999999992, 2920, 0.026717950752991992
590, 59, -5.799999999999995, 3050, 0.20136448088143766
591, 49, -4.799999999999999, 3041, 0.02870724652360601
592, 58, -5.699999999999996, 3002, 0.212438219485098
593, 49, -4.799999999999999, 2935, 0.02586903766482207
594, 49, -4.799999999999999, 3008, 0.19925161383091616
595, 63, -6.199999999999994, 2932, 0.02241770859397274
596, 58, -5.699999999999996, 3003, 0.02290903288972812
597, 49, -4.799999999999999, 2961, 0.03354202062662215
598, 55, -5.399999999999997, 3025, 0.023936326605523917
599, 60, -5.899999999999995, 2963, 0.024256878574141716
600, 58, -5.699999999999996, 3035, 0.025720421100336455
601, 59, -5.799999999999995, 3135, 0.19196675096323812
602, 66, -6.499999999999993, 3082, 0.022795196923448557
603, 56, -5.4999999999999964, 3009, 0.02574751709834
604, 47, -4.6, 3016, 0.024500072225630998
605, 67, -6.5999999999999925, 3007, 0.029462349445258385
606, 55, -5.399999999999997, 3072, 0.10903181732432188
607, 49, -4.799999999999999, 3083, 0.21004639743112818
608, 47, -4.6, 3089, 0.02571750308955112
609, 59, -5.799999999999995, 3067, 0.024485155644710654
610, 66, -6.499999999999993, 3112, 0.022967881715904692
611, 62, -6.099999999999994, 3200, 0.04739337308094038
612, 57, -5.599999999999996, 3007, 0.19376811057316967
613, 68, -6.699999999999992, 3107, 0.2004033169477557
614, 56, -5.4999999999999964, 3106, 0.025058139890053344
615, 56, -5.4999999999999964, 3099, 0.028468679682208897
616, 49, -4.799999999999999, 3136, 0.02552497408897514
617, 46, -4.5, 3078, 0.024569055260393435
618, 59, -5.799999999999995, 3085, 0.028099546806005016
619, 50, -4.899999999999999, 3224, 0.02294157795838725
620, 53, -5.1999999999999975, 3162, 0.02576969590418443
621, 53, -5.1999999999999975, 3089, 0.026019493664025894
622, 68, -6.699999999999992, 3131, 0.023513363149288757
623, 62, -6.099999999999994, 3160, 0.023481427299116397
624, 58, -5.699999999999996, 3138, 0.025361791729721417
625, 62, -6.099999999999994, 3144, 0.20884518846828737
626, 61, -5.999999999999995, 3123, 0.02113554885006752
627, 55, -5.399999999999997, 3146, 0.022453522078122123
628, 70, -6.8999999999999915, 3062, 0.2246142083041951
629, 47, -4.6, 3129, 0.2030302306466889
630, 60, -5.899999999999995, 3095, 0.022847698249314652
631, 54, -5.299999999999997, 3145, 0.022774404303579687
632, 53, -5.1999999999999975, 3229, 0.025552251381369046
633, 55, -5.399999999999997, 3154, 0.02618130327250845
634, 60, -5.899999999999995, 3172, 0.028456405845113553
635, 53, -5.1999999999999975, 3064, 0.02875400617770074
636, 53, -5.1999999999999975, 3247, 0.02800466670124724
637, 77, -7.599999999999989, 3072, 0.022625658325503117
638, 57, -5.599999999999996, 3145, 0.21787939661876266
639, 51, -4.999999999999998, 3192, 0.16858281054314084
640, 57, -5.599999999999996, 3260, 0.024812753858593606
641, 51, -4.999999999999998, 3161, 0.024824027305117236
642, 54, -5.299999999999997, 3286, 0.05892185873689648
643, 69, -6.799999999999992, 3155, 0.023674615982591685
644, 58, -5.699999999999996, 3284, 0.030234883404343105
645, 57, -5.599999999999996, 3243, 0.027217708040591315
646, 48, -4.699999999999999, 3251, 0.026061870811854737
647, 66, -6.499999999999993, 3242, 0.02742753164042755
648, 55, -5.399999999999997, 3222, 0.024342802158866306
649, 65, -6.399999999999993, 3148, 0.026753183475315634
650, 60, -5.899999999999995, 3287, 0.03976336114554102
651, 60, -5.899999999999995, 3263, 0.21037128802168703
652, 45, -4.4, 3152, 0.027835034213792964
653, 53, -5.1999999999999975, 3170, 0.025313997265495214
654, 55, -5.399999999999997, 3172, 0.21912084569734525
655, 56, -5.4999999999999964, 3241, 0.02401528621785265
656, 56, -5.4999999999999964, 3329, 0.024390344415461646
657, 48, -4.699999999999999, 3177, 0.23503825273181556
658, 66, -6.499999999999993, 3282, 0.025257040404995712
659, 60, -5.899999999999995, 3229, 0.0319997061634647
660, 57, -5.599999999999996, 3224, 0.2117980055028048
661, 66, -6.499999999999993, 3219, 0.027789714759473227
662, 53, -5.1999999999999975, 3294, 0.02541270502284365
663, 59, -5.799999999999995, 3302, 0.02118329509869632
664, 54, -5.299999999999997, 3216, 0.18936693051351572
665, 55, -5.399999999999997, 3311, 0.025018038946756693
666, 51, -4.999999999999998, 3310, 0.054475772841493075
667, 56, -5.4999999999999964, 3271, 0.029158629673563752
668, 49, -4.799999999999999, 3344, 0.02824280526127909
669, 44, -4.300000000000001, 3320, 0.025095314712621608
670, 61, -5.999999999999995, 3227, 0.22114512264284447
671, 59, -5.799999999999995, 3270, 0.028550596904644232
672, 49, -4.799999999999999, 3325, 0.022639631456742748
673, 65, -6.399999999999993, 3279, 0.024500355463588752
674, 57, -5.599999999999996, 3319, 0.024938913415598396
675, 54, -5.299999999999997, 3385, 0.02526397859507723
676, 62, -6.099999999999994, 3374, 0.02101833854709456
677, 62, -6.099999999999994, 3236, 0.22763870844998757
678, 53, -5.1999999999999975, 3345, 0.027067879589266153
679, 53, -5.1999999999999975, 3415, 0.024412313145202758
680, 51, -4.999999999999998, 3408, 0.02705911182946963
681, 57, -5.599999999999996, 3356, 0.02499157683840314
682, 57, -5.599999999999996, 3226, 0.2007335241311896
683, 50, -4.899999999999999, 3280, 0.038775934480081986
684, 58, -5.699999999999996, 3384, 0.21419694826015068
685, 58, -5.699999999999996, 3460, 0.2036539954830725
686, 55, -5.399999999999997, 3345, 0.025305718906637242
687, 52, -5.099999999999998, 3372, 0.028243718058548195
688, 64, -6.299999999999994, 3339, 0.025651993369868453
689, 62, -6.099999999999994, 3294, 0.024716306478884675
690, 52, -5.099999999999998, 3379, 0.027825275277695072
691, 69, -6.799999999999992, 3423, 0.024500088604093584
692, 55, -5.399999999999997, 3405, 0.020009586609301244
693, 55, -5.399999999999997, 3487, 0.02465153141072185
694, 58, -5.699999999999996, 3392, 0.02919383544661769
695, 61, -5.999999999999995, 3462, 0.024109898369859106
696, 64, -6.299999999999994, 3442, 0.022133244270175656
697, 58, -5.699999999999996, 3465, 0.19610574983849505
698, 56, -5.4999999999999964, 3397, 0.2178441438269194
699, 66, -6.499999999999993, 3464, 0.02496913960796676
700, 54, -5.299999999999997, 3455, 0.19160661140073687
701, 69, -6.799999999999992, 3436, 0.02459880271159598
702, 43, -4.200000000000001, 3394, 0.0277358793027056
703, 43, -4.200000000000001, 3445, 0.025606108975394726
704, 59, -5.799999999999995, 3443, 0.17948538729700747
705, 52, -5.099999999999998, 3390, 0.023278567214841006
706, 56, -5.4999999999999964, 3431, 0.17596418770536992
707, 59, -5.799999999999995, 3530, 0.02249365109193846
708, 50, -4.899999999999999, 3415, 0.028511861062224697
709, 52, -5.099999999999998, 3422, 0.02187860539023667
710, 54, -5.299999999999997, 3516, 0.18410220885498596
711, 65, -6.399999999999993, 3521, 0.02757991824071704
712, 65, -6.399999999999993, 3396, 0.02842203305292501
713, 66, -6.499999999999993, 3360, 0.028861698454297313
714, 59, -5.799999999999995, 3419, 0.20998194898227496
715, 66, -6.499999999999993, 3479, 0.024631609881302197
716, 60, -5.899999999999995, 3536, 0.028405329192101814
717, 57, -5.599999999999996, 3543, 0.02584340761139492
718, 59, -5.799999999999995, 3531, 0.022231390556365138
719, 62, -6.099999999999994, 3531, 0.023632122127346333
720, 59, -5.799999999999995, 3571, 0.19559413317832997
721, 52, -5.099999999999998, 3514, 0.02818905817130779
722, 59, -5.799999999999995, 3548, 0.1844603812037291
723, 52, -5.099999999999998, 3448, 0.024245461585181705
724, 60, -5.899999999999995, 3556, 0.024153628619868583
725, 54, -5.299999999999997, 3559, 0.0235847489305816
726, 49, -4.799999999999999, 3544, 0.02537754582152918
727, 53, -5.1999999999999975, 3630, 0.023639007757418673
728, 55, -5.399999999999997, 3523, 0.028262822683181588
729, 59, -5.799999999999995, 3597, 0.19612158340415364
730, 65, -6.399999999999993, 3634, 0.025018682366985345
731, 56, -5.4999999999999964, 3533, 0.030618971552557106
732, 55, -5.399999999999997, 3435, 0.02109620887202812
733, 55, -5.399999999999997, 3601, 0.027809349415247375
734, 53, -5.1999999999999975, 3474, 0.023391148421753383
735, 49, -4.799999999999999, 3415, 0.025867203115014115
736, 49, -4.799999999999999, 3560, 0.02554469660161529
737, 60, -5.899999999999995, 3553, 0.031702855815681996
738, 56, -5.4999999999999964, 3536, 0.025586551421018067
739, 61, -5.999999999999995, 3703, 0.026461873175841366
740, 65, -6.399999999999993, 3562, 0.0242235533278774
741, 63, -6.199999999999994, 3557, 0.029297117036924947
742, 71, -6.999999999999991, 3659, 0.22023591181963775
743, 48, -4.699999999999999, 3596, 0.1731567426481
744, 61, -5.999999999999995, 3695, 0.026505909969210817
745, 68, -6.699999999999992, 3612, 0.02799770737681473
746, 62, -6.099999999999994, 3566, 0.19558484341779714
747, 64, -6.299999999999994, 3654, 0.16773261085148317
748, 45, -4.4, 3655, 0.02619626965051758
749, 49, -4.799999999999999, 3579, 0.021713191617198646
750, 59, -5.799999999999995, 3585, 0.02348209662344103
751, 52, -5.099999999999998, 3577, 0.035330663449595345
752, 61, -5.999999999999995, 3613, 0.022681026355877987
753, 50, -4.899999999999999, 3565, 0.026206157663198115
754, 58, -5.699999999999996, 3435, 0.23337953633809128
755, 51, -4.999999999999998, 3606, 0.02761136941763148
756, 57, -5.599999999999996, 3560, 0.02740754183329308
757, 54, -5.299999999999997, 3798, 0.02627565970082746
758, 55, -5.399999999999997, 3562, 0.024109857073909335
759, 59, -5.799999999999995, 3643, 0.021299046656632292
760, 52, -5.099999999999998, 3656, 0.02649190963761816
761, 44, -4.300000000000001, 3750, 0.027026660425728544
762, 48, -4.699999999999999, 3628, 0.2558529385491195
763, 63, -6.199999999999994, 3667, 0.2241305551413002
764, 57, -5.599999999999996, 3699, 0.026669914311587384
765, 61, -5.999999999999995, 3748, 0.022381037629554568
766, 58, -5.699999999999996, 3755, 0.022644872901162905
767, 50, -4.899999999999999, 3740, 0.025931324068596273
768, 61, -5.999999999999995, 3759, 0.026498948352402962
769, 62, -6.099999999999994, 3725, 0.1881331627136804
770, 55, -5.399999999999997, 3712, 0.023755522126720496
771, 53, -5.1999999999999975, 3706, 0.030058466911414783
772, 63, -6.199999999999994, 3751, 0.19606393591002558
773, 56, -5.4999999999999964, 3775, 0.02218993409357306
774, 50, -4.899999999999999, 3836, 0.02750600773282008
775, 51, -4.999999999999998, 3742, 0.02124137931628356
776, 52, -5.099999999999998, 3808, 0.024562576880687192
777, 58, -5.699999999999996, 3715, 0.026369587249621573
778, 53, -5.1999999999999975, 3792, 0.024447075981266497
779, 51, -4.999999999999998, 3745, 0.023703665208885116
780, 57, -5.599999999999996, 3738, 0.022911976598062322
781, 54, -5.299999999999997, 3827, 0.2079277155637107
782, 61, -5.999999999999995, 3702, 0.027789930992983436
783, 55, -5.399999999999997, 3842, 0.027196729698602873
784, 58, -5.699999999999996, 3640, 0.02561922124466509
785, 80, -7.899999999999988, 3777, 0.020855230389171364
786, 60, -5.899999999999995, 3920, 0.23174080456461033
787, 51, -4.999999999999998, 3807, 0.1998502550845378
788, 58, -5.699999999999996, 3772, 0.02187843885091345
789, 47, -4.6, 3731, 0.026444227398778164
790, 57, -5.599999999999996, 3879, 0.031071712414064034
791, 60, -5.899999999999995, 3843, 0.024234123138580532
792, 57, -5.599999999999996, 3793, 0.19338495978562564
793, 54, -5.299999999999997, 3927, 0.164890887141929
794, 53, -5.1999999999999975, 3762, 0.02364206321867035
795, 58, -5.699999999999996, 3886, 0.18583982150572842
796, 57, -5.599999999999996, 3789, 0.02321719250386267
797, 55, -5.399999999999997, 3782, 0.02327223683793822
798, 52, -5.099999999999998, 3741, 0.02610447905385449
799, 64, -6.299999999999994, 3746, 0.024303078315087934
800, 54, -5.299999999999997, 3699, 0.2264562683874256
801, 57, -5.599999999999996, 3802, 0.024054779226477585
802, 53, -5.1999999999999975, 3752, 0.22411454601150704
803, 50, -4.899999999999999, 3896, 0.22207778106664944
804, 57, -5.599999999999996, 3843, 0.034970074998571965
805, 63, -6.199999999999994, 3798, 0.0272580461604649
806, 46, -4.5, 3928, 0.026538892010275594
807, 56, -5.4999999999999964, 3815, 0.18311549807612693
808, 60, -5.899999999999995, 3849, 0.023601358846650156
809, 58, -5.699999999999996, 3927, 0.23260297078463288
810, 66, -6.499999999999993, 3883, 0.17842636888275365
811, 52, -5.099999999999998, 3783, 0.03148464836189224
812, 56, -5.4999999999999964, 3834, 0.0501764601647996
813, 67, -6.5999999999999925, 3906, 0.026961131282821293
814, 62, -6.099999999999994, 3854, 0.025549732769154065
815, 62, -6.099999999999994, 3927, 0.024416082236978998
816, 58, -5.699999999999996, 3883, 0.023749748712130647
817, 61, -5.999999999999995, 3935, 0.021904388038987754
818, 47, -4.6, 3884, 0.20879548990977082
819, 62, -6.099999999999994, 3876, 0.023882056800197837
820, 54, -5.299999999999997, 3958, 0.19312670237506335
821, 60, -5.899999999999995, 3972, 0.020976089173602386
822, 55, -5.399999999999997, 3862, 0.026867014856444826
823, 53, -5.1999999999999975, 3999, 0.02393133100308359
824, 65, -6.399999999999993, 3955, 0.027678055578809868
825, 50, -4.899999999999999, 3849, 0.20699961200314299
826, 61, -5.999999999999995, 3978, 0.2112485091603804
827, 69, -6.799999999999992, 3905, 0.021242128468516475
828, 50, -4.899999999999999, 3963, 0.03039518079771719
829, 46, -4.5, 3899, 0.020726433722925597
830, 65, -6.399999999999993, 3975, 0.027637287511929287
831, 72, -7.099999999999991, 4003, 0.021651266320463547
832, 50, -4.899999999999999, 3939, 0.24198171384373013
833, 49, -4.799999999999999, 3915, 0.024251024829878398
834, 61, -5.999999999999995, 3985, 0.026786322625734105
835, 54, -5.299999999999997, 3978, 0.02489736955249211
836, 54, -5.299999999999997, 4041, 0.025771515567795777
837, 50, -4.899999999999999, 3892, 0.20943727022828007
838, 72, -7.099999999999991, 3952, 0.21545359111453521
839, 63, -6.199999999999994, 3994, 0.024321544181050814
840, 60, -5.899999999999995, 3932, 0.02548361838170371
841, 52, -5.099999999999998, 3964, 0.02113926327307336
842, 60, -5.899999999999995, 4017, 0.025947756977397596
843, 58, -5.699999999999996, 3878, 0.21626341311844355
844, 53, -5.1999999999999975, 3912, 0.02254819325894264
845, 58, -5.699999999999996, 4030, 0.02887300993240771
846, 53, -5.1999999999999975, 3874, 0.025515818594208817
847, 56, -5.4999999999999964, 4031, 0.19479231675992725
848, 65, -6.399999999999993, 3931, 0.18369309561576452
849, 51, -4.999999999999998, 4078, 0.025185269189002213
850, 65, -6.399999999999993, 3998, 0.05755155174323168
851, 58, -5.699999999999996, 4057, 0.026047291356308788
852, 54, -5.299999999999997, 4105, 0.029016934888764334
853, 74, -7.29999999999999, 4011, 0.0763787958639579
854, 53, -5.1999999999999975, 3961, 0.23268842238020238
855, 74, -7.29999999999999, 3918, 0.027570211867761762
856, 53, -5.1999999999999975, 4096, 0.025725465759505406
857, 67, -6.5999999999999925, 4182, 0.025219901390335586
858, 58, -5.699999999999996, 4027, 0.21052050819153045
859, 61, -5.999999999999995, 4009, 0.21190597179689252
860, 53, -5.1999999999999975, 4114, 0.025717860697269
861, 62, -6.099999999999994, 4038, 0.02523961515045381
862, 55, -5.399999999999997, 4025, 0.02428156518732205
863, 51, -4.999999999999998, 4052, 0.2150003163906158
864, 54, -5.299999999999997, 3990, 0.02481851585385897
865, 51, -4.999999999999998, 4124, 0.027194710397374866
866, 49, -4.799999999999999, 4070, 0.02792282362099996
867, 62, -6.099999999999994, 4107, 0.025072579332350742
868, 58, -5.699999999999996, 4096, 0.022319244535362603
869, 55, -5.399999999999997, 4035, 0.0652119832218454
870, 58, -5.699999999999996, 4006, 0.051137730694316375
871, 49, -4.799999999999999, 4115, 0.02767974827334463
872, 51, -4.999999999999998, 4034, 0.19614973258061452
873, 51, -4.999999999999998, 4117, 0.19676428513324806
874, 59, -5.799999999999995, 4133, 0.030729384143720395
875, 58, -5.699999999999996, 4116, 0.02601132441181564
876, 60, -5.899999999999995, 4163, 0.20015076761595818
877, 52, -5.099999999999998, 4062, 0.02439075527849277
878, 67, -6.5999999999999925, 4118, 0.02452486724196956
879, 52, -5.099999999999998, 4066, 0.026474073363486283
880, 57, -5.599999999999996, 4199, 0.026516540693299895
881, 65, -6.399999999999993, 4071, 0.02677862916611984
882, 56, -5.4999999999999964, 4071, 0.025767993205362494
883, 54, -5.299999999999997, 4137, 0.028776064782159994
884, 48, -4.699999999999999, 4148, 0.026792978277659252
885, 58, -5.699999999999996, 4118, 0.02825029881808927
886, 52, -5.099999999999998, 4113, 0.16488012312487932
887, 46, -4.5, 4118, 0.21663336903055397
888, 60, -5.899999999999995, 4335, 0.02345260948250605
889, 49, -4.799999999999999, 4007, 0.025124234611474616
890, 50, -4.899999999999999, 4167, 0.027759171579505804
891, 54, -5.299999999999997, 4146, 0.026588066328140147
892, 57, -5.599999999999996, 4086, 0.02751989124685217
893, 59, -5.799999999999995, 4119, 0.02283110732780802
894, 56, -5.4999999999999964, 4114, 0.025931929336144632
895, 56, -5.4999999999999964, 4157, 0.028453748594321704
896, 60, -5.899999999999995, 4175, 0.023614741903033032
897, 51, -4.999999999999998, 4323, 0.025875170299205053
898, 60, -5.899999999999995, 4144, 0.02633944586860082
899, 71, -6.999999999999991, 4125, 0.02820192555765333
900, 50, -4.899999999999999, 4165, 0.02560446905918856
901, 47, -4.6, 4277, 0.02505618598921422
902, 63, -6.199999999999994, 4219, 0.02825678151815647
903, 51, -4.999999999999998, 4245, 0.025628271663541202
904, 48, -4.699999999999999, 4210, 0.02218502044781223
905, 59, -5.799999999999995, 4117, 0.026344125604847335
906, 51, -4.999999999999998, 4256, 0.1982196304337167
907, 55, -5.399999999999997, 4151, 0.0264465611409217
908, 58, -5.699999999999996, 4266, 0.20197453382096642
909, 49, -4.799999999999999, 4153, 0.0268823833275893
910, 51, -4.999999999999998, 4208, 0.026194864036084287
911, 50, -4.899999999999999, 4234, 0.02531997711786893
912, 55, -5.399999999999997, 4197, 0.02261426731515126
913, 57, -5.599999999999996, 4268, 0.2149082346180684
914, 66, -6.499999999999993, 4332, 0.027627779734766378
915, 68, -6.699999999999992, 4332, 0.2287518651845053
916, 61, -5.999999999999995, 4261, 0.023080513300113292
917, 71, -6.999999999999991, 4300, 0.0262902742337347
918, 57, -5.599999999999996, 4242, 0.21052607456949746
919, 53, -5.1999999999999975, 4303, 0.0280624697868872
920, 60, -5.899999999999995, 4319, 0.02313800990602921
921, 63, -6.199999999999994, 4303, 0.025406868678254424
922, 55, -5.399999999999997, 4197, 0.024817158356260083
923, 56, -5.4999999999999964, 4277, 0.023060497819339387
924, 49, -4.799999999999999, 4321, 0.024825843257781255
925, 52, -5.099999999999998, 4402, 0.1993054189782124
926, 60, -5.899999999999995, 4303, 0.02566349361080289
927, 55, -5.399999999999997, 4355, 0.024063928379524757
928, 49, -4.799999999999999, 4361, 0.22336877753462536
929, 54, -5.299999999999997, 4287, 0.02020445774692503
930, 59, -5.799999999999995, 4387, 0.02777623333313417
931, 58, -5.699999999999996, 4320, 0.02838187603698783
932, 60, -5.899999999999995, 4321, 0.19072161348091932
933, 68, -6.699999999999992, 4468, 0.03576334135018988
934, 50, -4.899999999999999, 4294, 0.026335299629471898
935, 58, -5.699999999999996, 4357, 0.022037747342567693
936, 58, -5.699999999999996, 4413, 0.02781695841000187
937, 50, -4.899999999999999, 4323, 0.1984410907763463
938, 59, -5.799999999999995, 4451, 0.025598459399614748
939, 50, -4.899999999999999, 4470, 0.025981430982479292
940, 48, -4.699999999999999, 4405, 0.02524530190136609
941, 54, -5.299999999999997, 4510, 0.07681802695255424
942, 53, -5.1999999999999975, 4348, 0.02807904660818772
943, 62, -6.099999999999994, 4359, 0.19611949091196923
944, 65, -6.399999999999993, 4362, 0.026446346560542677
945, 51, -4.999999999999998, 4395, 0.04618963317269298
946, 60, -5.899999999999995, 4471, 0.18995637894238415
947, 72, -7.099999999999991, 4385, 0.18090802925313287
948, 67, -6.5999999999999925, 4505, 0.02386225597231806
949, 46, -4.5, 4407, 0.02757593021436744
950, 57, -5.599999999999996, 4359, 0.20712191189327478
951, 51, -4.999999999999998, 4455, 0.02587181420057194
952, 56, -5.4999999999999964, 4518, 0.02484039460204135
953, 54, -5.299999999999997, 4407, 0.02152249104824655
954, 59, -5.799999999999995, 4607, 0.026506078308407233
955, 51, -4.999999999999998, 4476, 0.024160322713625337
956, 57, -5.599999999999996, 4310, 0.026198352846526385
957, 58, -5.699999999999996, 4357, 0.021164152358068566
958, 62, -6.099999999999994, 4407, 0.02418696033818657
959, 66, -6.499999999999993, 4474, 0.21520542697411393
960, 55, -5.399999999999997, 4528, 0.02517796129126415
961, 58, -5.699999999999996, 4432, 0.02559591744423262
962, 59, -5.799999999999995, 4556, 0.028097929292256518
963, 58, -5.699999999999996, 4547, 0.027551261083726408
964, 52, -5.099999999999998, 4445, 0.025618907240664957
965, 63, -6.199999999999994, 4444, 0.02923465856648
966, 67, -6.5999999999999925, 4406, 0.023211353854127426
967, 57, -5.599999999999996, 4433, 0.025559479519234207
968, 52, -5.099999999999998, 4439, 0.0775491579456915
969, 61, -5.999999999999995, 4484, 0.19781008629392893
970, 41, -4.000000000000002, 4452, 0.02622954719871906
971, 45, -4.4, 4556, 0.021960187027358025
972, 56, -5.4999999999999964, 4455, 0.024148517211139087
973, 51, -4.999999999999998, 4762, 0.02324632072224858
974, 57, -5.599999999999996, 4740, 0.18829407916328567
975, 64, -6.299999999999994, 4550, 0.023805917734352477
976, 55, -5.399999999999997, 4664, 0.030095811838017683
977, 59, -5.799999999999995, 4489, 0.1895538327969737
978, 50, -4.899999999999999, 4488, 0.030682933343909813
979, 57, -5.599999999999996, 4536, 0.03027622573808464
980, 54, -5.299999999999997, 4535, 0.026747637648828926
981, 47, -4.6, 4564, 0.028234907660451558
982, 55, -5.399999999999997, 4588, 0.021332270174895918
983, 58, -5.699999999999996, 4535, 0.024370810167636092
984, 58, -5.699999999999996, 4611, 0.21050760511524924
985, 53, -5.1999999999999975, 4629, 0.029041227475481435
986, 47, -4.6, 4595, 0.027535753930897355
987, 46, -4.5, 4519, 0.025930035360858472
988, 57, -5.599999999999996, 4499, 0.02197044556401906
989, 64, -6.299999999999994, 4338, 0.20100309098692115
990, 46, -4.5, 4501, 0.03085210701328478
991, 59, -5.799999999999995, 4589, 0.025665311415011494
992, 49, -4.799999999999999, 4545, 0.02208267348795445
993, 57, -5.599999999999996, 4631, 0.02235862472081529
994, 53, -5.1999999999999975, 4666, 0.024029010739964107
995, 55, -5.399999999999997, 4611, 0.024503098231481224
996, 63, -6.199999999999994, 4568, 0.04829869865539704
997, 56, -5.4999999999999964, 4549, 0.195951337608526
998, 48, -4.699999999999999, 4596, 0.02635164221434816
999, 45, -4.4, 4622, 0.028417690345365454
1000, 54, -5.299999999999997, 4603, 0.023830863842963845
