Episode, Steps, Reward, Time (in milliseconds), Convergence
1, 225, -22.40000000000005, 15, 1.8
2, 225, -22.40000000000005, 41, 0.2594525340787611
3, 225, -22.40000000000005, 47, 0.20826445203011687
4, 225, -22.40000000000005, 63, 0.2679333926255576
5, 225, -22.40000000000005, 64, 0.2776209720333953
6, 225, -22.40000000000005, 62, 0.2956628787715834
7, 225, -22.40000000000005, 75, 0.29255567160593854
8, 225, -22.40000000000005, 65, 0.25108100438642456
9, 225, -22.40000000000005, 62, 0.25993695198311073
10, 225, -22.40000000000005, 88, 1.8720808598368472
11, 225, -22.40000000000005, 83, 1.4789567793883585
12, 225, -22.40000000000005, 109, 0.6122219545342875
13, 225, -22.40000000000005, 104, 0.5326254118168934
14, 225, -22.40000000000005, 108, 0.2528194352484392
15, 225, -22.40000000000005, 106, 0.380638641351172
16, 225, -22.40000000000005, 97, 0.2636308816346833
17, 225, -22.40000000000005, 109, 0.28779911682387094
18, 225, -22.40000000000005, 111, 0.43261287283026695
19, 158, -15.69999999999996, 128, 0.29157765876252073
20, 225, -22.40000000000005, 124, 0.36519338734547313
21, 225, -22.40000000000005, 117, 0.2738333648965765
22, 225, -22.40000000000005, 115, 0.3740600740611091
23, 225, -22.40000000000005, 123, 0.4850723812527087
24, 225, -22.40000000000005, 119, 0.23429629637987426
25, 225, -22.40000000000005, 120, 0.31895417640110246
26, 225, -22.40000000000005, 132, 0.38435593062486473
27, 225, -22.40000000000005, 128, 0.33689459147559037
28, 164, -16.29999999999996, 136, 0.4021362442790215
29, 225, -22.40000000000005, 132, 0.24925962659192336
30, 178, -17.69999999999998, 131, 0.3552126014507103
31, 225, -22.40000000000005, 163, 0.5509819186331497
32, 89, -8.799999999999985, 136, 0.32098348753943906
33, 225, -22.40000000000005, 139, 0.3487970227305832
34, 225, -22.40000000000005, 155, 0.3938856932628165
35, 225, -22.40000000000005, 153, 0.3979469826527393
36, 225, -22.40000000000005, 148, 0.3166317515931763
37, 99, -9.799999999999981, 141, 0.31659545183017634
38, 225, -22.40000000000005, 171, 0.5256651815410809
39, 225, -22.40000000000005, 146, 0.4663922810850032
40, 225, -22.40000000000005, 157, 0.28739073191679787
41, 225, -22.40000000000005, 147, 0.3567616087544292
42, 225, -22.40000000000005, 145, 0.43440392062898403
43, 225, -22.40000000000005, 165, 0.40723617897229536
44, 225, -22.40000000000005, 162, 0.39560892929884117
45, 225, -22.40000000000005, 163, 0.5124933203427228
46, 225, -22.40000000000005, 160, 0.4429162668732465
47, 225, -22.40000000000005, 152, 0.41812303417236185
48, 103, -10.19999999999998, 177, 0.38425614928437346
49, 222, -22.100000000000044, 171, 0.34055315187543655
50, 225, -22.40000000000005, 159, 0.32701782559950665
51, 165, -16.399999999999963, 167, 0.4092093406806927
52, 225, -22.40000000000005, 173, 0.5096244240916177
53, 225, -22.40000000000005, 159, 0.35484966706642784
54, 208, -20.700000000000024, 171, 1.796761554252927
55, 225, -22.40000000000005, 175, 0.3456612644853363
56, 225, -22.40000000000005, 160, 0.3367146561488419
57, 218, -21.70000000000004, 170, 0.3978880439626753
58, 225, -22.40000000000005, 180, 0.5279485789878549
59, 182, -18.099999999999987, 170, 0.2764369888491036
60, 173, -17.199999999999974, 185, 0.4185328844106433
61, 225, -22.40000000000005, 167, 0.4669701081464166
62, 225, -22.40000000000005, 180, 0.4850222515546583
63, 87, -8.599999999999985, 183, 0.3911643639938225
64, 225, -22.40000000000005, 189, 0.4826203000530209
65, 208, -20.700000000000024, 168, 0.3634553722129903
66, 174, -17.299999999999976, 180, 0.3170932583186996
67, 225, -22.40000000000005, 180, 0.40676960462163203
68, 225, -22.40000000000005, 176, 0.3662766596482263
69, 225, -22.40000000000005, 185, 0.45697007591921945
70, 125, -12.399999999999972, 189, 0.48000119696714627
71, 126, -12.499999999999972, 191, 0.30652209222488547
72, 131, -12.99999999999997, 185, 0.4517110897556673
73, 225, -22.40000000000005, 183, 0.3269709290709977
74, 225, -22.40000000000005, 190, 0.40248471365202754
75, 225, -22.40000000000005, 193, 0.36659285699357064
76, 225, -22.40000000000005, 194, 0.5071039386132741
77, 176, -17.49999999999998, 197, 0.6038807627748342
78, 225, -22.40000000000005, 199, 0.5866060745908701
79, 225, -22.40000000000005, 216, 0.5950125923211171
80, 225, -22.40000000000005, 189, 0.3391824253391833
81, 191, -19.0, 201, 0.3054234999058444
82, 225, -22.40000000000005, 207, 0.47148834894805836
83, 122, -12.099999999999973, 203, 0.3598999724750027
84, 225, -22.40000000000005, 200, 0.308257418078433
85, 178, -17.69999999999998, 205, 0.48904172221487396
86, 225, -22.40000000000005, 203, 0.4565021886944689
87, 157, -15.59999999999996, 202, 0.3805802009224042
88, 225, -22.40000000000005, 223, 0.6262400241082338
89, 225, -22.40000000000005, 212, 0.536164760127467
90, 225, -22.40000000000005, 199, 0.3381620423843654
91, 225, -22.40000000000005, 219, 0.4275682617826373
92, 102, -10.09999999999998, 211, 0.28959723516218183
93, 225, -22.40000000000005, 217, 1.6805588493354895
94, 225, -22.40000000000005, 211, 0.6037805275147301
95, 118, -11.699999999999974, 218, 0.3872344454150447
96, 108, -10.699999999999978, 213, 0.4334881513938611
97, 225, -22.40000000000005, 229, 0.505829265218545
98, 225, -22.40000000000005, 233, 0.5610286377030251
99, 114, -11.299999999999976, 226, 0.4521630244213348
100, 225, -22.40000000000005, 217, 0.5315556692181853
101, 225, -22.40000000000005, 232, 0.4242034898572642
102, 225, -22.40000000000005, 219, 0.4424548064154976
103, 225, -22.40000000000005, 234, 0.4264574632902325
104, 225, -22.40000000000005, 237, 0.5400238913596431
105, 225, -22.40000000000005, 232, 0.6334591860019763
106, 178, -17.69999999999998, 227, 0.29467613815308047
107, 225, -22.40000000000005, 222, 0.37042191667570934
108, 125, -12.399999999999972, 236, 0.5712376228113247
109, 225, -22.40000000000005, 226, 0.3689765922298496
110, 225, -22.40000000000005, 258, 0.5106681539848961
111, 225, -22.40000000000005, 242, 0.4859991368327252
112, 225, -22.40000000000005, 234, 0.4863933239015199
113, 225, -22.40000000000005, 238, 0.3993485011934709
114, 225, -22.40000000000005, 240, 0.42901168274163615
115, 202, -20.100000000000016, 250, 0.41338854633838196
116, 225, -22.40000000000005, 247, 0.33936603189948356
117, 122, -12.099999999999973, 244, 0.4250507086570181
118, 225, -22.40000000000005, 249, 0.5118446114962127
119, 225, -22.40000000000005, 241, 0.38903149948919635
120, 225, -22.40000000000005, 239, 0.377762344279736
121, 188, -18.699999999999996, 258, 0.5833208794689653
122, 128, -12.69999999999997, 243, 0.5138180193078417
123, 225, -22.40000000000005, 249, 0.43896246021800644
124, 225, -22.40000000000005, 246, 0.5363376123372059
125, 225, -22.40000000000005, 258, 0.5553033442766533
126, 192, -19.1, 250, 0.7241039908052067
127, 225, -22.40000000000005, 257, 0.42387726740629317
128, 225, -22.40000000000005, 253, 0.46578712865625205
129, 225, -22.40000000000005, 262, 0.4166183514796171
130, 141, -13.999999999999966, 265, 0.3342526364345817
131, 225, -22.40000000000005, 256, 0.5349515572759893
132, 225, -22.40000000000005, 251, 0.3992524138465672
133, 155, -15.399999999999961, 266, 0.5393667241969098
134, 225, -22.40000000000005, 262, 0.4329939197556463
135, 225, -22.40000000000005, 253, 0.506016341014901
136, 137, -13.599999999999968, 274, 0.34729961861083036
137, 225, -22.40000000000005, 267, 0.561424771350761
138, 225, -22.40000000000005, 268, 0.44797801887138444
139, 225, -22.40000000000005, 260, 0.46295759452344587
140, 225, -22.40000000000005, 274, 0.4966061108328199
141, 225, -22.40000000000005, 263, 0.38712098743208356
142, 144, -14.299999999999965, 265, 0.3593499409910228
143, 225, -22.40000000000005, 263, 0.4724484688891779
144, 225, -22.40000000000005, 261, 0.32881471692719266
145, 181, -17.999999999999986, 279, 0.5132672235056466
146, 225, -22.40000000000005, 280, 0.4413236467395347
147, 225, -22.40000000000005, 279, 0.6203253687876282
148, 225, -22.40000000000005, 285, 0.677747418872696
149, 191, -19.0, 262, 0.31652367264752845
150, 132, -13.09999999999997, 262, 0.40252808659553274
151, 225, -22.40000000000005, 278, 0.476055537416066
152, 225, -22.40000000000005, 264, 0.5018406509462454
153, 225, -22.40000000000005, 282, 0.3555306464731041
154, 225, -22.40000000000005, 273, 0.41640365956852854
155, 225, -22.40000000000005, 286, 0.4590141404982311
156, 225, -22.40000000000005, 277, 0.5573807982707608
157, 225, -22.40000000000005, 301, 0.5782813595267979
158, 225, -22.40000000000005, 291, 0.2810400404961988
159, 69, -6.799999999999992, 284, 0.4351798356120547
160, 225, -22.40000000000005, 293, 0.5013995843549082
161, 225, -22.40000000000005, 282, 0.5649329591477648
162, 175, -17.399999999999977, 290, 0.5616602159679194
163, 225, -22.40000000000005, 291, 0.24096341148511513
164, 116, -11.499999999999975, 301, 0.306829334653115
165, 151, -14.999999999999963, 286, 0.2903290732685515
166, 153, -15.199999999999962, 281, 0.5348006271497843
167, 225, -22.40000000000005, 286, 0.3282947871464248
168, 162, -16.09999999999996, 303, 1.6786384966953793
169, 161, -15.99999999999996, 295, 0.6402625004139786
170, 86, -8.499999999999986, 297, 0.35463406766170635
171, 225, -22.40000000000005, 294, 0.2954824696959193
172, 135, -13.399999999999968, 323, 0.32008931600826074
173, 225, -22.40000000000005, 303, 0.4106960183972497
174, 190, -18.9, 290, 0.4573730588589071
175, 225, -22.40000000000005, 324, 0.5026337704291289
176, 211, -21.00000000000003, 308, 0.4899633061394806
177, 165, -16.399999999999963, 309, 0.47432838752669504
178, 225, -22.40000000000005, 312, 0.4756339567382071
179, 131, -12.99999999999997, 306, 0.46024388780767245
180, 82, -8.099999999999987, 305, 0.5252149549051683
181, 187, -18.599999999999994, 313, 0.30144928273313676
182, 117, -11.599999999999975, 334, 0.6130804748426439
183, 181, -17.999999999999986, 307, 0.34344659277451806
184, 152, -15.099999999999962, 308, 0.4961203156337628
185, 202, -20.100000000000016, 309, 0.46063841690785123
186, 125, -12.399999999999972, 318, 0.3159141378314527
187, 225, -22.40000000000005, 324, 0.7569761563036859
188, 130, -12.89999999999997, 325, 0.3775796896839392
189, 225, -22.40000000000005, 316, 0.5467792580373807
190, 225, -22.40000000000005, 302, 0.40050089600928196
191, 135, -13.399999999999968, 305, 0.3648978323680092
192, 138, -13.699999999999967, 321, 0.5542861514177946
193, 225, -22.40000000000005, 311, 0.3910195734188582
194, 129, -12.79999999999997, 328, 0.5669048747378067
195, 137, -13.599999999999968, 325, 0.43439205182453383
196, 225, -22.40000000000005, 338, 0.3667146032261053
197, 225, -22.40000000000005, 318, 0.3089529238040247
198, 225, -22.40000000000005, 325, 0.38503221197089377
199, 225, -22.40000000000005, 350, 0.4695395219366503
200, 225, -22.40000000000005, 333, 0.4808974794649905
201, 225, -22.40000000000005, 327, 0.3467507859951766
202, 88, -8.699999999999985, 326, 1.8050752052176158
203, 225, -22.40000000000005, 353, 0.48752905694027193
204, 87, -8.599999999999985, 316, 0.6189297963444074
205, 225, -22.40000000000005, 329, 0.5003207585738227
206, 94, -9.299999999999983, 338, 0.3858674182044939
207, 135, -13.399999999999968, 346, 0.5180936189887324
208, 225, -22.40000000000005, 330, 0.3755974539917428
209, 171, -16.99999999999997, 346, 0.5861664442568046
210, 125, -12.399999999999972, 347, 0.4504543499655367
211, 225, -22.40000000000005, 337, 0.4112402307644305
212, 225, -22.40000000000005, 341, 0.4605334383894144
213, 112, -11.099999999999977, 342, 0.38216308124516285
214, 225, -22.40000000000005, 343, 0.42167724269969686
215, 225, -22.40000000000005, 346, 0.3777282649794089
216, 149, -14.799999999999963, 335, 0.464287679970671
217, 212, -21.10000000000003, 333, 0.5025152719503843
218, 225, -22.40000000000005, 350, 0.3562865517876286
219, 225, -22.40000000000005, 350, 0.4655950830241138
220, 89, -8.799999999999985, 350, 0.44702480772894004
221, 116, -11.499999999999975, 352, 0.5179775775548494
222, 88, -8.699999999999985, 349, 0.42708133860238484
223, 225, -22.40000000000005, 337, 0.4901057828297064
224, 225, -22.40000000000005, 352, 0.4430629445343677
225, 225, -22.40000000000005, 349, 0.5603250986510926
226, 174, -17.299999999999976, 350, 0.4137275717892257
227, 225, -22.40000000000005, 353, 0.3965805088064891
228, 222, -22.100000000000044, 375, 0.3685237253488105
229, 225, -22.40000000000005, 366, 0.44837673830019786
230, 225, -22.40000000000005, 368, 0.5272503445893207
231, 225, -22.40000000000005, 371, 0.33645646012730457
232, 225, -22.40000000000005, 368, 0.3953033947946196
233, 225, -22.40000000000005, 362, 0.5050326511618912
234, 219, -21.80000000000004, 369, 0.5053342724731422
235, 123, -12.199999999999973, 382, 0.287108438059847
236, 198, -19.70000000000001, 377, 0.36201055454878106
237, 225, -22.40000000000005, 355, 0.3291465648883407
238, 225, -22.40000000000005, 376, 0.35580565812758946
239, 127, -12.599999999999971, 361, 0.433796446652702
240, 225, -22.40000000000005, 374, 1.512979742289744
241, 157, -15.59999999999996, 355, 0.40028035075313406
242, 119, -11.799999999999974, 381, 0.4545817092220892
243, 225, -22.40000000000005, 384, 0.4944545338461195
244, 225, -22.40000000000005, 389, 0.5013992008144879
245, 225, -22.40000000000005, 387, 0.398751180528778
246, 144, -14.299999999999965, 360, 0.31743488880299253
247, 203, -20.200000000000017, 380, 0.39950406564385754
248, 225, -22.40000000000005, 392, 0.5519755186668691
249, 208, -20.700000000000024, 372, 0.5323859569970528
250, 225, -22.40000000000005, 391, 0.5798655218298159
251, 225, -22.40000000000005, 385, 0.8168503509893292
252, 91, -8.999999999999984, 401, 0.5025957643266517
253, 184, -18.29999999999999, 387, 0.42455380353378747
254, 108, -10.699999999999978, 381, 0.3548279888433683
255, 77, -7.599999999999989, 385, 0.40489590772145556
256, 223, -22.200000000000045, 395, 0.3549565285391154
257, 225, -22.40000000000005, 372, 0.4045748286016515
258, 225, -22.40000000000005, 367, 0.3644259899005462
259, 124, -12.299999999999972, 405, 0.42545186278394054
260, 225, -22.40000000000005, 385, 0.32009073945159805
261, 116, -11.499999999999975, 393, 0.395393435820488
262, 225, -22.40000000000005, 398, 0.43963279027464797
263, 225, -22.40000000000005, 385, 0.5272581977620319
264, 225, -22.40000000000005, 388, 0.46677188151341564
265, 217, -21.600000000000037, 398, 0.34511436495129466
266, 225, -22.40000000000005, 396, 0.4553653374389697
267, 124, -12.299999999999972, 393, 0.5420706174867607
268, 225, -22.40000000000005, 380, 0.32568768171159335
269, 142, -14.099999999999966, 404, 0.3152009869799768
270, 225, -22.40000000000005, 390, 0.4082648188007396
271, 59, -5.799999999999995, 401, 0.38608153038584714
272, 225, -22.40000000000005, 429, 0.45553623021264333
273, 140, -13.899999999999967, 420, 0.4767056467053177
274, 225, -22.40000000000005, 414, 0.5005824177323737
275, 225, -22.40000000000005, 403, 0.42345162122976854
276, 225, -22.40000000000005, 407, 0.4400854526223825
277, 225, -22.40000000000005, 412, 0.6483150140072769
278, 207, -20.600000000000023, 408, 0.28937796741147803
279, 225, -22.40000000000005, 413, 0.4455594241881451
280, 225, -22.40000000000005, 410, 0.47743423688761366
281, 225, -22.40000000000005, 411, 0.37790408292641775
282, 225, -22.40000000000005, 429, 0.46382195071458465
283, 154, -15.299999999999962, 408, 0.4069631613533489
284, 225, -22.40000000000005, 402, 0.4470181641652524
285, 85, -8.399999999999986, 408, 0.552325090308103
286, 225, -22.40000000000005, 434, 0.5775078319430622
287, 225, -22.40000000000005, 414, 0.4949025075788329
288, 138, -13.699999999999967, 418, 0.397220957835827
289, 187, -18.599999999999994, 408, 0.38412946027352834
290, 225, -22.40000000000005, 408, 0.4634092103362146
291, 225, -22.40000000000005, 427, 0.4368340029637414
292, 186, -18.499999999999993, 433, 0.4554639843369288
293, 225, -22.40000000000005, 416, 0.45401218204253135
294, 187, -18.599999999999994, 434, 0.3352665401024537
295, 192, -19.1, 416, 0.47742996897050194
296, 225, -22.40000000000005, 413, 0.34669038072182445
297, 59, -5.799999999999995, 414, 0.44664463561260037
298, 81, -7.999999999999988, 423, 0.45995722147025875
299, 225, -22.40000000000005, 431, 0.5366507106568177
300, 225, -22.40000000000005, 434, 0.3575593337669818
301, 225, -22.40000000000005, 426, 0.6588367838780274
302, 215, -21.400000000000034, 418, 0.41543278122379634
303, 165, -16.399999999999963, 425, 0.4794695647195244
304, 158, -15.69999999999996, 433, 0.47744738267235975
305, 225, -22.40000000000005, 442, 0.45510911940143806
306, 225, -22.40000000000005, 451, 0.6200139498258461
307, 167, -16.599999999999966, 449, 0.3610279889810897
308, 205, -20.40000000000002, 428, 0.43390893153194066
309, 139, -13.799999999999967, 440, 0.6743485759461181
310, 115, -11.399999999999975, 435, 0.5021595411267903
311, 225, -22.40000000000005, 439, 0.47861149629238753
312, 85, -8.399999999999986, 432, 0.3539674080508113
313, 225, -22.40000000000005, 457, 0.4806317823335016
314, 225, -22.40000000000005, 443, 0.44318586126043025
315, 225, -22.40000000000005, 455, 1.6561196786393912
316, 225, -22.40000000000005, 436, 0.42138633153947236
317, 225, -22.40000000000005, 451, 0.4294051372158063
318, 199, -19.80000000000001, 454, 0.4367619604273534
319, 225, -22.40000000000005, 448, 0.36240572595226395
320, 225, -22.40000000000005, 447, 0.5370667229831927
321, 225, -22.40000000000005, 420, 0.5156422331781207
322, 155, -15.399999999999961, 451, 0.6706660630693193
323, 211, -21.00000000000003, 456, 0.4546896261101909
324, 181, -17.999999999999986, 464, 0.42355670814120505
325, 225, -22.40000000000005, 467, 0.4187432498358299
326, 225, -22.40000000000005, 474, 0.45664417965677284
327, 147, -14.599999999999964, 454, 0.3016938283912429
328, 225, -22.40000000000005, 448, 0.3845285742854423
329, 225, -22.40000000000005, 463, 0.44100887714003667
330, 103, -10.19999999999998, 460, 0.5491673112897844
331, 131, -12.99999999999997, 459, 0.5343535727502391
332, 225, -22.40000000000005, 467, 0.44115651866583283
333, 149, -14.799999999999963, 460, 0.41402204915707985
334, 135, -13.399999999999968, 465, 0.4025381415758442
335, 225, -22.40000000000005, 455, 0.4420842198169219
336, 225, -22.40000000000005, 474, 0.5887182423408159
337, 103, -10.19999999999998, 462, 0.3818217759853286
338, 225, -22.40000000000005, 464, 0.32883165660661284
339, 140, -13.899999999999967, 493, 0.5029606125128998
340, 225, -22.40000000000005, 485, 0.4384204304867265
341, 225, -22.40000000000005, 490, 0.4660219009594506
342, 225, -22.40000000000005, 478, 0.3553894790880008
343, 225, -22.40000000000005, 464, 0.3678798026816601
344, 225, -22.40000000000005, 458, 0.3209135317593641
345, 225, -22.40000000000005, 476, 1.6316837736709298
346, 135, -13.399999999999968, 482, 0.5032961760781918
347, 225, -22.40000000000005, 468, 0.46132510196843324
348, 225, -22.40000000000005, 484, 0.2951835753090455
349, 128, -12.69999999999997, 488, 0.4193856113159915
350, 225, -22.40000000000005, 480, 0.4871197346338527
351, 225, -22.40000000000005, 500, 0.7080363624571815
352, 225, -22.40000000000005, 494, 0.40796136909373093
353, 225, -22.40000000000005, 479, 0.3996111745137678
354, 225, -22.40000000000005, 471, 0.45377852096153726
355, 225, -22.40000000000005, 499, 0.575455446061039
356, 199, -19.80000000000001, 472, 0.3157992871377806
357, 105, -10.399999999999979, 503, 0.4831240744026033
358, 225, -22.40000000000005, 482, 0.5495797672989788
359, 151, -14.999999999999963, 500, 0.5221252323434287
360, 225, -22.40000000000005, 505, 0.46639744207744016
361, 225, -22.40000000000005, 492, 0.40327972933899314
362, 119, -11.799999999999974, 504, 0.3963525866663695
363, 186, -18.499999999999993, 489, 0.4811934163208953
364, 225, -22.40000000000005, 495, 0.574316926159411
365, 225, -22.40000000000005, 487, 0.4216032047884035
366, 225, -22.40000000000005, 529, 0.5758390032295639
367, 178, -17.69999999999998, 498, 0.2406751341165272
368, 225, -22.40000000000005, 514, 0.3551989267652613
369, 225, -22.40000000000005, 512, 0.5072883804174266
370, 81, -7.999999999999988, 500, 0.4413207413752911
371, 225, -22.40000000000005, 502, 0.38105269902718275
372, 225, -22.40000000000005, 512, 0.3418810908321235
373, 225, -22.40000000000005, 486, 0.4376730907521953
374, 225, -22.40000000000005, 522, 0.4315805963491961
375, 225, -22.40000000000005, 505, 0.2833654575246687
376, 225, -22.40000000000005, 486, 0.3909944161688015
377, 121, -11.999999999999973, 517, 0.47094032717400935
378, 225, -22.40000000000005, 508, 0.487455365296833
379, 225, -22.40000000000005, 520, 0.5788523808191237
380, 104, -10.29999999999998, 522, 1.5964347506030627
381, 225, -22.40000000000005, 495, 0.4231786340171946
382, 123, -12.199999999999973, 501, 0.3811897053231199
383, 134, -13.299999999999969, 519, 0.40126968771300886
384, 123, -12.199999999999973, 513, 0.21929327178078095
385, 104, -10.29999999999998, 525, 0.30749096504516693
386, 79, -7.799999999999988, 511, 0.32438620420278963
387, 225, -22.40000000000005, 528, 0.47155133527208704
388, 225, -22.40000000000005, 528, 0.5195664614847857
389, 225, -22.40000000000005, 523, 0.4454752579600485
390, 225, -22.40000000000005, 529, 0.4023438832021031
391, 225, -22.40000000000005, 535, 0.39014303300890685
392, 225, -22.40000000000005, 508, 0.8229958043476726
393, 113, -11.199999999999976, 515, 0.2799169418589962
394, 222, -22.100000000000044, 513, 0.3922213479704797
395, 225, -22.40000000000005, 518, 0.4966894562335784
396, 225, -22.40000000000005, 527, 0.40220825389110915
397, 225, -22.40000000000005, 533, 0.3230127529631224
398, 225, -22.40000000000005, 525, 0.5111081144994927
399, 152, -15.099999999999962, 551, 0.4281887723672675
400, 191, -19.0, 508, 0.42280393696100615
401, 137, -13.599999999999968, 525, 0.6473603108236419
402, 225, -22.40000000000005, 533, 0.6409719508195022
403, 225, -22.40000000000005, 526, 0.5498280356485803
404, 225, -22.40000000000005, 524, 0.4258631800768615
405, 225, -22.40000000000005, 529, 0.505391487424081
406, 225, -22.40000000000005, 512, 0.35170407793499847
407, 215, -21.400000000000034, 541, 0.5628999587775931
408, 225, -22.40000000000005, 540, 0.4310200521897878
409, 225, -22.40000000000005, 539, 0.5628139155880052
410, 225, -22.40000000000005, 564, 1.5509220853993013
411, 225, -22.40000000000005, 550, 0.5534699557257772
412, 158, -15.69999999999996, 530, 0.5457673755893768
413, 141, -13.999999999999966, 523, 0.38866521008105925
414, 148, -14.699999999999964, 547, 0.3292814419032015
415, 225, -22.40000000000005, 559, 0.5124298123620137
416, 225, -22.40000000000005, 547, 0.4871772878955096
417, 225, -22.40000000000005, 544, 0.4959012046539377
418, 199, -19.80000000000001, 539, 0.3398645442986652
419, 161, -15.99999999999996, 557, 0.4748850167612213
420, 225, -22.40000000000005, 552, 0.3552231242449464
421, 225, -22.40000000000005, 561, 0.3739455950264263
422, 77, -7.599999999999989, 554, 0.4255338946884333
423, 125, -12.399999999999972, 553, 0.24475624097236448
424, 225, -22.40000000000005, 556, 0.5155836675821521
425, 225, -22.40000000000005, 557, 0.6749775865170218
426, 191, -19.0, 565, 0.6780515453576941
427, 216, -21.500000000000036, 562, 0.4639249597046493
428, 184, -18.29999999999999, 567, 0.5512313350351228
429, 225, -22.40000000000005, 565, 0.8176452808359378
430, 65, -6.399999999999993, 565, 0.4676771707221081
431, 155, -15.399999999999961, 543, 0.44945688850872845
432, 225, -22.40000000000005, 572, 0.318425940102264
433, 225, -22.40000000000005, 563, 0.5227211604262905
434, 225, -22.40000000000005, 545, 0.5854895413377657
435, 225, -22.40000000000005, 565, 0.3072726170669766
436, 79, -7.799999999999988, 581, 0.6554759722667989
437, 69, -6.799999999999992, 575, 0.3400981095162466
438, 81, -7.999999999999988, 571, 0.4022822379540947
439, 225, -22.40000000000005, 578, 0.3892899253105906
440, 211, -21.00000000000003, 558, 0.36780489918439985
441, 225, -22.40000000000005, 596, 0.7014783964171096
442, 221, -22.000000000000043, 585, 0.41628572604932423
443, 225, -22.40000000000005, 586, 0.4590356737085033
444, 225, -22.40000000000005, 559, 0.41089234573492295
445, 225, -22.40000000000005, 581, 0.4247579335259415
446, 191, -19.0, 585, 0.44637026597136753
447, 225, -22.40000000000005, 601, 0.3862338358440418
448, 225, -22.40000000000005, 606, 0.6132815492443359
449, 131, -12.99999999999997, 567, 0.5578053297736365
450, 134, -13.299999999999969, 568, 0.38250856346222584
451, 225, -22.40000000000005, 550, 0.3780132450685003
452, 225, -22.40000000000005, 595, 0.6931830947100028
453, 121, -11.999999999999973, 583, 0.38569137397234643
454, 225, -22.40000000000005, 600, 0.4058931068344416
455, 136, -13.499999999999968, 600, 0.47152492434935045
456, 225, -22.40000000000005, 577, 0.3011634807845911
457, 225, -22.40000000000005, 597, 0.47429993953691163
458, 125, -12.399999999999972, 592, 0.5165842579126227
459, 225, -22.40000000000005, 589, 0.4391255597764737
460, 139, -13.799999999999967, 600, 0.35344702518492976
461, 225, -22.40000000000005, 567, 0.27565320644927516
462, 225, -22.40000000000005, 588, 0.5347992516588418
463, 128, -12.69999999999997, 596, 0.49146674554685865
464, 225, -22.40000000000005, 591, 0.6364273969958303
465, 194, -19.300000000000004, 590, 0.3454167296876167
466, 225, -22.40000000000005, 598, 0.5280470841144256
467, 225, -22.40000000000005, 612, 0.47585463157118735
468, 225, -22.40000000000005, 603, 0.4549156907791563
469, 158, -15.69999999999996, 607, 0.38830651447194464
470, 186, -18.499999999999993, 622, 0.3847113547570973
471, 100, -9.89999999999998, 604, 0.3653102342447885
472, 225, -22.40000000000005, 599, 0.475635919748006
473, 130, -12.89999999999997, 608, 0.3816638145415785
474, 214, -21.300000000000033, 620, 0.3863046022900889
475, 225, -22.40000000000005, 596, 0.5473989052522281
476, 225, -22.40000000000005, 608, 0.47712078066282143
477, 225, -22.40000000000005, 597, 0.3589029224960538
478, 225, -22.40000000000005, 594, 0.46940430071263095
479, 225, -22.40000000000005, 627, 0.5803661674470226
480, 225, -22.40000000000005, 599, 0.4874654704416552
481, 225, -22.40000000000005, 618, 0.34134275557612526
482, 157, -15.59999999999996, 624, 0.6503717076877338
483, 101, -9.99999999999998, 613, 0.3343183396578495
484, 183, -18.19999999999999, 609, 0.6361405021174309
485, 148, -14.699999999999964, 606, 0.47292526040647
486, 225, -22.40000000000005, 623, 0.33294039922992785
487, 137, -13.599999999999968, 617, 0.5872514730608214
488, 131, -12.99999999999997, 617, 0.4540839493696698
489, 225, -22.40000000000005, 622, 0.46868610815009504
490, 225, -22.40000000000005, 630, 0.47483295635757394
491, 225, -22.40000000000005, 627, 0.3236316132746073
492, 176, -17.49999999999998, 609, 0.5009907447688013
493, 225, -22.40000000000005, 618, 0.5327305647798872
494, 162, -16.09999999999996, 604, 0.30954203779826206
495, 169, -16.79999999999997, 605, 0.47350391517796764
496, 138, -13.699999999999967, 618, 0.4080049341988854
497, 225, -22.40000000000005, 621, 0.4943362606355506
498, 225, -22.40000000000005, 622, 0.3399982366585901
499, 89, -8.799999999999985, 621, 0.45359813940679183
500, 225, -22.40000000000005, 615, 0.647082379854155
501, 158, -15.69999999999996, 641, 0.4430645513948077
502, 225, -22.40000000000005, 637, 0.4815521899965797
503, 225, -22.40000000000005, 645, 0.36925198498012324
504, 225, -22.40000000000005, 637, 0.39926549387342725
505, 73, -7.19999999999999, 641, 0.5104048901325586
506, 225, -22.40000000000005, 627, 0.6121352946741934
507, 175, -17.399999999999977, 636, 0.47649850618870726
508, 225, -22.40000000000005, 625, 0.48287887048805844
509, 225, -22.40000000000005, 633, 0.30183607252261124
510, 225, -22.40000000000005, 640, 0.5789798355928248
511, 93, -9.199999999999983, 698, 0.4754096003090391
512, 225, -22.40000000000005, 660, 0.3237772163216981
513, 186, -18.499999999999993, 642, 0.35658824796065147
514, 225, -22.40000000000005, 644, 0.46164366763874387
515, 225, -22.40000000000005, 658, 0.5703642397754027
516, 109, -10.799999999999978, 658, 0.42379361700340024
517, 225, -22.40000000000005, 650, 0.398117781340142
518, 198, -19.70000000000001, 652, 0.37297580683095444
519, 225, -22.40000000000005, 647, 0.3906025973105818
520, 225, -22.40000000000005, 652, 0.40826835115266236
521, 225, -22.40000000000005, 641, 0.43856988210690506
522, 130, -12.89999999999997, 661, 0.44371036198495695
523, 225, -22.40000000000005, 638, 0.46596238222216146
524, 225, -22.40000000000005, 672, 0.6770984229017516
525, 225, -22.40000000000005, 657, 0.6072330417879948
526, 225, -22.40000000000005, 647, 0.332955160684667
527, 166, -16.499999999999964, 672, 0.35090766145783536
528, 225, -22.40000000000005, 645, 0.48215349301908716
529, 115, -11.399999999999975, 677, 0.3232846478055167
530, 225, -22.40000000000005, 669, 0.3684010584714241
531, 225, -22.40000000000005, 671, 0.3889952742090683
532, 225, -22.40000000000005, 665, 0.869628522325776
533, 225, -22.40000000000005, 672, 0.36812396589197593
534, 137, -13.599999999999968, 672, 0.42110404113564526
535, 225, -22.40000000000005, 680, 0.3986068643470242
536, 213, -21.20000000000003, 645, 0.625874413063169
537, 85, -8.399999999999986, 648, 0.3737418834135884
538, 225, -22.40000000000005, 654, 0.5318682992745476
539, 145, -14.399999999999965, 677, 0.4819250417086378
540, 225, -22.40000000000005, 688, 0.3754672220736781
541, 82, -8.099999999999987, 671, 0.3735772029813429
542, 225, -22.40000000000005, 701, 0.5058801243153734
543, 225, -22.40000000000005, 692, 0.42198419817042687
544, 225, -22.40000000000005, 676, 0.310397539678414
545, 225, -22.40000000000005, 664, 0.47341386348712744
546, 225, -22.40000000000005, 694, 0.569818338317962
547, 225, -22.40000000000005, 696, 0.49900503358479953
548, 225, -22.40000000000005, 691, 0.5019957140620463
549, 171, -16.99999999999997, 659, 0.35793139175522626
550, 166, -16.499999999999964, 677, 0.32480769424649547
551, 197, -19.60000000000001, 688, 0.49648107903571637
552, 225, -22.40000000000005, 658, 0.44681359417562705
553, 225, -22.40000000000005, 705, 0.38386324379492076
554, 225, -22.40000000000005, 698, 0.49399865211108374
555, 188, -18.699999999999996, 680, 0.31149928437086283
556, 225, -22.40000000000005, 693, 0.31419663751502824
557, 225, -22.40000000000005, 678, 0.4976000257676847
558, 151, -14.999999999999963, 660, 0.47184959313663866
559, 129, -12.79999999999997, 677, 0.4116487447653667
560, 225, -22.40000000000005, 671, 0.22548835995056882
561, 183, -18.19999999999999, 703, 0.41924460663411534
562, 122, -12.099999999999973, 711, 0.408650037048254
563, 197, -19.60000000000001, 716, 0.39341041090191853
564, 225, -22.40000000000005, 721, 0.49108389413210884
565, 225, -22.40000000000005, 680, 0.2954472183737815
566, 190, -18.9, 703, 0.7160572538702272
567, 191, -19.0, 729, 0.46251377285087125
568, 225, -22.40000000000005, 673, 0.29633559439439594
569, 181, -17.999999999999986, 709, 0.45942457628685185
570, 92, -9.099999999999984, 691, 0.44447812302327505
571, 225, -22.40000000000005, 709, 0.5757882296113381
572, 225, -22.40000000000005, 722, 0.3770265325538591
573, 166, -16.499999999999964, 709, 0.4946811172282959
574, 204, -20.30000000000002, 746, 0.42550996605081304
575, 123, -12.199999999999973, 718, 0.6985766022053959
576, 225, -22.40000000000005, 717, 0.506241356289254
577, 118, -11.699999999999974, 734, 0.5001091754959823
578, 114, -11.299999999999976, 712, 0.2666663825681521
579, 225, -22.40000000000005, 701, 0.29527883303799873
580, 97, -9.599999999999982, 730, 0.3803395961093994
581, 225, -22.40000000000005, 714, 0.3327447520237743
582, 225, -22.40000000000005, 707, 0.435372097335156
583, 128, -12.69999999999997, 721, 0.32064859516384603
584, 225, -22.40000000000005, 717, 2.5517835495866534
585, 190, -18.9, 722, 0.46343289554279
586, 225, -22.40000000000005, 724, 0.6116336332763056
587, 127, -12.599999999999971, 738, 0.5246009436064677
588, 225, -22.40000000000005, 737, 0.3600154910990252
589, 225, -22.40000000000005, 746, 0.4469732379976321
590, 225, -22.40000000000005, 729, 0.38331007183696375
591, 225, -22.40000000000005, 737, 0.5524144515651637
592, 225, -22.40000000000005, 714, 0.3070380930254548
593, 225, -22.40000000000005, 744, 0.6172813913965363
594, 134, -13.299999999999969, 747, 0.5500663346571688
595, 225, -22.40000000000005, 741, 0.5366422356797127
596, 225, -22.40000000000005, 771, 0.5961158026087363
597, 194, -19.300000000000004, 719, 0.5622304894323165
598, 225, -22.40000000000005, 749, 0.2916851630242009
599, 225, -22.40000000000005, 719, 0.6469725581759231
600, 225, -22.40000000000005, 714, 0.51320635348354
601, 225, -22.40000000000005, 716, 0.47175972739006444
602, 225, -22.40000000000005, 728, 0.39749121251699826
603, 225, -22.40000000000005, 738, 0.5604073020934681
604, 225, -22.40000000000005, 723, 0.517269571732137
605, 225, -22.40000000000005, 738, 0.3645589888334544
606, 172, -17.099999999999973, 737, 0.4337811117947188
607, 225, -22.40000000000005, 739, 0.48951182135196425
608, 225, -22.40000000000005, 742, 0.30713706337020064
609, 148, -14.699999999999964, 764, 0.3304524299430951
610, 225, -22.40000000000005, 755, 0.43622496185508775
611, 225, -22.40000000000005, 752, 0.43633448864661295
612, 133, -13.199999999999969, 741, 0.36179499376007396
613, 225, -22.40000000000005, 727, 0.5161743306795321
614, 225, -22.40000000000005, 742, 0.5453174730771831
615, 225, -22.40000000000005, 742, 0.6479168120774474
616, 162, -16.09999999999996, 769, 0.31948011841930146
617, 225, -22.40000000000005, 758, 0.41349252373629986
618, 225, -22.40000000000005, 738, 0.4771491394119858
619, 149, -14.799999999999963, 761, 0.34764478205377136
620, 225, -22.40000000000005, 754, 0.34978594013204156
621, 224, -22.300000000000047, 756, 0.48655046272891456
622, 140, -13.899999999999967, 753, 0.37445100559270417
623, 225, -22.40000000000005, 771, 0.6290561554560152
624, 174, -17.299999999999976, 778, 0.4904141887328062
625, 196, -19.500000000000007, 764, 0.4473674127494598
626, 208, -20.700000000000024, 756, 0.567512119016389
627, 225, -22.40000000000005, 761, 0.39540025873422335
628, 163, -16.19999999999996, 775, 0.500443558056689
629, 225, -22.40000000000005, 751, 0.4411508038131047
630, 189, -18.799999999999997, 754, 0.2835406298940404
631, 225, -22.40000000000005, 726, 0.4759240818825736
632, 116, -11.499999999999975, 760, 0.36123505117784926
633, 225, -22.40000000000005, 760, 0.5806570909750839
634, 225, -22.40000000000005, 782, 0.4593355205581462
635, 225, -22.40000000000005, 771, 0.3093473910935116
636, 225, -22.40000000000005, 746, 0.368788927728918
637, 111, -10.999999999999977, 776, 0.5197628795578177
638, 107, -10.599999999999978, 771, 0.41733294201608406
639, 225, -22.40000000000005, 763, 0.4399893747974828
640, 151, -14.999999999999963, 771, 0.29359238906195095
641, 225, -22.40000000000005, 794, 0.5531021005971731
642, 225, -22.40000000000005, 765, 0.3927304098322342
643, 225, -22.40000000000005, 771, 0.326616033691316
644, 225, -22.40000000000005, 779, 0.45179953814503504
645, 135, -13.399999999999968, 775, 0.37796861609825805
646, 176, -17.49999999999998, 779, 0.5486121283267538
647, 147, -14.599999999999964, 769, 0.2872922079958733
648, 209, -20.800000000000026, 753, 0.41326335024646144
649, 225, -22.40000000000005, 801, 0.47905312498477604
650, 225, -22.40000000000005, 798, 0.33311166018258764
651, 225, -22.40000000000005, 799, 0.4940365301337395
652, 225, -22.40000000000005, 805, 0.5196924192579544
653, 225, -22.40000000000005, 816, 0.6332877605696403
654, 91, -8.999999999999984, 804, 0.5673626074181741
655, 225, -22.40000000000005, 785, 0.41234296264002124
656, 225, -22.40000000000005, 781, 0.526071077948083
657, 225, -22.40000000000005, 783, 0.40114638305719597
658, 197, -19.60000000000001, 800, 0.3264328731875499
659, 225, -22.40000000000005, 817, 0.2684537705655752
660, 225, -22.40000000000005, 780, 0.40618696280643807
661, 225, -22.40000000000005, 789, 0.3692979224349182
662, 225, -22.40000000000005, 779, 0.36832736833329593
663, 225, -22.40000000000005, 811, 0.4609941792862069
664, 126, -12.499999999999972, 795, 0.41538721751434315
665, 185, -18.39999999999999, 816, 0.6695599195478761
666, 225, -22.40000000000005, 798, 0.3972747752209056
667, 225, -22.40000000000005, 826, 0.41034436072829983
668, 67, -6.5999999999999925, 792, 0.6369465496853304
669, 225, -22.40000000000005, 796, 0.5788550237900743
670, 89, -8.799999999999985, 792, 0.5419756974586869
671, 225, -22.40000000000005, 804, 0.40416611299835115
672, 131, -12.99999999999997, 825, 0.29068691724043405
673, 88, -8.699999999999985, 804, 0.4011131294368959
674, 123, -12.199999999999973, 829, 0.3553254013917133
675, 225, -22.40000000000005, 803, 0.3829274113489203
676, 128, -12.69999999999997, 812, 0.3241113939995053
677, 225, -22.40000000000005, 820, 0.5711390185509901
678, 225, -22.40000000000005, 819, 0.4629354313476526
679, 119, -11.799999999999974, 803, 0.3587344537746373
680, 171, -16.99999999999997, 828, 0.5923077774462726
681, 225, -22.40000000000005, 824, 0.49534019924567474
682, 225, -22.40000000000005, 817, 0.5023236371502655
683, 225, -22.40000000000005, 841, 0.4657734986004176
684, 225, -22.40000000000005, 819, 0.41040655758484024
685, 225, -22.40000000000005, 796, 0.5131587270067475
686, 225, -22.40000000000005, 805, 0.48820023325554507
687, 134, -13.299999999999969, 829, 0.40725577379232236
688, 209, -20.800000000000026, 834, 0.5247250448117726
689, 83, -8.199999999999987, 820, 0.323544953935166
690, 225, -22.40000000000005, 854, 0.45586945683439595
691, 128, -12.69999999999997, 822, 0.38657999483432937
692, 225, -22.40000000000005, 841, 0.3346152206928088
693, 225, -22.40000000000005, 837, 0.3172742051451489
694, 225, -22.40000000000005, 838, 0.5798118721981216
695, 225, -22.40000000000005, 831, 0.5578252795285836
696, 68, -6.699999999999992, 828, 0.5227239597500537
697, 225, -22.40000000000005, 864, 0.7300594381570256
698, 225, -22.40000000000005, 819, 0.5444071127254628
699, 214, -21.300000000000033, 814, 0.4690987578850949
700, 225, -22.40000000000005, 828, 0.4899755874785299
701, 97, -9.599999999999982, 834, 0.4600611972406199
702, 225, -22.40000000000005, 849, 0.4466504429469896
703, 225, -22.40000000000005, 838, 0.4178355208488411
704, 203, -20.200000000000017, 862, 0.6211082986778749
705, 190, -18.9, 858, 0.4175263402378162
706, 225, -22.40000000000005, 825, 0.4887192768019478
707, 225, -22.40000000000005, 864, 0.6018688337624942
708, 156, -15.499999999999961, 868, 0.5236785554459793
709, 175, -17.399999999999977, 852, 0.5162311085780786
710, 225, -22.40000000000005, 862, 0.3123225809136223
711, 199, -19.80000000000001, 856, 0.6552805111393869
712, 225, -22.40000000000005, 855, 0.42005658102661614
713, 225, -22.40000000000005, 853, 0.5935703321251333
714, 168, -16.699999999999967, 848, 0.277319786286947
715, 225, -22.40000000000005, 852, 0.416296814942134
716, 131, -12.99999999999997, 842, 0.39514502399678353
717, 225, -22.40000000000005, 871, 0.4751319630285704
718, 203, -20.200000000000017, 848, 0.749357725037958
719, 211, -21.00000000000003, 836, 0.4394582950579329
720, 222, -22.100000000000044, 865, 0.37241236242055553
721, 128, -12.69999999999997, 861, 0.45908498266059117
722, 225, -22.40000000000005, 850, 0.4805485288154552
723, 225, -22.40000000000005, 869, 0.5181325702885748
724, 225, -22.40000000000005, 883, 0.6146020248969544
725, 225, -22.40000000000005, 853, 0.5567173459358901
726, 172, -17.099999999999973, 871, 0.5518822423719176
727, 225, -22.40000000000005, 853, 0.4333640764810234
728, 225, -22.40000000000005, 869, 0.6109710205827299
729, 116, -11.499999999999975, 867, 0.48210246895801623
730, 225, -22.40000000000005, 849, 0.32802617948936197
731, 139, -13.799999999999967, 876, 0.5820046221103103
732, 225, -22.40000000000005, 860, 0.45228348407266594
733, 225, -22.40000000000005, 862, 0.5026419501450414
734, 225, -22.40000000000005, 870, 0.3285480845880815
735, 225, -22.40000000000005, 890, 0.637694042965053
736, 154, -15.299999999999962, 883, 0.43100334427897713
737, 225, -22.40000000000005, 859, 0.36504530110375066
738, 225, -22.40000000000005, 846, 0.42277547192630127
739, 128, -12.69999999999997, 895, 0.397131261265927
740, 191, -19.0, 889, 0.36597499205844874
741, 82, -8.099999999999987, 858, 0.3468117406788256
742, 225, -22.40000000000005, 876, 0.37850803843396585
743, 225, -22.40000000000005, 875, 0.48832205109349736
744, 185, -18.39999999999999, 859, 0.2863166907794752
745, 225, -22.40000000000005, 917, 0.538476820621792
746, 107, -10.599999999999978, 887, 0.4894412770254739
747, 225, -22.40000000000005, 893, 0.42584049856375294
748, 225, -22.40000000000005, 892, 0.6370503478758116
749, 225, -22.40000000000005, 870, 0.6562492691766422
750, 225, -22.40000000000005, 878, 0.3736806819460401
751, 212, -21.10000000000003, 877, 0.5366208261470966
752, 190, -18.9, 876, 0.31535686397146145
753, 105, -10.399999999999979, 855, 0.4360060319350447
754, 144, -14.299999999999965, 884, 0.6882069807529176
755, 63, -6.199999999999994, 879, 0.2043972333708033
756, 225, -22.40000000000005, 894, 0.5476449894196838
757, 92, -9.099999999999984, 878, 0.3568357138861771
758, 225, -22.40000000000005, 863, 0.5941462980348216
759, 225, -22.40000000000005, 875, 0.4624499104449029
760, 225, -22.40000000000005, 891, 0.3783409871145804
761, 225, -22.40000000000005, 885, 0.4193053475010404
762, 147, -14.599999999999964, 904, 0.33969160746011084
763, 225, -22.40000000000005, 897, 0.42591772389730753
764, 225, -22.40000000000005, 901, 0.41838586253803767
765, 92, -9.099999999999984, 904, 0.5212370133685837
766, 225, -22.40000000000005, 915, 0.5471353599403668
767, 225, -22.40000000000005, 906, 0.42962084360817077
768, 225, -22.40000000000005, 885, 0.47350721829049647
769, 225, -22.40000000000005, 899, 0.31570381457550667
770, 195, -19.400000000000006, 889, 0.4353236171727737
771, 125, -12.399999999999972, 882, 0.5152334751518994
772, 144, -14.299999999999965, 943, 0.46436102955673864
773, 180, -17.899999999999984, 905, 1.0077540492852433
774, 225, -22.40000000000005, 919, 0.49659204832337167
775, 164, -16.29999999999996, 890, 0.7143514841788194
776, 225, -22.40000000000005, 947, 0.6466358412535955
777, 140, -13.899999999999967, 907, 0.47252951123213327
778, 131, -12.99999999999997, 924, 0.6409691955614538
779, 97, -9.599999999999982, 936, 0.6716133689898491
780, 225, -22.40000000000005, 900, 0.44212546150815113
781, 174, -17.299999999999976, 941, 0.4597435996447248
782, 99, -9.799999999999981, 927, 0.4942840440401728
783, 225, -22.40000000000005, 906, 0.6814139724031447
784, 225, -22.40000000000005, 927, 0.4940912300867737
785, 225, -22.40000000000005, 933, 0.5213263187614565
786, 73, -7.19999999999999, 928, 0.6007121951435799
787, 225, -22.40000000000005, 927, 0.23953079974463087
788, 225, -22.40000000000005, 907, 0.525361404575424
789, 225, -22.40000000000005, 936, 0.345515873718502
790, 159, -15.79999999999996, 927, 0.41120834432791264
791, 88, -8.699999999999985, 902, 0.42069137269515666
792, 225, -22.40000000000005, 953, 0.4442132933186296
793, 225, -22.40000000000005, 937, 0.39624876016787125
794, 130, -12.89999999999997, 934, 0.4134197774147612
795, 169, -16.79999999999997, 950, 0.3080488225014668
796, 225, -22.40000000000005, 930, 1.820913698868226
797, 225, -22.40000000000005, 916, 0.46878638103926296
798, 225, -22.40000000000005, 933, 0.3998186583739445
799, 225, -22.40000000000005, 924, 0.45758480416186176
800, 225, -22.40000000000005, 940, 0.5431495919783644
801, 210, -20.900000000000027, 938, 0.49106556496451614
802, 140, -13.899999999999967, 935, 0.4689110399974119
803, 225, -22.40000000000005, 968, 0.4034964455187904
804, 164, -16.29999999999996, 939, 0.39348928642233894
805, 225, -22.40000000000005, 928, 0.5226181517934956
806, 207, -20.600000000000023, 977, 0.4383788167461877
807, 225, -22.40000000000005, 961, 0.5889261356669078
808, 225, -22.40000000000005, 964, 0.3831529272732639
809, 225, -22.40000000000005, 928, 0.3993703954929647
810, 225, -22.40000000000005, 936, 0.45961348706623006
811, 225, -22.40000000000005, 941, 0.5984166584564634
812, 225, -22.40000000000005, 945, 0.33771093171573696
813, 225, -22.40000000000005, 967, 0.4991849348503108
814, 147, -14.599999999999964, 967, 0.4639698552073086
815, 203, -20.200000000000017, 959, 0.3199069050423755
816, 225, -22.40000000000005, 954, 0.6194888334053625
817, 225, -22.40000000000005, 973, 0.35689077059074936
818, 94, -9.299999999999983, 944, 0.3194821934737999
819, 225, -22.40000000000005, 964, 0.6225200543386467
820, 82, -8.099999999999987, 944, 0.41998226308969366
821, 225, -22.40000000000005, 978, 0.6095041099897585
822, 95, -9.399999999999983, 974, 0.3712830843515542
823, 192, -19.1, 999, 0.563899819366434
824, 225, -22.40000000000005, 961, 0.35210655543066016
825, 225, -22.40000000000005, 961, 0.5994702784967427
826, 225, -22.40000000000005, 958, 0.5240034469722052
827, 225, -22.40000000000005, 948, 0.4764904199643638
828, 225, -22.40000000000005, 944, 0.3320072681970121
829, 108, -10.699999999999978, 948, 0.5150453776640804
830, 225, -22.40000000000005, 965, 0.5685319154455328
831, 225, -22.40000000000005, 973, 0.6865845865593436
832, 225, -22.40000000000005, 966, 0.507636197808087
833, 119, -11.799999999999974, 974, 0.3048122231387289
834, 225, -22.40000000000005, 967, 0.5971855798432449
835, 135, -13.399999999999968, 978, 0.31915779961347573
836, 189, -18.799999999999997, 991, 0.46096556165041536
837, 84, -8.299999999999986, 961, 0.4292838228920084
838, 203, -20.200000000000017, 990, 0.34571872091818845
839, 164, -16.29999999999996, 973, 0.2853530095351715
840, 225, -22.40000000000005, 997, 0.5003661463309366
841, 225, -22.40000000000005, 974, 0.42599613903208144
842, 132, -13.09999999999997, 997, 0.32109595808943103
843, 225, -22.40000000000005, 1006, 0.48598665540597125
844, 225, -22.40000000000005, 983, 0.3106856578929187
845, 165, -16.399999999999963, 1026, 0.42034767752426627
846, 161, -15.99999999999996, 991, 0.4781826589111693
847, 145, -14.399999999999965, 993, 0.44896851297971896
848, 225, -22.40000000000005, 986, 0.6633695524932994
849, 137, -13.599999999999968, 1022, 0.6688065675366248
850, 101, -9.99999999999998, 991, 0.49767142145784904
851, 153, -15.199999999999962, 983, 0.36096194399343284
852, 225, -22.40000000000005, 973, 0.4605599505602904
853, 225, -22.40000000000005, 1000, 0.45149591562452374
854, 225, -22.40000000000005, 985, 1.4891922930462922
855, 174, -17.299999999999976, 986, 0.351578342022256
856, 225, -22.40000000000005, 979, 0.36061816000360847
857, 106, -10.499999999999979, 1018, 0.49408055549994545
858, 225, -22.40000000000005, 984, 0.474752165005917
859, 119, -11.799999999999974, 981, 0.3992611670491475
860, 220, -21.90000000000004, 987, 2.3753090132995776
861, 225, -22.40000000000005, 1001, 0.2989207507617784
862, 225, -22.40000000000005, 998, 0.4096917326212415
863, 225, -22.40000000000005, 972, 0.49854189522147263
864, 225, -22.40000000000005, 1015, 0.474436093379742
865, 100, -9.89999999999998, 1015, 0.542899061065572
866, 225, -22.40000000000005, 1029, 0.4397237590463401
867, 225, -22.40000000000005, 1013, 0.4903215874278015
868, 225, -22.40000000000005, 1007, 0.49773970556107905
869, 225, -22.40000000000005, 995, 0.47805209820298256
870, 225, -22.40000000000005, 1006, 0.3850797572658471
871, 225, -22.40000000000005, 1020, 0.4230178604794357
872, 168, -16.699999999999967, 1007, 0.36615847655073575
873, 114, -11.299999999999976, 997, 0.5602870767079455
874, 97, -9.599999999999982, 997, 0.36146931778598157
875, 225, -22.40000000000005, 1021, 0.44323028126265585
876, 225, -22.40000000000005, 1045, 0.5702629448830869
877, 215, -21.400000000000034, 1029, 0.46470259890490384
878, 225, -22.40000000000005, 1040, 0.44460468904812744
879, 225, -22.40000000000005, 1029, 0.36352594514006453
880, 225, -22.40000000000005, 1034, 0.42629626372791396
881, 225, -22.40000000000005, 1025, 0.570211460725722
882, 225, -22.40000000000005, 1024, 0.4191856935588494
883, 225, -22.40000000000005, 998, 0.5147164792902781
884, 132, -13.09999999999997, 1035, 0.42212115243076775
885, 225, -22.40000000000005, 1020, 0.6057470691972293
886, 225, -22.40000000000005, 1002, 0.4308469138976889
887, 222, -22.100000000000044, 1058, 0.7122784327623699
888, 225, -22.40000000000005, 1029, 0.38899923787747537
889, 225, -22.40000000000005, 1034, 0.532744533919498
890, 225, -22.40000000000005, 1016, 0.37148317587642676
891, 225, -22.40000000000005, 1049, 0.5500374804067985
892, 207, -20.600000000000023, 1031, 0.42276710112998783
893, 225, -22.40000000000005, 1009, 0.5248190440327489
894, 225, -22.40000000000005, 1017, 0.5010809934766227
895, 225, -22.40000000000005, 1031, 0.35112632141654876
896, 156, -15.499999999999961, 1036, 0.45909549276764317
897, 133, -13.199999999999969, 1038, 0.48821213415888876
898, 225, -22.40000000000005, 1047, 0.4001261733759083
899, 225, -22.40000000000005, 1053, 0.3708761196784147
900, 225, -22.40000000000005, 1066, 0.6057680276002784
901, 225, -22.40000000000005, 1016, 0.39099931899961327
902, 159, -15.79999999999996, 1026, 0.5818986219186524
903, 105, -10.399999999999979, 1043, 0.43883524204430646
904, 218, -21.70000000000004, 1079, 0.43221240123445703
905, 225, -22.40000000000005, 1038, 0.5616763379321759
906, 225, -22.40000000000005, 1047, 0.3008475807272297
907, 225, -22.40000000000005, 1025, 0.5636512395005266
908, 225, -22.40000000000005, 1055, 0.37059660045121046
909, 218, -21.70000000000004, 1027, 0.5281586933519788
910, 210, -20.900000000000027, 1067, 0.46784569593515224
911, 225, -22.40000000000005, 1060, 0.5297016943586459
912, 198, -19.70000000000001, 1064, 0.37684552130453475
913, 143, -14.199999999999966, 1056, 0.36897088929398114
914, 176, -17.49999999999998, 1044, 0.4700723016064954
915, 142, -14.099999999999966, 1055, 0.4204599805180149
916, 225, -22.40000000000005, 1053, 0.33242741492535194
917, 225, -22.40000000000005, 1047, 0.3902637042965025
918, 225, -22.40000000000005, 1059, 0.5706746126675886
919, 98, -9.699999999999982, 1062, 0.3907040638455501
920, 199, -19.80000000000001, 1056, 0.5206885838158015
921, 225, -22.40000000000005, 1074, 0.5722455182841757
922, 225, -22.40000000000005, 1038, 0.42685032853616045
923, 208, -20.700000000000024, 1021, 0.6785216984607554
924, 225, -22.40000000000005, 1079, 0.532400141200223
925, 225, -22.40000000000005, 1070, 0.511911985943208
926, 207, -20.600000000000023, 1063, 0.5540863764865094
927, 225, -22.40000000000005, 1063, 0.5560087249077834
928, 224, -22.300000000000047, 1078, 0.41548438509445784
929, 161, -15.99999999999996, 1068, 0.4586687305204358
930, 152, -15.099999999999962, 1067, 0.5633710880123495
931, 225, -22.40000000000005, 1078, 0.4597703709955647
932, 225, -22.40000000000005, 1059, 0.5510586873173788
933, 132, -13.09999999999997, 1080, 0.4536103860267633
934, 225, -22.40000000000005, 1118, 0.4098235130159402
935, 225, -22.40000000000005, 1089, 0.48201927111074516
936, 106, -10.499999999999979, 1053, 0.42546737289162806
937, 225, -22.40000000000005, 1048, 0.3929230150540963
938, 128, -12.69999999999997, 1101, 0.3966315128303264
939, 201, -20.000000000000014, 1088, 0.47254190341830427
940, 225, -22.40000000000005, 1084, 0.364945219651442
941, 225, -22.40000000000005, 1051, 0.6198488054062197
942, 134, -13.299999999999969, 1085, 0.5090906565064142
943, 166, -16.499999999999964, 1063, 0.5322572940453978
944, 225, -22.40000000000005, 1095, 0.5051562835292671
945, 225, -22.40000000000005, 1090, 0.41171708955559394
946, 225, -22.40000000000005, 1094, 0.28330338451267645
947, 113, -11.199999999999976, 1109, 0.4706442110590352
948, 87, -8.599999999999985, 1072, 0.40067418521561415
949, 164, -16.29999999999996, 1069, 0.31495427056061187
950, 124, -12.299999999999972, 1100, 0.30709561173675826
951, 225, -22.40000000000005, 1099, 0.4149061890765693
952, 171, -16.99999999999997, 1102, 0.3521152015623108
953, 225, -22.40000000000005, 1091, 0.45892135524261146
954, 225, -22.40000000000005, 1096, 0.350823989269762
955, 225, -22.40000000000005, 1091, 0.36172170918901614
956, 225, -22.40000000000005, 1086, 0.3492992341157586
957, 167, -16.599999999999966, 1095, 0.31749259753047854
958, 225, -22.40000000000005, 1094, 0.3717383735839146
959, 225, -22.40000000000005, 1095, 0.43289652900300357
960, 204, -20.30000000000002, 1097, 0.3362037332327139
961, 127, -12.599999999999971, 1107, 0.3382567209867118
962, 155, -15.399999999999961, 1123, 0.5436416450645751
963, 225, -22.40000000000005, 1095, 0.47442589658906353
964, 142, -14.099999999999966, 1116, 0.3268716116527628
965, 201, -20.000000000000014, 1120, 0.27752951523843183
966, 225, -22.40000000000005, 1088, 0.5037568988327392
967, 225, -22.40000000000005, 1097, 0.2880458649299986
968, 225, -22.40000000000005, 1097, 0.36128701828710996
969, 84, -8.299999999999986, 1108, 0.41989479649716444
970, 225, -22.40000000000005, 1127, 0.3506386429399844
971, 225, -22.40000000000005, 1105, 0.6512362849563229
972, 225, -22.40000000000005, 1098, 0.36763358242984845
973, 123, -12.199999999999973, 1125, 0.36953596105937825
974, 109, -10.799999999999978, 1144, 0.35195394432772376
975, 139, -13.799999999999967, 1120, 0.25639434582570253
976, 114, -11.299999999999976, 1093, 0.40351149016671084
977, 225, -22.40000000000005, 1152, 0.4682461313461146
978, 225, -22.40000000000005, 1163, 0.39833953246871134
979, 170, -16.89999999999997, 1101, 0.5378908313674069
980, 225, -22.40000000000005, 1134, 0.42980416671755606
981, 83, -8.199999999999987, 1102, 0.4974892924950871
982, 156, -15.499999999999961, 1121, 0.6506729665211899
983, 225, -22.40000000000005, 1131, 0.40696357353065093
984, 201, -20.000000000000014, 1145, 0.38089364130136905
985, 164, -16.29999999999996, 1092, 0.3936054893860176
986, 225, -22.40000000000005, 1127, 0.48821839801583167
987, 151, -14.999999999999963, 1092, 0.42024150894421464
988, 225, -22.40000000000005, 1128, 0.2707780838075684
989, 225, -22.40000000000005, 1121, 0.453176761236751
990, 201, -20.000000000000014, 1153, 0.38641728025693034
991, 225, -22.40000000000005, 1142, 0.48410863135086624
992, 225, -22.40000000000005, 1113, 0.46338104704114924
993, 225, -22.40000000000005, 1166, 0.2903618088386093
994, 225, -22.40000000000005, 1137, 0.5721195533789714
995, 225, -22.40000000000005, 1126, 0.39660714262694796
996, 124, -12.299999999999972, 1120, 0.35366087884664266
997, 225, -22.40000000000005, 1117, 0.4262178991077481
998, 225, -22.40000000000005, 1179, 0.5468854526490858
999, 225, -22.40000000000005, 1150, 0.4692680939746423
1000, 223, -22.200000000000045, 1137, 0.3486842953318021
