Episode, Steps, Reward, Time (in milliseconds), Convergence
1, 225, -22.40000000000005, 23, 1.44851
2, 225, -22.40000000000005, 24, 1.44851
3, 225, -22.40000000000005, 51, 1.2274713968065045
4, 225, -22.40000000000005, 46, 0.15876657225338886
5, 225, -22.40000000000005, 56, 0.1305445256736612
6, 225, -22.40000000000005, 70, 1.4146694645010052
7, 225, -22.40000000000005, 90, 0.14935236576469202
8, 225, -22.40000000000005, 84, 0.21922807408688683
9, 225, -22.40000000000005, 81, 0.11996495545260477
10, 225, -22.40000000000005, 87, 1.4384450092577006
11, 225, -22.40000000000005, 90, 0.1407016126309526
12, 225, -22.40000000000005, 103, 0.21849694879645687
13, 225, -22.40000000000005, 103, 0.1731662579629386
14, 225, -22.40000000000005, 94, 0.20546407510625964
15, 225, -22.40000000000005, 105, 0.13674845016312087
16, 225, -22.40000000000005, 111, 0.2689137536587734
17, 225, -22.40000000000005, 110, 0.1511653456480957
18, 225, -22.40000000000005, 108, 0.14256462390744679
19, 225, -22.40000000000005, 114, 0.26064584349424624
20, 225, -22.40000000000005, 129, 1.0957414873912945
21, 225, -22.40000000000005, 120, 0.23011653923507125
22, 225, -22.40000000000005, 121, 0.2400858870494711
23, 225, -22.40000000000005, 129, 0.22007224231128353
24, 218, -21.70000000000004, 135, 0.13623182740883877
25, 225, -22.40000000000005, 125, 0.28668893378870264
26, 80, -7.899999999999988, 153, 0.2322185597917168
27, 225, -22.40000000000005, 150, 1.3355298686579948
28, 225, -22.40000000000005, 131, 1.3781809582705442
29, 225, -22.40000000000005, 146, 0.26994512794988523
30, 225, -22.40000000000005, 149, 0.19586543806003376
31, 225, -22.40000000000005, 139, 0.3267981894746925
32, 225, -22.40000000000005, 150, 0.20707417439289832
33, 129, -12.79999999999997, 151, 0.20164739540115395
34, 158, -15.69999999999996, 152, 0.23466573452046302
35, 225, -22.40000000000005, 150, 0.24631655677332343
36, 225, -22.40000000000005, 154, 0.20244489019261225
37, 175, -17.399999999999977, 174, 0.2893369354399957
38, 155, -15.399999999999961, 167, 0.29501647634906747
39, 225, -22.40000000000005, 159, 0.255269521967298
40, 225, -22.40000000000005, 165, 0.24266159477570337
41, 225, -22.40000000000005, 168, 0.19315024992883623
42, 225, -22.40000000000005, 155, 0.20637862698324905
43, 225, -22.40000000000005, 179, 0.2909850286233512
44, 225, -22.40000000000005, 180, 0.2645926498804134
45, 225, -22.40000000000005, 177, 0.2256805214522326
46, 225, -22.40000000000005, 173, 0.3318487811192683
47, 72, -7.099999999999991, 171, 0.22090029699158542
48, 71, -6.999999999999991, 168, 0.27483102356681655
49, 225, -22.40000000000005, 173, 0.374234781204144
50, 225, -22.40000000000005, 183, 0.37593392799293324
51, 180, -17.899999999999984, 171, 0.2299409193702059
52, 225, -22.40000000000005, 188, 0.3013307210628027
53, 225, -22.40000000000005, 175, 0.2076764332779939
54, 225, -22.40000000000005, 168, 0.22371662959409377
55, 225, -22.40000000000005, 185, 0.2688865899375552
56, 107, -10.599999999999978, 170, 0.34039374008912293
57, 131, -12.99999999999997, 174, 0.23005889328100348
58, 115, -11.399999999999975, 196, 0.19052888278013302
59, 209, -20.800000000000026, 169, 0.16867285795442277
60, 152, -15.099999999999962, 183, 0.26802508428156835
61, 147, -14.599999999999964, 184, 0.20290604310332228
62, 225, -22.40000000000005, 185, 0.3075498175284155
63, 93, -9.199999999999983, 187, 0.179044220998005
64, 68, -6.699999999999992, 175, 0.3163924396580968
65, 225, -22.40000000000005, 190, 0.20415787942804542
66, 136, -13.499999999999968, 205, 0.3599304948382831
67, 182, -18.099999999999987, 196, 0.1995661768846091
68, 225, -22.40000000000005, 200, 0.2538707365593251
69, 118, -11.699999999999974, 203, 0.255120307131288
70, 100, -9.89999999999998, 197, 0.31640378122579205
71, 134, -13.299999999999969, 200, 0.23812319249569858
72, 225, -22.40000000000005, 201, 1.029418500901568
73, 225, -22.40000000000005, 197, 0.17383600441489477
74, 225, -22.40000000000005, 193, 0.28777895605787895
75, 95, -9.399999999999983, 197, 0.16316229903923074
76, 225, -22.40000000000005, 207, 0.2523813674186255
77, 110, -10.899999999999977, 191, 0.19862376015494876
78, 75, -7.39999999999999, 210, 0.2437149064791777
79, 225, -22.40000000000005, 199, 0.23601488032670326
80, 225, -22.40000000000005, 203, 0.2458677863117012
81, 144, -14.299999999999965, 215, 0.22814606043755092
82, 51, -4.999999999999998, 201, 0.25407355733935466
83, 69, -6.799999999999992, 211, 0.23567146508859915
84, 200, -19.900000000000013, 203, 0.14314345172697385
85, 208, -20.700000000000024, 204, 0.20491805931119123
86, 225, -22.40000000000005, 203, 0.17030484831572723
87, 203, -20.200000000000017, 207, 0.26520827332039487
88, 92, -9.099999999999984, 214, 0.15422530935661843
89, 130, -12.89999999999997, 206, 0.16585151373793883
90, 86, -8.499999999999986, 213, 0.3228559782032181
91, 85, -8.399999999999986, 213, 0.305821805927909
92, 74, -7.29999999999999, 203, 0.2630172380101752
93, 56, -5.4999999999999964, 217, 0.23680961706684434
94, 225, -22.40000000000005, 207, 0.2653587097657646
95, 189, -18.799999999999997, 222, 0.23397411993137074
96, 225, -22.40000000000005, 215, 0.3161334335512558
97, 62, -6.099999999999994, 223, 0.2366195247355285
98, 192, -19.1, 219, 0.2942320797412441
99, 225, -22.40000000000005, 216, 0.2786103494331258
100, 77, -7.599999999999989, 216, 0.17440411275898582
101, 107, -10.599999999999978, 233, 0.30056197177900934
102, 86, -8.499999999999986, 228, 0.2657336198325764
103, 101, -9.99999999999998, 230, 0.2836240530951535
104, 225, -22.40000000000005, 227, 0.2879749887938141
105, 59, -5.799999999999995, 220, 0.17472638431322807
106, 151, -14.999999999999963, 227, 0.22217644842434714
107, 217, -21.600000000000037, 232, 0.26536793967050176
108, 153, -15.199999999999962, 225, 0.17991115713218364
109, 225, -22.40000000000005, 243, 0.29796490804757714
110, 213, -21.20000000000003, 240, 0.21347386592374418
111, 200, -19.900000000000013, 234, 0.24749656638945927
112, 225, -22.40000000000005, 235, 0.2075051804600363
113, 225, -22.40000000000005, 234, 0.20441398031219937
114, 192, -19.1, 227, 0.2648359273667903
115, 225, -22.40000000000005, 241, 0.43379102649227375
116, 71, -6.999999999999991, 231, 0.18615916137258015
117, 225, -22.40000000000005, 239, 0.28892488840858865
118, 178, -17.69999999999998, 230, 0.18754307845299767
119, 127, -12.599999999999971, 241, 0.2828170346361598
120, 212, -21.10000000000003, 235, 0.39008144546230294
121, 106, -10.499999999999979, 237, 0.23648676891020415
122, 225, -22.40000000000005, 237, 0.2900157230047924
123, 92, -9.099999999999984, 241, 0.22100035489643113
124, 225, -22.40000000000005, 241, 0.2255499432872627
125, 225, -22.40000000000005, 245, 0.3639468817442131
126, 225, -22.40000000000005, 252, 0.24249117178917556
127, 94, -9.299999999999983, 240, 0.24670540448573952
128, 225, -22.40000000000005, 245, 0.23339627619524572
129, 209, -20.800000000000026, 255, 0.23266708184452556
130, 225, -22.40000000000005, 242, 0.29468830817134295
131, 205, -20.40000000000002, 248, 0.20045359905807114
132, 225, -22.40000000000005, 257, 0.3887958651668102
133, 81, -7.999999999999988, 245, 0.2987685188172655
134, 139, -13.799999999999967, 254, 0.21946644150390293
135, 225, -22.40000000000005, 253, 0.17893674528567627
136, 225, -22.40000000000005, 245, 0.31068206855914426
137, 87, -8.599999999999985, 260, 0.35225200845708304
138, 223, -22.200000000000045, 251, 0.15174670302559345
139, 105, -10.399999999999979, 249, 0.25698108375850404
140, 225, -22.40000000000005, 254, 0.2886353685608021
141, 187, -18.599999999999994, 259, 0.36735608944121
142, 71, -6.999999999999991, 256, 0.17477524417102108
143, 101, -9.99999999999998, 261, 0.2863306485002237
144, 76, -7.499999999999989, 262, 0.23434321331454944
145, 225, -22.40000000000005, 263, 0.1995001817856804
146, 225, -22.40000000000005, 251, 0.24241344229412798
147, 225, -22.40000000000005, 258, 0.268426249880799
148, 225, -22.40000000000005, 258, 0.19910401533520927
149, 225, -22.40000000000005, 268, 0.23158221099746212
150, 225, -22.40000000000005, 256, 0.23626727401440517
151, 225, -22.40000000000005, 281, 0.20983787054332415
152, 69, -6.799999999999992, 270, 0.1613225340411848
153, 58, -5.699999999999996, 277, 0.24545950082243184
154, 95, -9.399999999999983, 276, 0.20165168194853678
155, 95, -9.399999999999983, 266, 0.24324536823218645
156, 166, -16.499999999999964, 275, 0.2892836352210675
157, 135, -13.399999999999968, 276, 0.22226053507210652
158, 172, -17.099999999999973, 276, 0.15017275409147018
159, 68, -6.699999999999992, 270, 1.6684460742419285
160, 225, -22.40000000000005, 281, 0.24777799057754635
161, 135, -13.399999999999968, 277, 0.23631544099082924
162, 118, -11.699999999999974, 278, 0.24063728346649116
163, 65, -6.399999999999993, 263, 0.19349239947305874
164, 225, -22.40000000000005, 282, 0.21008918202057725
165, 83, -8.199999999999987, 278, 0.4671368947113761
166, 225, -22.40000000000005, 276, 0.38951771690992865
167, 68, -6.699999999999992, 280, 0.25871217240748323
168, 117, -11.599999999999975, 268, 0.2899735515295767
169, 124, -12.299999999999972, 274, 0.23088706527613834
170, 59, -5.799999999999995, 281, 0.25109742032851345
171, 59, -5.799999999999995, 288, 0.28836565835267347
172, 171, -16.99999999999997, 281, 0.291544514545107
173, 225, -22.40000000000005, 277, 0.23702623310688997
174, 225, -22.40000000000005, 282, 0.19756655451155636
175, 111, -10.999999999999977, 281, 0.26288992472733774
176, 225, -22.40000000000005, 290, 0.3534451024670431
177, 112, -11.099999999999977, 293, 0.23544926683326217
178, 128, -12.69999999999997, 290, 0.22709060903275047
179, 221, -22.000000000000043, 280, 0.3217630545871275
180, 65, -6.399999999999993, 281, 0.21490774265407753
181, 214, -21.300000000000033, 301, 0.38189046055942466
182, 102, -10.09999999999998, 288, 0.3020532815194197
183, 85, -8.399999999999986, 284, 0.1894710442207752
184, 122, -12.099999999999973, 286, 0.21652575526453965
185, 128, -12.69999999999997, 292, 0.3276607958128013
186, 112, -11.099999999999977, 290, 0.3039564509912607
187, 154, -15.299999999999962, 297, 0.284662991009379
188, 225, -22.40000000000005, 297, 0.2606213958984429
189, 225, -22.40000000000005, 295, 0.30516528229093876
190, 147, -14.599999999999964, 304, 0.3072436521789257
191, 89, -8.799999999999985, 294, 0.2930608309021273
192, 85, -8.399999999999986, 299, 0.31314769360834815
193, 62, -6.099999999999994, 293, 0.29388019073326577
194, 64, -6.299999999999994, 299, 0.37020234438395194
195, 82, -8.099999999999987, 304, 0.1853653122250205
196, 185, -18.39999999999999, 293, 0.17175585315988107
197, 223, -22.200000000000045, 308, 0.2851827404703513
198, 204, -20.30000000000002, 311, 0.31531027658817723
199, 106, -10.499999999999979, 294, 0.20468554283660678
200, 225, -22.40000000000005, 310, 0.333531958343412
201, 135, -13.399999999999968, 304, 0.30561888972329365
202, 106, -10.499999999999979, 309, 0.20666652405754604
203, 126, -12.499999999999972, 304, 0.17323354758358356
204, 177, -17.59999999999998, 293, 0.34252946401617423
205, 225, -22.40000000000005, 313, 0.2680567006980219
206, 122, -12.099999999999973, 305, 0.2345013079506426
207, 68, -6.699999999999992, 318, 0.34432368455962736
208, 66, -6.499999999999993, 310, 0.31039439652352674
209, 225, -22.40000000000005, 302, 0.20682351320095815
210, 170, -16.89999999999997, 316, 0.2528516606745872
211, 99, -9.799999999999981, 314, 0.24431159277169057
212, 223, -22.200000000000045, 315, 0.23081117190043532
213, 48, -4.699999999999999, 318, 0.2827433571559772
214, 168, -16.699999999999967, 312, 0.2007286262584116
215, 92, -9.099999999999984, 314, 0.24933022455490894
216, 108, -10.699999999999978, 317, 0.24828788355490056
217, 71, -6.999999999999991, 316, 0.31896930496885867
218, 70, -6.8999999999999915, 321, 0.2755026621556862
219, 123, -12.199999999999973, 319, 0.2783192436152948
220, 104, -10.29999999999998, 317, 0.2491987958014874
221, 225, -22.40000000000005, 326, 0.40296570519036345
222, 120, -11.899999999999974, 322, 0.19422758310362198
223, 96, -9.499999999999982, 323, 0.2414317507268211
224, 115, -11.399999999999975, 325, 0.2374785390726788
225, 74, -7.29999999999999, 319, 0.20426827842298856
226, 95, -9.399999999999983, 326, 0.2894803956352893
227, 225, -22.40000000000005, 317, 0.2481839680734701
228, 81, -7.999999999999988, 326, 0.31543414087791777
229, 178, -17.69999999999998, 331, 0.2195473163918551
230, 89, -8.799999999999985, 339, 0.20833350935379613
231, 131, -12.99999999999997, 339, 0.28333633874343445
232, 99, -9.799999999999981, 333, 0.2262177147592359
233, 119, -11.799999999999974, 336, 0.27948316450142974
234, 123, -12.199999999999973, 325, 0.27020107836387286
235, 118, -11.699999999999974, 323, 0.25760536642355114
236, 149, -14.799999999999963, 346, 0.27458085122549747
237, 225, -22.40000000000005, 344, 0.30925698172963934
238, 225, -22.40000000000005, 329, 0.2760881013690226
239, 79, -7.799999999999988, 338, 0.19855404526627662
240, 181, -17.999999999999986, 333, 0.169866757370983
241, 107, -10.599999999999978, 335, 0.140534567195975
242, 132, -13.09999999999997, 334, 0.19336483042099972
243, 225, -22.40000000000005, 333, 0.1869593610200604
244, 225, -22.40000000000005, 338, 0.47509368931674567
245, 158, -15.69999999999996, 348, 0.25502587186843106
246, 56, -5.4999999999999964, 342, 0.2214109544538343
247, 128, -12.69999999999997, 331, 0.30740853644971544
248, 225, -22.40000000000005, 341, 0.26687802637627867
249, 225, -22.40000000000005, 340, 0.16961718529673808
250, 143, -14.199999999999966, 328, 0.3136926669894353
251, 178, -17.69999999999998, 335, 0.3075287018510444
252, 137, -13.599999999999968, 330, 0.20880694283959544
253, 225, -22.40000000000005, 348, 0.19927639730910324
254, 61, -5.999999999999995, 349, 0.18984516786301864
255, 107, -10.599999999999978, 348, 0.2580461980257538
256, 72, -7.099999999999991, 352, 0.22188148712554234
257, 225, -22.40000000000005, 348, 0.4564965759776445
258, 183, -18.19999999999999, 350, 0.323808341264912
259, 84, -8.299999999999986, 343, 0.22323791627851963
260, 225, -22.40000000000005, 344, 0.2353910883435426
261, 119, -11.799999999999974, 358, 0.3066368945712883
262, 225, -22.40000000000005, 355, 0.2317817749212301
263, 94, -9.299999999999983, 348, 0.24603209343142973
264, 225, -22.40000000000005, 358, 0.22171747059998426
265, 225, -22.40000000000005, 360, 0.3530769134023175
266, 181, -17.999999999999986, 364, 0.3357018840596315
267, 58, -5.699999999999996, 354, 0.18769955820735307
268, 121, -11.999999999999973, 349, 0.1976872143021633
269, 119, -11.799999999999974, 354, 0.2629551857627004
270, 169, -16.79999999999997, 349, 0.389719400197055
271, 179, -17.799999999999983, 363, 0.18872583383007102
272, 225, -22.40000000000005, 356, 0.23825544707952617
273, 203, -20.200000000000017, 366, 0.2356820736549985
274, 225, -22.40000000000005, 370, 0.3175282415434477
275, 208, -20.700000000000024, 369, 0.29083968055522114
276, 54, -5.299999999999997, 366, 0.2300476624691643
277, 225, -22.40000000000005, 368, 0.2859655978020855
278, 143, -14.199999999999966, 364, 0.26097631141759825
279, 121, -11.999999999999973, 360, 0.23371130130578743
280, 116, -11.499999999999975, 365, 0.22309599438465422
281, 224, -22.300000000000047, 378, 0.24494625451336027
282, 126, -12.499999999999972, 372, 0.2793938510655116
283, 175, -17.399999999999977, 367, 0.244627338228395
284, 83, -8.199999999999987, 372, 0.2389839108300733
285, 65, -6.399999999999993, 378, 0.2802363901248217
286, 114, -11.299999999999976, 383, 0.36585917127967593
287, 163, -16.19999999999996, 378, 0.2173059998422726
288, 225, -22.40000000000005, 373, 0.4119419813549463
289, 110, -10.899999999999977, 371, 0.20783737077177467
290, 82, -8.099999999999987, 381, 0.2794427405337979
291, 225, -22.40000000000005, 385, 0.21740304441017388
292, 186, -18.499999999999993, 381, 0.28998437041337644
293, 225, -22.40000000000005, 368, 0.30957811280291736
294, 204, -20.30000000000002, 385, 0.37900512939207553
295, 58, -5.699999999999996, 378, 0.28204812342272456
296, 62, -6.099999999999994, 372, 0.2787374488846437
297, 110, -10.899999999999977, 368, 0.23138929675789122
298, 64, -6.299999999999994, 398, 0.1865290412653846
299, 81, -7.999999999999988, 389, 0.2928056627387221
300, 169, -16.79999999999997, 384, 0.2074556600733417
301, 225, -22.40000000000005, 392, 0.36979479688420813
302, 225, -22.40000000000005, 386, 0.3088107558358075
303, 225, -22.40000000000005, 390, 0.2983846107640673
304, 225, -22.40000000000005, 397, 0.27940204325634355
305, 225, -22.40000000000005, 388, 0.2973311892529549
306, 131, -12.99999999999997, 386, 0.3133549334321888
307, 225, -22.40000000000005, 389, 0.27372362516518844
308, 77, -7.599999999999989, 393, 0.28544509150490244
309, 110, -10.899999999999977, 384, 0.3644555893942263
310, 83, -8.199999999999987, 388, 0.3524690351556381
311, 225, -22.40000000000005, 404, 0.3508131584233789
312, 81, -7.999999999999988, 397, 0.2920598851041847
313, 156, -15.499999999999961, 408, 0.3604181933323565
314, 225, -22.40000000000005, 422, 0.25167657286144784
315, 120, -11.899999999999974, 396, 0.2136153826524929
316, 170, -16.89999999999997, 407, 0.2287072286923686
317, 193, -19.200000000000003, 397, 0.24838146749871504
318, 119, -11.799999999999974, 391, 0.1733715279960386
319, 152, -15.099999999999962, 391, 0.1912419886135015
320, 225, -22.40000000000005, 398, 0.20148775518450712
321, 225, -22.40000000000005, 399, 0.2060748618351096
322, 73, -7.19999999999999, 392, 0.28597004852726426
323, 225, -22.40000000000005, 398, 0.1669055143433844
324, 225, -22.40000000000005, 388, 0.24074186730171676
325, 225, -22.40000000000005, 399, 0.27225905440603027
326, 225, -22.40000000000005, 402, 0.23810305083067362
327, 135, -13.399999999999968, 411, 0.22135869907761163
328, 194, -19.300000000000004, 407, 0.24590838508603086
329, 225, -22.40000000000005, 398, 0.2326767552798359
330, 162, -16.09999999999996, 410, 0.3513355855154807
331, 225, -22.40000000000005, 408, 0.28312964304835875
332, 96, -9.499999999999982, 409, 0.29829811803502837
333, 82, -8.099999999999987, 416, 0.2228979962917026
334, 130, -12.89999999999997, 404, 0.2936040132825508
335, 152, -15.099999999999962, 404, 0.2713714126979349
336, 225, -22.40000000000005, 408, 0.3564499529154701
337, 51, -4.999999999999998, 417, 0.17564709021796743
338, 225, -22.40000000000005, 424, 0.3480853914432842
339, 165, -16.399999999999963, 404, 0.2202962851953867
340, 80, -7.899999999999988, 417, 0.2709404393183874
341, 225, -22.40000000000005, 420, 0.3146603209360581
342, 190, -18.9, 413, 0.29720294679383163
343, 149, -14.799999999999963, 415, 0.2745931897891034
344, 225, -22.40000000000005, 415, 0.29392035327447585
345, 132, -13.09999999999997, 426, 0.2789093101206912
346, 206, -20.50000000000002, 424, 0.31619300676550366
347, 113, -11.199999999999976, 425, 0.13881998004876417
348, 225, -22.40000000000005, 423, 0.21594783083830604
349, 78, -7.699999999999989, 420, 0.22836793195451888
350, 170, -16.89999999999997, 420, 0.32295822124623186
351, 108, -10.699999999999978, 426, 0.30397236724827725
352, 181, -17.999999999999986, 414, 0.18981147860782244
353, 84, -8.299999999999986, 421, 0.27817312452238574
354, 80, -7.899999999999988, 412, 0.15482027465873405
355, 107, -10.599999999999978, 435, 0.20732676612643974
356, 198, -19.70000000000001, 425, 0.21282740998907945
357, 100, -9.89999999999998, 433, 0.21868324015276075
358, 98, -9.699999999999982, 424, 0.1478221773418884
359, 206, -20.50000000000002, 431, 0.21383614542127072
360, 199, -19.80000000000001, 430, 0.33258952999317826
361, 147, -14.599999999999964, 450, 0.24289611319204152
362, 121, -11.999999999999973, 435, 0.34899214228788944
363, 225, -22.40000000000005, 436, 0.31731032350106947
364, 191, -19.0, 440, 0.2850437750688002
365, 201, -20.000000000000014, 436, 0.29794930495868854
366, 225, -22.40000000000005, 433, 0.3118851452310487
367, 72, -7.099999999999991, 450, 0.14525973576256412
368, 187, -18.599999999999994, 426, 0.26361613815727614
369, 225, -22.40000000000005, 439, 0.3258226309588199
370, 116, -11.499999999999975, 428, 0.2419237089875832
371, 186, -18.499999999999993, 452, 0.3436965343626768
372, 225, -22.40000000000005, 448, 0.3327063779427075
373, 121, -11.999999999999973, 443, 0.29151310085815396
374, 126, -12.499999999999972, 439, 0.1473988025365478
375, 172, -17.099999999999973, 433, 0.19642148784601665
376, 73, -7.19999999999999, 439, 0.16591140881276134
377, 79, -7.799999999999988, 445, 0.24057331321323616
378, 215, -21.400000000000034, 440, 0.2735272093076915
379, 225, -22.40000000000005, 443, 0.25351157624477016
380, 225, -22.40000000000005, 466, 0.25932225804016884
381, 81, -7.999999999999988, 445, 0.35305087537917745
382, 207, -20.600000000000023, 451, 0.23594677879588533
383, 126, -12.499999999999972, 449, 0.4763336773247344
384, 86, -8.499999999999986, 443, 0.1494396161702478
385, 66, -6.499999999999993, 441, 0.24482292269324013
386, 56, -5.4999999999999964, 463, 0.23221309288806768
387, 102, -10.09999999999998, 462, 0.18036941671957396
388, 189, -18.799999999999997, 461, 0.22120433767932957
389, 84, -8.299999999999986, 455, 0.2407978598379925
390, 97, -9.599999999999982, 462, 0.1846007069835589
391, 95, -9.399999999999983, 455, 0.30364976477927175
392, 71, -6.999999999999991, 453, 0.22498486869897594
393, 225, -22.40000000000005, 468, 0.323150736736756
394, 208, -20.700000000000024, 474, 0.2214622468351246
395, 164, -16.29999999999996, 454, 0.2643755598875972
396, 168, -16.699999999999967, 466, 0.24767052862008176
397, 210, -20.900000000000027, 469, 0.26879886893668115
398, 197, -19.60000000000001, 466, 0.31180254594101653
399, 216, -21.500000000000036, 466, 0.22673690883507636
400, 112, -11.099999999999977, 451, 0.16526240980975393
401, 52, -5.099999999999998, 470, 0.22135904961202746
402, 177, -17.59999999999998, 478, 0.1945242311948674
403, 82, -8.099999999999987, 465, 0.18256325580216481
404, 92, -9.099999999999984, 476, 0.2535671088994027
405, 116, -11.499999999999975, 456, 0.2664307906375827
406, 204, -20.30000000000002, 470, 0.22246175261604906
407, 225, -22.40000000000005, 470, 0.2721093019938863
408, 90, -8.899999999999984, 471, 0.1519591845992967
409, 132, -13.09999999999997, 486, 0.20715517031130837
410, 183, -18.19999999999999, 488, 0.30936170226891657
411, 97, -9.599999999999982, 485, 0.2284906045172661
412, 225, -22.40000000000005, 471, 0.23381233598988205
413, 53, -5.1999999999999975, 475, 0.18880138230709376
414, 225, -22.40000000000005, 481, 0.3142588188188289
415, 67, -6.5999999999999925, 468, 0.2570283889537568
416, 53, -5.1999999999999975, 483, 0.9806591095030655
417, 225, -22.40000000000005, 481, 0.23052525627471887
418, 106, -10.499999999999979, 471, 0.24852985132336491
419, 96, -9.499999999999982, 469, 0.3546209491516885
420, 58, -5.699999999999996, 468, 0.4062170212140801
421, 85, -8.399999999999986, 487, 0.3590218356316752
422, 182, -18.099999999999987, 479, 0.29290679771111905
423, 65, -6.399999999999993, 487, 0.3388196704627042
424, 60, -5.899999999999995, 474, 0.2388444882933869
425, 214, -21.300000000000033, 493, 0.35145711830094095
426, 176, -17.49999999999998, 483, 0.1781337082263188
427, 120, -11.899999999999974, 481, 0.2707500927480164
428, 57, -5.599999999999996, 490, 0.22565817290826784
429, 155, -15.399999999999961, 496, 0.21252804751691023
430, 76, -7.499999999999989, 486, 0.2260185303078286
431, 57, -5.599999999999996, 487, 0.2501666157106561
432, 225, -22.40000000000005, 486, 0.2167519167567602
433, 146, -14.499999999999964, 497, 0.29864816293189156
434, 165, -16.399999999999963, 490, 0.18199556419925234
435, 87, -8.599999999999985, 486, 0.28873116567720336
436, 225, -22.40000000000005, 501, 0.21913381376607832
437, 225, -22.40000000000005, 494, 0.5020957135507003
438, 130, -12.89999999999997, 513, 0.24232912981914057
439, 93, -9.199999999999983, 473, 0.3044250958669683
440, 86, -8.499999999999986, 501, 0.21102094414957184
441, 110, -10.899999999999977, 497, 0.32462361643207105
442, 225, -22.40000000000005, 505, 0.24789629815775482
443, 116, -11.499999999999975, 499, 0.3207614653870219
444, 109, -10.799999999999978, 491, 0.3817767513191388
445, 118, -11.699999999999974, 483, 0.26881116719717024
446, 94, -9.299999999999983, 500, 0.2006869690649803
447, 153, -15.199999999999962, 493, 0.33294806697909074
448, 193, -19.200000000000003, 495, 0.1814765946353234
449, 196, -19.500000000000007, 506, 0.21048563998693348
450, 115, -11.399999999999975, 494, 0.201786715543812
451, 225, -22.40000000000005, 512, 0.27965795026649354
452, 124, -12.299999999999972, 492, 0.20443074139233208
453, 225, -22.40000000000005, 498, 0.27369414501044487
454, 225, -22.40000000000005, 511, 0.32106062112727396
455, 79, -7.799999999999988, 503, 0.3128326984805794
456, 186, -18.499999999999993, 514, 0.27809550408227235
457, 225, -22.40000000000005, 539, 0.24446613149396923
458, 189, -18.799999999999997, 500, 0.18547264474523883
459, 81, -7.999999999999988, 504, 0.1577628008300298
460, 224, -22.300000000000047, 525, 0.2758005080420109
461, 225, -22.40000000000005, 524, 0.13493186305264349
462, 100, -9.89999999999998, 508, 0.3089289875624254
463, 158, -15.69999999999996, 510, 0.3105886199853538
464, 106, -10.499999999999979, 507, 0.24641349321115924
465, 77, -7.599999999999989, 538, 0.399872058614819
466, 190, -18.9, 490, 0.3137470722187432
467, 66, -6.499999999999993, 499, 0.20715574651816682
468, 54, -5.299999999999997, 507, 0.2351465916212896
469, 84, -8.299999999999986, 529, 0.323709436240307
470, 75, -7.39999999999999, 511, 0.20777309121953857
471, 209, -20.800000000000026, 519, 0.3503384430171932
472, 55, -5.399999999999997, 515, 0.17053984908405218
473, 225, -22.40000000000005, 545, 0.27758235950235743
474, 180, -17.899999999999984, 514, 0.2294349198589125
475, 68, -6.699999999999992, 524, 0.26032973794679304
476, 68, -6.699999999999992, 531, 0.31121866652144714
477, 87, -8.599999999999985, 519, 0.27234767392723436
478, 225, -22.40000000000005, 538, 0.27164575083285036
479, 225, -22.40000000000005, 534, 0.27519594306253137
480, 225, -22.40000000000005, 519, 0.20097134806888972
481, 99, -9.799999999999981, 533, 0.33394972124672395
482, 225, -22.40000000000005, 539, 0.28168383818678344
483, 225, -22.40000000000005, 518, 0.37966542755399857
484, 225, -22.40000000000005, 521, 0.2907640985980935
485, 62, -6.099999999999994, 524, 0.25782561749528954
486, 225, -22.40000000000005, 536, 0.3022016247981165
487, 137, -13.599999999999968, 535, 0.3030117260621974
488, 225, -22.40000000000005, 528, 0.18664150963375548
489, 102, -10.09999999999998, 520, 0.28989573350142495
490, 225, -22.40000000000005, 535, 0.3115445041336149
491, 194, -19.300000000000004, 516, 0.2696756942049219
492, 155, -15.399999999999961, 518, 0.31522288888935557
493, 72, -7.099999999999991, 535, 0.24951922372200475
494, 92, -9.099999999999984, 550, 0.36103646439938375
495, 206, -20.50000000000002, 532, 0.28208137253726007
496, 176, -17.49999999999998, 526, 0.3014311821224389
497, 75, -7.39999999999999, 542, 0.3325667485833099
498, 90, -8.899999999999984, 548, 0.2960188734948437
499, 225, -22.40000000000005, 555, 0.2578998045078251
500, 225, -22.40000000000005, 539, 0.4189965672621345
501, 81, -7.999999999999988, 532, 0.16996659174491535
502, 123, -12.199999999999973, 536, 0.32417905264713587
503, 225, -22.40000000000005, 560, 0.3954753434500349
504, 86, -8.499999999999986, 546, 0.23372242576823288
505, 183, -18.19999999999999, 547, 0.24714190878596054
506, 129, -12.79999999999997, 557, 0.20329971474052222
507, 80, -7.899999999999988, 542, 0.2426943921427549
508, 137, -13.599999999999968, 538, 0.28753644653959665
509, 80, -7.899999999999988, 541, 0.21990210989583925
510, 70, -6.8999999999999915, 544, 0.18166407512067595
511, 225, -22.40000000000005, 535, 0.2471209303452515
512, 131, -12.99999999999997, 548, 0.2543092646620735
513, 225, -22.40000000000005, 547, 0.3689402220986018
514, 78, -7.699999999999989, 570, 0.475943038967948
515, 193, -19.200000000000003, 551, 0.18408670645943204
516, 110, -10.899999999999977, 560, 1.37332569672364
517, 106, -10.499999999999979, 556, 0.18773867615327688
518, 95, -9.399999999999983, 560, 0.30177869713376526
519, 193, -19.200000000000003, 538, 0.3494812629976458
520, 71, -6.999999999999991, 555, 0.2361745010012788
521, 144, -14.299999999999965, 568, 0.2123466955494666
522, 225, -22.40000000000005, 563, 0.39344545461336855
523, 225, -22.40000000000005, 564, 0.3791387095794696
524, 67, -6.5999999999999925, 543, 0.2238286465532755
525, 112, -11.099999999999977, 579, 0.24765464444458063
526, 218, -21.70000000000004, 557, 0.2557170661954684
527, 61, -5.999999999999995, 565, 0.20399634172149317
528, 225, -22.40000000000005, 558, 0.2697859784594272
529, 96, -9.499999999999982, 555, 0.29360991786702684
530, 105, -10.399999999999979, 566, 0.30410831070174815
531, 95, -9.399999999999983, 566, 0.19996464215279053
532, 194, -19.300000000000004, 553, 0.23993991490079414
533, 76, -7.499999999999989, 578, 0.2705772341579966
534, 173, -17.199999999999974, 572, 0.23797612780361743
535, 56, -5.4999999999999964, 580, 0.27918817675624874
536, 162, -16.09999999999996, 568, 0.2960177732469931
537, 150, -14.899999999999963, 563, 0.20791404092661825
538, 225, -22.40000000000005, 579, 0.42305073785446723
539, 84, -8.299999999999986, 575, 0.21484660739083405
540, 101, -9.99999999999998, 563, 0.37467539555104556
541, 66, -6.499999999999993, 562, 0.2258109441057361
542, 174, -17.299999999999976, 585, 0.23390540847194918
543, 225, -22.40000000000005, 584, 0.1922734615087851
544, 117, -11.599999999999975, 579, 0.3662229866893454
545, 225, -22.40000000000005, 560, 0.13161280133462094
546, 77, -7.599999999999989, 579, 0.23525423404429713
547, 127, -12.599999999999971, 583, 0.16709948056993518
548, 225, -22.40000000000005, 576, 0.39138838777722773
549, 201, -20.000000000000014, 578, 0.23853807369609836
550, 91, -8.999999999999984, 582, 0.22170989947617636
551, 225, -22.40000000000005, 596, 0.19336063727392627
552, 55, -5.399999999999997, 593, 0.3457090048431106
553, 225, -22.40000000000005, 585, 0.2675844566411234
554, 225, -22.40000000000005, 575, 0.23669023473171835
555, 137, -13.599999999999968, 585, 0.14242352533639702
556, 175, -17.399999999999977, 580, 0.2027721553086106
557, 208, -20.700000000000024, 590, 0.2658055517869509
558, 61, -5.999999999999995, 593, 0.2883909648003584
559, 225, -22.40000000000005, 581, 0.1891034892658625
560, 72, -7.099999999999991, 589, 0.31631181621038573
561, 162, -16.09999999999996, 600, 0.3085249414117961
562, 61, -5.999999999999995, 593, 0.2601941833205541
563, 121, -11.999999999999973, 593, 0.15838141986159093
564, 225, -22.40000000000005, 589, 0.3077855612495113
565, 102, -10.09999999999998, 588, 0.20335598128541865
566, 175, -17.399999999999977, 603, 0.30106871095045573
567, 150, -14.899999999999963, 584, 0.33780403838649864
568, 72, -7.099999999999991, 585, 0.26812103103159046
569, 211, -21.00000000000003, 590, 0.23164648820926947
570, 127, -12.599999999999971, 593, 0.25524496992223966
571, 81, -7.999999999999988, 605, 0.3166260032669589
572, 97, -9.599999999999982, 597, 0.2143481803034435
573, 225, -22.40000000000005, 603, 0.24743126552677586
574, 225, -22.40000000000005, 598, 0.28334671481856777
575, 135, -13.399999999999968, 603, 0.24343942740504598
576, 225, -22.40000000000005, 609, 0.268288830870794
577, 86, -8.499999999999986, 599, 0.24488216000391194
578, 198, -19.70000000000001, 595, 0.3262997799346943
579, 169, -16.79999999999997, 606, 0.2399906316934861
580, 189, -18.799999999999997, 624, 0.34343609524746466
581, 151, -14.999999999999963, 594, 0.28933343001297596
582, 137, -13.599999999999968, 610, 0.28008243922586806
583, 132, -13.09999999999997, 598, 0.2797984484000109
584, 87, -8.599999999999985, 627, 0.2766286360377932
585, 171, -16.99999999999997, 604, 0.33714116723397836
586, 225, -22.40000000000005, 596, 0.2386313592530489
587, 78, -7.699999999999989, 603, 0.2993373245818791
588, 67, -6.5999999999999925, 611, 0.8943149478624566
589, 225, -22.40000000000005, 609, 0.2426013102689203
590, 225, -22.40000000000005, 600, 0.26014926126320326
591, 105, -10.399999999999979, 603, 0.22597448526233999
592, 127, -12.599999999999971, 620, 0.20512818258396415
593, 139, -13.799999999999967, 614, 0.31698700541525576
594, 225, -22.40000000000005, 607, 0.3475042228821956
595, 220, -21.90000000000004, 606, 0.3452775035459655
596, 129, -12.79999999999997, 626, 0.2260878819974339
597, 138, -13.699999999999967, 629, 0.25798879269291275
598, 180, -17.899999999999984, 625, 0.3024797694048105
599, 68, -6.699999999999992, 617, 0.22058567886388358
600, 225, -22.40000000000005, 617, 0.2644213120557557
601, 68, -6.699999999999992, 623, 0.25206609993011053
602, 79, -7.799999999999988, 607, 0.41857206277392467
603, 80, -7.899999999999988, 622, 0.30512174139524917
604, 162, -16.09999999999996, 634, 0.31694547635753745
605, 56, -5.4999999999999964, 613, 0.19243796431869853
606, 225, -22.40000000000005, 635, 0.2567845205927828
607, 131, -12.99999999999997, 621, 0.2121610476193796
608, 225, -22.40000000000005, 626, 0.2667174899624225
609, 119, -11.799999999999974, 643, 0.2111499556526697
610, 154, -15.299999999999962, 645, 0.2226132834268837
611, 78, -7.699999999999989, 621, 0.21175979738625506
612, 225, -22.40000000000005, 631, 0.297260027515462
613, 109, -10.799999999999978, 617, 0.36491848086855727
614, 225, -22.40000000000005, 636, 0.27766314298172956
615, 71, -6.999999999999991, 616, 0.2123625821914188
616, 167, -16.599999999999966, 643, 0.21325704294433745
617, 101, -9.99999999999998, 634, 0.23757750575808423
618, 95, -9.399999999999983, 638, 0.23844995246694944
619, 198, -19.70000000000001, 634, 0.30232779826436895
620, 111, -10.999999999999977, 632, 0.2033611866756293
621, 178, -17.69999999999998, 637, 0.2584210622217453
622, 92, -9.099999999999984, 639, 0.2654666386978266
623, 117, -11.599999999999975, 636, 0.1732421967017297
624, 91, -8.999999999999984, 638, 1.368997319969831
625, 106, -10.499999999999979, 655, 0.2561268116583417
626, 103, -10.19999999999998, 637, 0.22704907240624506
627, 85, -8.399999999999986, 628, 0.1633768328647256
628, 127, -12.599999999999971, 643, 0.37147414090111885
629, 115, -11.399999999999975, 628, 0.2110161156287389
630, 107, -10.599999999999978, 631, 0.3052175236398871
631, 154, -15.299999999999962, 647, 0.20317322926097914
632, 225, -22.40000000000005, 657, 0.29246632001243583
633, 225, -22.40000000000005, 653, 0.3759905797965528
634, 111, -10.999999999999977, 658, 0.17589213457233843
635, 75, -7.39999999999999, 639, 0.23915808094696045
636, 65, -6.399999999999993, 654, 0.2006639148993017
637, 157, -15.59999999999996, 658, 0.27315756518267675
638, 225, -22.40000000000005, 631, 0.22939337673994764
639, 118, -11.699999999999974, 651, 0.17626154376103997
640, 139, -13.799999999999967, 648, 0.23095633007609973
641, 109, -10.799999999999978, 641, 0.3432571306560339
642, 135, -13.399999999999968, 656, 0.2768703484110371
643, 56, -5.4999999999999964, 638, 0.28615320135833633
644, 87, -8.599999999999985, 648, 0.41446756271472607
645, 60, -5.899999999999995, 658, 0.1520834364593744
646, 53, -5.1999999999999975, 662, 0.1797566628599725
647, 225, -22.40000000000005, 645, 0.33496877227761557
648, 135, -13.399999999999968, 655, 0.2188129242911342
649, 203, -20.200000000000017, 662, 0.3034947856220931
650, 107, -10.599999999999978, 654, 0.2354084316406566
651, 53, -5.1999999999999975, 661, 0.2664067391999163
652, 47, -4.6, 646, 0.21178241736317371
653, 104, -10.29999999999998, 668, 0.24095469116143153
654, 69, -6.799999999999992, 665, 0.3289771506269541
655, 225, -22.40000000000005, 667, 0.3745167006854704
656, 225, -22.40000000000005, 663, 0.2694808211529929
657, 90, -8.899999999999984, 663, 0.31961911710133517
658, 99, -9.799999999999981, 675, 0.21575329975407342
659, 225, -22.40000000000005, 677, 0.17073085254037146
660, 99, -9.799999999999981, 677, 0.2051845581893521
661, 74, -7.29999999999999, 672, 0.3243824311933632
662, 135, -13.399999999999968, 664, 0.26606124816085996
663, 93, -9.199999999999983, 671, 0.22085575818074354
664, 97, -9.599999999999982, 678, 0.22285928841346658
665, 56, -5.4999999999999964, 644, 0.30926135593883775
666, 62, -6.099999999999994, 687, 0.26812890663533206
667, 171, -16.99999999999997, 664, 0.3728461308908271
668, 122, -12.099999999999973, 674, 0.21915510191357357
669, 225, -22.40000000000005, 670, 0.2971167587024399
670, 157, -15.59999999999996, 673, 0.3093337759023327
671, 153, -15.199999999999962, 676, 0.20703255413526378
672, 66, -6.499999999999993, 667, 1.2575003688724302
673, 76, -7.499999999999989, 667, 0.24136612873535368
674, 221, -22.000000000000043, 682, 0.24364982294313187
675, 225, -22.40000000000005, 683, 1.3350051376176735
676, 72, -7.099999999999991, 678, 0.2453366822767975
677, 95, -9.399999999999983, 679, 0.26180451054484877
678, 225, -22.40000000000005, 680, 0.36285230299781146
679, 78, -7.699999999999989, 673, 0.259977843264112
680, 115, -11.399999999999975, 679, 0.4053142789117019
681, 225, -22.40000000000005, 681, 0.299361554105541
682, 89, -8.799999999999985, 671, 0.23081371891831504
683, 81, -7.999999999999988, 662, 0.28464028439406164
684, 103, -10.19999999999998, 696, 0.23960566115728987
685, 225, -22.40000000000005, 691, 0.2471845440407101
686, 134, -13.299999999999969, 670, 0.16357199494488672
687, 65, -6.399999999999993, 689, 0.2394738521058012
688, 225, -22.40000000000005, 679, 0.2523503610444484
689, 58, -5.699999999999996, 707, 0.30241773028686225
690, 225, -22.40000000000005, 701, 0.2780829245243135
691, 118, -11.699999999999974, 677, 0.20193282281054303
692, 191, -19.0, 708, 0.334514230247666
693, 225, -22.40000000000005, 698, 0.21737748018659575
694, 225, -22.40000000000005, 694, 0.21000065366399623
695, 88, -8.699999999999985, 695, 0.3102150100094351
696, 225, -22.40000000000005, 696, 0.28511761730294083
697, 225, -22.40000000000005, 698, 0.2853832683119437
698, 135, -13.399999999999968, 700, 0.2218599059200148
699, 71, -6.999999999999991, 693, 0.2495118765162161
700, 101, -9.99999999999998, 684, 0.143637049671681
701, 115, -11.399999999999975, 683, 0.25892677563496225
702, 225, -22.40000000000005, 700, 0.21621151878140543
703, 145, -14.399999999999965, 695, 0.18467063464687694
704, 106, -10.499999999999979, 707, 0.19191237273760964
705, 70, -6.8999999999999915, 716, 0.2241809602485525
706, 225, -22.40000000000005, 706, 0.1931254181210056
707, 114, -11.299999999999976, 713, 0.2680219995412454
708, 143, -14.199999999999966, 696, 0.26558621223857704
709, 108, -10.699999999999978, 712, 0.2657637425072843
710, 83, -8.199999999999987, 708, 0.1509401199547975
711, 136, -13.499999999999968, 711, 0.1929319153278639
712, 65, -6.399999999999993, 702, 0.22007695730806054
713, 168, -16.699999999999967, 708, 0.33013122076062507
714, 160, -15.89999999999996, 721, 0.2588126784850304
715, 145, -14.399999999999965, 709, 0.24638944371231808
716, 121, -11.999999999999973, 706, 0.2621648509838206
717, 118, -11.699999999999974, 715, 0.24980913973194774
718, 225, -22.40000000000005, 722, 0.26195339134213524
719, 64, -6.299999999999994, 696, 0.19438188454851835
720, 209, -20.800000000000026, 714, 0.42187745719948255
721, 204, -20.30000000000002, 720, 0.28483918655902785
722, 225, -22.40000000000005, 724, 0.25787539553706695
723, 103, -10.19999999999998, 699, 0.29433696626697126
724, 107, -10.599999999999978, 708, 0.41019381817704714
725, 111, -10.999999999999977, 712, 0.24982136653552
726, 76, -7.499999999999989, 744, 0.2143552495590657
727, 119, -11.799999999999974, 726, 0.3081550630703993
728, 76, -7.499999999999989, 729, 0.18845448561974498
729, 225, -22.40000000000005, 743, 0.31568464236109994
730, 54, -5.299999999999997, 721, 0.2835589558907219
731, 100, -9.89999999999998, 722, 0.22126858224737145
732, 187, -18.599999999999994, 738, 0.31637706837092994
733, 57, -5.599999999999996, 716, 0.3329220413898386
734, 65, -6.399999999999993, 717, 0.2693013391415091
735, 225, -22.40000000000005, 738, 0.26612810128430797
736, 106, -10.499999999999979, 726, 0.28062052559511486
737, 225, -22.40000000000005, 734, 0.29926734470748206
738, 156, -15.499999999999961, 729, 0.2919426006703296
739, 225, -22.40000000000005, 746, 0.303502609978183
740, 177, -17.59999999999998, 739, 0.23514004123749155
741, 186, -18.499999999999993, 727, 0.18231997662517951
742, 130, -12.89999999999997, 745, 0.13389028920390178
743, 225, -22.40000000000005, 736, 0.4267417876378028
744, 172, -17.099999999999973, 755, 0.2691995538308234
745, 225, -22.40000000000005, 740, 0.2874590798318568
746, 74, -7.29999999999999, 730, 0.2478061737684727
747, 108, -10.699999999999978, 729, 0.24587688148391518
748, 161, -15.99999999999996, 722, 0.2456944152672369
749, 133, -13.199999999999969, 713, 0.26614947761313346
750, 210, -20.900000000000027, 743, 0.16968482457372192
751, 136, -13.499999999999968, 743, 0.32500900832112656
752, 108, -10.699999999999978, 737, 0.2991247849773764
753, 108, -10.699999999999978, 744, 0.21691856730099923
754, 225, -22.40000000000005, 735, 0.26664399273179873
755, 219, -21.80000000000004, 738, 0.21927605021483385
756, 115, -11.399999999999975, 757, 0.3365946972715661
757, 225, -22.40000000000005, 731, 0.2718900696653752
758, 152, -15.099999999999962, 749, 0.19306106394450984
759, 119, -11.799999999999974, 761, 0.29471849118417337
760, 76, -7.499999999999989, 740, 0.3924304758401105
761, 90, -8.899999999999984, 736, 0.19234820395168684
762, 152, -15.099999999999962, 741, 0.3941316515766873
763, 157, -15.59999999999996, 732, 0.20910115693830442
764, 147, -14.599999999999964, 736, 0.346254300681899
765, 69, -6.799999999999992, 732, 0.3330168866680516
766, 52, -5.099999999999998, 753, 0.22441167380552807
767, 87, -8.599999999999985, 759, 0.20518606195687372
768, 225, -22.40000000000005, 761, 0.21058571173047413
769, 225, -22.40000000000005, 751, 0.21349122956297606
770, 73, -7.19999999999999, 757, 0.29784625385763785
771, 120, -11.899999999999974, 766, 0.21702632942897848
772, 171, -16.99999999999997, 752, 0.26940210176430845
773, 180, -17.899999999999984, 772, 0.24299818349625046
774, 123, -12.199999999999973, 784, 0.29809586844237135
775, 109, -10.799999999999978, 751, 0.23125996580182795
776, 80, -7.899999999999988, 773, 0.263968632866455
777, 225, -22.40000000000005, 754, 0.2347806247333466
778, 181, -17.999999999999986, 759, 0.23786168357457305
779, 77, -7.599999999999989, 775, 0.27259772549357564
780, 138, -13.699999999999967, 768, 0.3489670395712785
781, 157, -15.59999999999996, 759, 0.2846729184412464
782, 225, -22.40000000000005, 767, 0.2241440448799903
783, 58, -5.699999999999996, 769, 0.3180774300495831
784, 158, -15.69999999999996, 782, 0.37026839517722543
785, 225, -22.40000000000005, 761, 0.3340812242542244
786, 167, -16.599999999999966, 762, 0.25790290880802036
787, 225, -22.40000000000005, 785, 0.2219993727410754
788, 82, -8.099999999999987, 772, 0.22468286575943663
789, 121, -11.999999999999973, 770, 0.27727749675540636
790, 72, -7.099999999999991, 772, 0.2990565206264906
791, 109, -10.799999999999978, 778, 0.30971488690188753
792, 225, -22.40000000000005, 766, 0.30666742031895655
793, 144, -14.299999999999965, 794, 0.27234135132191195
794, 156, -15.499999999999961, 749, 0.18842589286828115
795, 162, -16.09999999999996, 778, 0.2748586690071382
796, 225, -22.40000000000005, 790, 0.26415661196160156
797, 225, -22.40000000000005, 772, 0.26365900173852985
798, 149, -14.799999999999963, 792, 0.2692779940169583
799, 117, -11.599999999999975, 771, 0.23577758257023396
800, 225, -22.40000000000005, 780, 0.21343148385042587
801, 107, -10.599999999999978, 772, 0.18625867464723234
802, 225, -22.40000000000005, 781, 0.20206986615263745
803, 225, -22.40000000000005, 785, 0.332277070587629
804, 225, -22.40000000000005, 784, 0.3304102665333746
805, 55, -5.399999999999997, 772, 0.3089152153920698
806, 225, -22.40000000000005, 782, 0.25863586628797686
807, 77, -7.599999999999989, 785, 0.202222223280625
808, 225, -22.40000000000005, 780, 1.5456034588386902
809, 70, -6.8999999999999915, 778, 0.20474021036529333
810, 177, -17.59999999999998, 782, 0.24360904118208015
811, 225, -22.40000000000005, 789, 0.2207096792771086
812, 225, -22.40000000000005, 791, 0.24606943068779197
813, 196, -19.500000000000007, 774, 0.40986827591870156
814, 98, -9.699999999999982, 785, 0.28467147556186734
815, 225, -22.40000000000005, 791, 0.25707577084316124
816, 96, -9.499999999999982, 818, 0.3275024678917995
817, 159, -15.79999999999996, 777, 0.2997842562543521
818, 225, -22.40000000000005, 787, 0.3555145221500915
819, 196, -19.500000000000007, 793, 0.30963329796219163
820, 98, -9.699999999999982, 783, 0.30827558009692213
821, 184, -18.29999999999999, 804, 0.20436150658383712
822, 120, -11.899999999999974, 774, 0.2881912145848804
823, 115, -11.399999999999975, 773, 0.29008681415179227
824, 141, -13.999999999999966, 807, 0.1903136630234732
825, 106, -10.499999999999979, 805, 0.23432210413435683
826, 225, -22.40000000000005, 814, 0.24609307719223406
827, 225, -22.40000000000005, 822, 0.4166926283575345
828, 165, -16.399999999999963, 788, 0.25791940192814655
829, 73, -7.19999999999999, 805, 0.3152203836673304
830, 104, -10.29999999999998, 805, 0.3483230548135201
831, 95, -9.399999999999983, 802, 0.23624912572746104
832, 158, -15.69999999999996, 777, 0.19378968711465294
833, 91, -8.999999999999984, 796, 0.24428543299772443
834, 196, -19.500000000000007, 799, 0.19263107624576237
835, 225, -22.40000000000005, 824, 0.24681014381879507
836, 165, -16.399999999999963, 795, 0.27358121121338996
837, 85, -8.399999999999986, 791, 1.6164134032386217
838, 126, -12.499999999999972, 805, 0.27090535733044097
839, 75, -7.39999999999999, 812, 0.19401182366297087
840, 169, -16.79999999999997, 798, 0.21154542859261605
841, 62, -6.099999999999994, 822, 0.2910957510643666
842, 166, -16.499999999999964, 799, 0.21121618515592733
843, 63, -6.199999999999994, 813, 0.1713715122164663
844, 225, -22.40000000000005, 804, 0.24110779965181672
845, 99, -9.799999999999981, 805, 0.25098326847358876
846, 210, -20.900000000000027, 830, 0.2508813204181325
847, 225, -22.40000000000005, 808, 0.35157173079847803
848, 136, -13.499999999999968, 798, 0.23266742058606615
849, 154, -15.299999999999962, 807, 0.24908595782497756
850, 82, -8.099999999999987, 818, 0.2956521101911056
851, 200, -19.900000000000013, 834, 0.3230414143201399
852, 225, -22.40000000000005, 803, 0.2713129207082807
853, 156, -15.499999999999961, 821, 0.30966958541853895
854, 93, -9.199999999999983, 852, 0.2449577131077585
855, 52, -5.099999999999998, 820, 0.16772372840055727
856, 118, -11.699999999999974, 810, 0.12878643172561666
857, 178, -17.69999999999998, 818, 0.23895694370214415
858, 117, -11.599999999999975, 819, 0.2214249594345854
859, 196, -19.500000000000007, 825, 0.19271247681847758
860, 161, -15.99999999999996, 818, 0.19903068929592949
861, 225, -22.40000000000005, 833, 0.19218953544592265
862, 126, -12.499999999999972, 820, 0.1643606047005659
863, 203, -20.200000000000017, 832, 0.3378213341203926
864, 225, -22.40000000000005, 831, 0.44215177602847566
865, 175, -17.399999999999977, 843, 0.303724302621049
866, 192, -19.1, 824, 0.3019995755250311
867, 189, -18.799999999999997, 840, 0.2899759632473238
868, 184, -18.29999999999999, 837, 0.20721889867447352
869, 225, -22.40000000000005, 853, 0.24847490126114513
870, 222, -22.100000000000044, 809, 0.31612363308691327
871, 225, -22.40000000000005, 836, 0.24540798327371327
872, 225, -22.40000000000005, 850, 0.2242715211368007
873, 125, -12.399999999999972, 834, 0.29233659855487193
874, 211, -21.00000000000003, 835, 0.36304551467463986
875, 122, -12.099999999999973, 828, 0.26700030104093475
876, 225, -22.40000000000005, 849, 0.2046754468888784
877, 113, -11.199999999999976, 820, 0.2404426690891624
878, 197, -19.60000000000001, 850, 0.32017208533768926
879, 225, -22.40000000000005, 841, 0.27943462341151437
880, 203, -20.200000000000017, 837, 0.21956773213898284
881, 101, -9.99999999999998, 844, 0.2829342361134972
882, 112, -11.099999999999977, 842, 0.1796481718491909
883, 102, -10.09999999999998, 844, 0.2702540127892852
884, 85, -8.399999999999986, 868, 0.279588618541569
885, 157, -15.59999999999996, 834, 0.4157237573823678
886, 225, -22.40000000000005, 853, 0.20184428456800374
887, 164, -16.29999999999996, 841, 0.3085635338091022
888, 225, -22.40000000000005, 829, 0.28113304106395054
889, 86, -8.499999999999986, 838, 0.24146951124810934
890, 64, -6.299999999999994, 848, 0.34916775443037285
891, 96, -9.499999999999982, 851, 0.2424175222669267
892, 89, -8.799999999999985, 853, 0.26972147840921457
893, 211, -21.00000000000003, 850, 0.27469430608536016
894, 225, -22.40000000000005, 849, 0.3557129938167931
895, 225, -22.40000000000005, 848, 0.2457685648640653
896, 146, -14.499999999999964, 837, 0.30957388949784637
897, 107, -10.599999999999978, 871, 0.345219390438805
898, 74, -7.29999999999999, 835, 0.23481372150458535
899, 74, -7.29999999999999, 862, 0.21221518453111
900, 132, -13.09999999999997, 861, 0.25472316407361006
901, 130, -12.89999999999997, 860, 0.2775479097317346
902, 166, -16.499999999999964, 832, 0.27110690337565224
903, 70, -6.8999999999999915, 847, 0.2202925211538982
904, 80, -7.899999999999988, 865, 0.26560201071712686
905, 205, -20.40000000000002, 857, 0.34823522695340026
906, 225, -22.40000000000005, 858, 0.23632917072059428
907, 62, -6.099999999999994, 849, 0.19684621952645953
908, 67, -6.5999999999999925, 872, 0.257685181815702
909, 109, -10.799999999999978, 846, 0.2298205530144779
910, 225, -22.40000000000005, 852, 0.2615539277726169
911, 94, -9.299999999999983, 855, 1.0735788343507355
912, 73, -7.19999999999999, 885, 0.31865583007324005
913, 225, -22.40000000000005, 865, 0.2702405708893205
914, 109, -10.799999999999978, 860, 0.2407515306434047
915, 64, -6.299999999999994, 862, 0.2240001402492675
916, 81, -7.999999999999988, 867, 0.19776473578926046
917, 83, -8.199999999999987, 852, 0.2781258527697352
918, 52, -5.099999999999998, 893, 0.2237526195139592
919, 89, -8.799999999999985, 873, 0.20267331497240915
920, 197, -19.60000000000001, 865, 0.2707886839145157
921, 182, -18.099999999999987, 883, 0.3468582572287846
922, 50, -4.899999999999999, 864, 0.23842925408839744
923, 173, -17.199999999999974, 855, 0.27675437814442017
924, 225, -22.40000000000005, 872, 0.24167753946590032
925, 225, -22.40000000000005, 875, 0.32237134813768753
926, 138, -13.699999999999967, 867, 0.2373689357022406
927, 74, -7.29999999999999, 878, 0.22405994755999492
928, 98, -9.699999999999982, 870, 0.2541785844041744
929, 72, -7.099999999999991, 870, 0.23184157726703636
930, 88, -8.699999999999985, 877, 0.28238584810245193
931, 225, -22.40000000000005, 885, 0.18676110125144918
932, 108, -10.699999999999978, 863, 0.27047557826844426
933, 92, -9.099999999999984, 892, 0.31235714890224786
934, 150, -14.899999999999963, 862, 0.30929471876726433
935, 225, -22.40000000000005, 872, 0.20799335265800112
936, 125, -12.399999999999972, 897, 0.23692575684846817
937, 225, -22.40000000000005, 875, 0.22755774954408592
938, 67, -6.5999999999999925, 900, 0.25476574259762685
939, 53, -5.1999999999999975, 887, 0.29791805147917794
940, 54, -5.299999999999997, 877, 0.157741456273223
941, 222, -22.100000000000044, 900, 0.3074858043183011
942, 86, -8.499999999999986, 897, 0.2587098360785016
943, 129, -12.79999999999997, 872, 0.4079393410637968
944, 225, -22.40000000000005, 887, 0.18836377868266596
945, 201, -20.000000000000014, 905, 0.21723077850181904
946, 114, -11.299999999999976, 911, 0.38756997624849765
947, 130, -12.89999999999997, 877, 0.3171212077429182
948, 87, -8.599999999999985, 882, 0.25165178746970895
949, 214, -21.300000000000033, 902, 0.16883627759501785
950, 225, -22.40000000000005, 911, 0.2061497208920493
951, 80, -7.899999999999988, 892, 0.21083999991794405
952, 99, -9.799999999999981, 883, 0.2570753539908471
953, 72, -7.099999999999991, 873, 0.14388077976175606
954, 185, -18.39999999999999, 900, 0.21733779422397226
955, 59, -5.799999999999995, 894, 0.3032972657758082
956, 119, -11.799999999999974, 907, 0.14827706969224552
957, 225, -22.40000000000005, 909, 0.32914294625668505
958, 92, -9.099999999999984, 884, 0.19572202446887288
959, 96, -9.499999999999982, 879, 0.25222588997641493
960, 103, -10.19999999999998, 884, 0.3332398655027897
961, 95, -9.399999999999983, 896, 0.2046950198675681
962, 117, -11.599999999999975, 912, 0.22894824045562956
963, 132, -13.09999999999997, 882, 0.2783674720021172
964, 91, -8.999999999999984, 900, 0.26025296934851366
965, 79, -7.799999999999988, 916, 0.32600349962852215
966, 92, -9.099999999999984, 913, 0.2594743768493588
967, 116, -11.499999999999975, 892, 0.2901457349190153
968, 141, -13.999999999999966, 904, 0.20100468965288876
969, 225, -22.40000000000005, 900, 0.2603886188985627
970, 65, -6.399999999999993, 903, 0.37293810660987026
971, 93, -9.199999999999983, 916, 0.22111213122892914
972, 157, -15.59999999999996, 915, 0.21321818383000335
973, 225, -22.40000000000005, 895, 0.34397492457312917
974, 195, -19.400000000000006, 928, 0.19117783511092856
975, 82, -8.099999999999987, 889, 0.19839693519508067
976, 225, -22.40000000000005, 917, 0.19954775442743822
977, 225, -22.40000000000005, 917, 0.19058672288434098
978, 73, -7.19999999999999, 907, 0.2621627942747826
979, 92, -9.099999999999984, 914, 0.18451748929790535
980, 113, -11.199999999999976, 925, 0.3531561179875773
981, 53, -5.1999999999999975, 933, 0.2874652341795203
982, 143, -14.199999999999966, 933, 0.4394227556662491
983, 127, -12.599999999999971, 942, 0.19292623920090324
984, 77, -7.599999999999989, 936, 0.21438068443756597
985, 67, -6.5999999999999925, 913, 0.23976637374166687
986, 225, -22.40000000000005, 922, 0.2564152504874514
987, 155, -15.399999999999961, 918, 0.21170546686490388
988, 161, -15.99999999999996, 937, 0.32603660044652516
989, 116, -11.499999999999975, 944, 0.3591338364937773
990, 225, -22.40000000000005, 930, 0.25131661597779975
991, 225, -22.40000000000005, 946, 0.2745594362252888
992, 117, -11.599999999999975, 923, 0.281138337281698
993, 206, -20.50000000000002, 931, 0.2884893953636851
994, 79, -7.799999999999988, 942, 0.2261112041185218
995, 185, -18.39999999999999, 936, 0.37377377116953525
996, 121, -11.999999999999973, 939, 0.35478666589173935
997, 93, -9.199999999999983, 937, 0.2363037500043359
998, 76, -7.499999999999989, 922, 0.30085263741467916
999, 85, -8.399999999999986, 917, 0.23313400137052964
1000, 133, -13.199999999999969, 932, 0.1940414899043117
