Episode, Steps, Reward, Time (in milliseconds), Convergence
1, 225, -22.40000000000005, 65, 0.018990000000000007
2, 225, -22.40000000000005, 58, 0.016200000000000006
3, 225, -22.40000000000005, 87, 0.15523380423831176
4, 225, -22.40000000000005, 100, 0.01656567631924938
5, 225, -22.40000000000005, 119, 0.21312799148439238
6, 225, -22.40000000000005, 144, 0.0151014917314104
7, 225, -22.40000000000005, 155, 0.08666197740972126
8, 225, -22.40000000000005, 152, 0.19853898398893555
9, 225, -22.40000000000005, 172, 0.01655096643090892
10, 225, -22.40000000000005, 190, 0.1981514430155893
11, 225, -22.40000000000005, 139, 0.19857947523778918
12, 225, -22.40000000000005, 181, 0.01811369024168903
13, 225, -22.40000000000005, 185, 0.1864188856687891
14, 225, -22.40000000000005, 212, 0.015262378041896119
15, 225, -22.40000000000005, 218, 0.014758735701559833
16, 225, -22.40000000000005, 250, 0.01555599746951511
17, 225, -22.40000000000005, 224, 0.015811854079931464
18, 225, -22.40000000000005, 240, 0.19537718807324378
19, 225, -22.40000000000005, 259, 0.014675895783792026
20, 225, -22.40000000000005, 268, 0.01921774871760945
21, 225, -22.40000000000005, 300, 0.014123708950258163
22, 225, -22.40000000000005, 287, 0.19721583012697597
23, 225, -22.40000000000005, 321, 0.016420082249343243
24, 225, -22.40000000000005, 309, 0.01677109949768496
25, 225, -22.40000000000005, 319, 0.017640966874574254
26, 225, -22.40000000000005, 326, 0.08512730159673265
27, 225, -22.40000000000005, 321, 0.03039417352306284
28, 225, -22.40000000000005, 309, 0.01571209222852149
29, 225, -22.40000000000005, 333, 0.019614036726111506
30, 225, -22.40000000000005, 355, 0.01611160808415857
31, 225, -22.40000000000005, 361, 0.019863480613550477
32, 225, -22.40000000000005, 353, 0.01807512161148317
33, 225, -22.40000000000005, 349, 0.01934640949428923
34, 225, -22.40000000000005, 397, 0.020870141712807475
35, 225, -22.40000000000005, 364, 0.016762282999476352
36, 225, -22.40000000000005, 392, 0.019648576111028715
37, 225, -22.40000000000005, 380, 0.01752364000419382
38, 225, -22.40000000000005, 410, 0.017510015006932056
39, 225, -22.40000000000005, 393, 0.13063321773350722
40, 225, -22.40000000000005, 378, 0.14740937347902738
41, 225, -22.40000000000005, 408, 0.02245849464949995
42, 225, -22.40000000000005, 419, 0.020314534003932155
43, 225, -22.40000000000005, 428, 0.016962527082243772
44, 225, -22.40000000000005, 413, 0.019305819083210274
45, 225, -22.40000000000005, 418, 0.015934947568293722
46, 225, -22.40000000000005, 441, 0.019616062406601742
47, 225, -22.40000000000005, 446, 0.01567472052938057
48, 225, -22.40000000000005, 454, 0.054338474924734204
49, 225, -22.40000000000005, 426, 0.019650659533849257
50, 225, -22.40000000000005, 460, 0.014430968646157671
51, 225, -22.40000000000005, 453, 0.20171816255680275
52, 225, -22.40000000000005, 504, 0.19584349737448625
53, 225, -22.40000000000005, 456, 0.018885618089456713
54, 225, -22.40000000000005, 453, 0.015451681460856626
55, 225, -22.40000000000005, 454, 0.01590545211073735
56, 225, -22.40000000000005, 480, 0.19710801719683824
57, 225, -22.40000000000005, 487, 0.019743649530705565
58, 225, -22.40000000000005, 498, 0.19317613726952532
59, 225, -22.40000000000005, 457, 0.017850057362014837
60, 225, -22.40000000000005, 498, 0.027396940143178228
61, 225, -22.40000000000005, 494, 0.022631068213376043
62, 225, -22.40000000000005, 494, 0.020240371337070018
63, 225, -22.40000000000005, 525, 0.19700345734772862
64, 225, -22.40000000000005, 511, 0.02543666797556199
65, 225, -22.40000000000005, 485, 0.0225693563214574
66, 225, -22.40000000000005, 536, 0.017575110056367027
67, 225, -22.40000000000005, 524, 0.20636123294625208
68, 225, -22.40000000000005, 524, 0.018651292684703114
69, 225, -22.40000000000005, 518, 0.015244198958733968
70, 225, -22.40000000000005, 525, 0.01998964301812889
71, 225, -22.40000000000005, 532, 0.018120035671530088
72, 225, -22.40000000000005, 538, 0.017414403718895966
73, 225, -22.40000000000005, 528, 0.022272094455587033
74, 225, -22.40000000000005, 560, 0.01652001633682132
75, 225, -22.40000000000005, 562, 0.018090196080347898
76, 225, -22.40000000000005, 535, 0.01901332280899326
77, 225, -22.40000000000005, 572, 0.016582347300414524
78, 225, -22.40000000000005, 556, 0.05350759882983569
79, 225, -22.40000000000005, 560, 0.016941871082259086
80, 225, -22.40000000000005, 595, 0.025167658035992357
81, 225, -22.40000000000005, 565, 0.19916215982352414
82, 225, -22.40000000000005, 573, 0.019313733236911212
83, 225, -22.40000000000005, 576, 0.01339596292603873
84, 225, -22.40000000000005, 568, 0.02627864353726589
85, 225, -22.40000000000005, 611, 0.016368718433362517
86, 225, -22.40000000000005, 607, 0.013440399081066756
87, 225, -22.40000000000005, 591, 0.0236075045820609
88, 225, -22.40000000000005, 621, 0.02310756330085123
89, 225, -22.40000000000005, 625, 0.02210527305879917
90, 225, -22.40000000000005, 583, 0.022067827957777952
91, 225, -22.40000000000005, 613, 0.022139729455452672
92, 225, -22.40000000000005, 619, 0.02217677411725205
93, 225, -22.40000000000005, 632, 0.01408956954173557
94, 225, -22.40000000000005, 589, 0.026318923239401104
95, 225, -22.40000000000005, 617, 0.015585614161203187
96, 225, -22.40000000000005, 623, 0.017066653256442965
97, 225, -22.40000000000005, 649, 0.01759107967667306
98, 225, -22.40000000000005, 637, 0.02502926542555628
99, 225, -22.40000000000005, 613, 0.01972000029033194
100, 225, -22.40000000000005, 605, 0.022149211392865242
101, 225, -22.40000000000005, 649, 0.013559416074766961
102, 225, -22.40000000000005, 625, 0.02269301263848922
103, 225, -22.40000000000005, 642, 0.01583315062239332
104, 175, -17.399999999999977, 662, 0.02330494257210819
105, 225, -22.40000000000005, 654, 0.013520606203139884
106, 225, -22.40000000000005, 669, 0.021945303100911473
107, 225, -22.40000000000005, 659, 0.021179355265308453
108, 225, -22.40000000000005, 653, 0.027089511723669912
109, 225, -22.40000000000005, 632, 0.018220581154561044
110, 225, -22.40000000000005, 664, 0.030410776012380847
111, 225, -22.40000000000005, 667, 0.022966451225431173
112, 114, -11.299999999999976, 691, 0.01901636215245417
113, 225, -22.40000000000005, 668, 0.02491966527347589
114, 225, -22.40000000000005, 678, 0.022099550036175808
115, 136, -13.499999999999968, 673, 0.023716651641335768
116, 225, -22.40000000000005, 698, 0.022871011459600632
117, 225, -22.40000000000005, 704, 0.02340119423995185
118, 153, -15.199999999999962, 690, 0.025329587635905593
119, 193, -19.200000000000003, 709, 0.02666294328785679
120, 225, -22.40000000000005, 697, 0.02352824379913937
121, 225, -22.40000000000005, 706, 0.02126209241354904
122, 225, -22.40000000000005, 709, 0.01801474515815693
123, 225, -22.40000000000005, 689, 0.017349763037329158
124, 203, -20.200000000000017, 703, 0.02165701586316099
125, 225, -22.40000000000005, 702, 0.015714248132051356
126, 225, -22.40000000000005, 728, 0.02264775211016684
127, 225, -22.40000000000005, 711, 0.023763827985109176
128, 225, -22.40000000000005, 732, 0.1865246763347761
129, 115, -11.399999999999975, 730, 0.02482178746161956
130, 225, -22.40000000000005, 716, 0.017560810018831585
131, 225, -22.40000000000005, 723, 0.0201201991602471
132, 225, -22.40000000000005, 743, 0.0288205794617713
133, 225, -22.40000000000005, 760, 0.02109798427443621
134, 225, -22.40000000000005, 729, 0.023116451406386185
135, 225, -22.40000000000005, 752, 0.02616628428189982
136, 110, -10.899999999999977, 724, 0.01670428191519946
137, 113, -11.199999999999976, 748, 0.1792899521459188
138, 225, -22.40000000000005, 739, 0.020634091381336095
139, 225, -22.40000000000005, 738, 0.024589876668140942
140, 91, -8.999999999999984, 742, 0.022079855347989064
141, 225, -22.40000000000005, 746, 0.023016042948077742
142, 52, -5.099999999999998, 743, 0.021866611396822666
143, 225, -22.40000000000005, 781, 0.022485344423261777
144, 225, -22.40000000000005, 778, 0.01960449430410094
145, 225, -22.40000000000005, 744, 0.013322688988655074
146, 225, -22.40000000000005, 766, 0.02360284309857763
147, 225, -22.40000000000005, 772, 0.018216499724896362
148, 223, -22.200000000000045, 771, 0.017549113186652754
149, 202, -20.100000000000016, 744, 0.024557230747695558
150, 225, -22.40000000000005, 760, 0.02466548493105425
151, 225, -22.40000000000005, 809, 0.019862620883013715
152, 225, -22.40000000000005, 781, 0.021759667348957012
153, 225, -22.40000000000005, 794, 0.022964873981984768
154, 220, -21.90000000000004, 772, 0.026656556867729164
155, 225, -22.40000000000005, 783, 0.02677626512641612
156, 225, -22.40000000000005, 755, 0.210764572775328
157, 225, -22.40000000000005, 763, 0.024328066046346075
158, 189, -18.799999999999997, 794, 0.02474596885721314
159, 225, -22.40000000000005, 787, 0.02568043672800141
160, 201, -20.000000000000014, 790, 0.029498568715475182
161, 90, -8.899999999999984, 796, 0.025619665079612552
162, 225, -22.40000000000005, 812, 0.022254885596869167
163, 225, -22.40000000000005, 812, 0.022354835025374387
164, 225, -22.40000000000005, 809, 0.023678941585370872
165, 179, -17.799999999999983, 829, 0.02434899750887265
166, 225, -22.40000000000005, 827, 0.02203213636806811
167, 225, -22.40000000000005, 800, 0.022382230401544856
168, 120, -11.899999999999974, 792, 0.027446813205051213
169, 225, -22.40000000000005, 828, 0.022241106600197735
170, 66, -6.499999999999993, 825, 0.024693168111807162
171, 225, -22.40000000000005, 790, 0.02011073267526764
172, 78, -7.699999999999989, 832, 0.02962502436856118
173, 148, -14.699999999999964, 821, 0.021009017285984977
174, 91, -8.999999999999984, 840, 0.01968108174024219
175, 225, -22.40000000000005, 824, 0.010952048602463016
176, 81, -7.999999999999988, 822, 0.0252602591622777
177, 225, -22.40000000000005, 827, 0.024374873098809147
178, 76, -7.499999999999989, 808, 0.021513350770235917
179, 225, -22.40000000000005, 835, 0.023053188162082128
180, 205, -20.40000000000002, 840, 0.02323544119717691
181, 66, -6.499999999999993, 853, 0.0287458743851281
182, 225, -22.40000000000005, 833, 0.01762591634018773
183, 150, -14.899999999999963, 842, 0.019991658654342603
184, 103, -10.19999999999998, 837, 0.027027670333254344
185, 139, -13.799999999999967, 845, 0.023565918115097007
186, 99, -9.799999999999981, 826, 0.024016066316632
187, 65, -6.399999999999993, 853, 0.019448803857798236
188, 225, -22.40000000000005, 849, 0.03119848112336908
189, 225, -22.40000000000005, 874, 0.024647346755361732
190, 225, -22.40000000000005, 858, 0.020588438620563587
191, 53, -5.1999999999999975, 837, 0.015450920200717477
192, 211, -21.00000000000003, 875, 0.023278919101189954
193, 143, -14.199999999999966, 854, 0.025609036909392313
194, 159, -15.79999999999996, 883, 0.02473343584283888
195, 73, -7.19999999999999, 840, 0.022425284159212383
196, 141, -13.999999999999966, 869, 0.02246123121262089
197, 207, -20.600000000000023, 836, 0.01672094658905099
198, 69, -6.799999999999992, 885, 0.024760499980028605
199, 105, -10.399999999999979, 839, 0.022120254276936313
200, 47, -4.6, 869, 0.020334485564696747
201, 225, -22.40000000000005, 853, 0.01354226246054735
202, 225, -22.40000000000005, 898, 0.019205814624932316
203, 101, -9.99999999999998, 855, 0.023392746833295675
204, 65, -6.399999999999993, 871, 0.02472513505511048
205, 72, -7.099999999999991, 905, 0.023656181751495586
206, 225, -22.40000000000005, 891, 0.02665166829678861
207, 137, -13.599999999999968, 890, 0.018614938991031504
208, 104, -10.29999999999998, 910, 0.028994707511272033
209, 148, -14.699999999999964, 899, 0.022578650113601162
210, 57, -5.599999999999996, 884, 0.021704348252251426
211, 186, -18.499999999999993, 896, 0.025123503507610723
212, 225, -22.40000000000005, 922, 0.021830099003257497
213, 103, -10.19999999999998, 880, 0.018931515769682328
214, 116, -11.499999999999975, 916, 0.02499214783624082
215, 225, -22.40000000000005, 910, 0.024193245681824127
216, 225, -22.40000000000005, 914, 0.022391836904906537
217, 225, -22.40000000000005, 891, 0.020488829163184397
218, 225, -22.40000000000005, 892, 0.02069536643370551
219, 129, -12.79999999999997, 889, 0.0232656005821813
220, 225, -22.40000000000005, 907, 0.025829702805105548
221, 57, -5.599999999999996, 912, 0.025214376285926876
222, 225, -22.40000000000005, 939, 0.020041420131611254
223, 135, -13.399999999999968, 892, 0.01717902201556143
224, 176, -17.49999999999998, 930, 0.02203611027680652
225, 50, -4.899999999999999, 914, 0.025529980746704983
226, 131, -12.99999999999997, 915, 0.01714750304854462
227, 145, -14.399999999999965, 918, 0.02656758891085942
228, 116, -11.499999999999975, 913, 0.025156313740632097
229, 209, -20.800000000000026, 905, 0.02296100336468898
230, 225, -22.40000000000005, 929, 0.020204675465862243
231, 119, -11.799999999999974, 940, 0.025187533866354958
232, 225, -22.40000000000005, 907, 0.021958858333421816
233, 225, -22.40000000000005, 932, 0.022477908944793068
234, 168, -16.699999999999967, 938, 0.025411760602291
235, 54, -5.299999999999997, 935, 0.02086501078315528
236, 225, -22.40000000000005, 959, 0.019927562408530886
237, 225, -22.40000000000005, 928, 0.023579528236237823
238, 110, -10.899999999999977, 951, 0.024996889270289424
239, 148, -14.699999999999964, 961, 0.023697869877942757
240, 58, -5.699999999999996, 955, 0.01982895782941063
241, 225, -22.40000000000005, 949, 0.02176656912156727
242, 75, -7.39999999999999, 951, 0.021852600719812987
243, 67, -6.5999999999999925, 986, 0.02224834514868146
244, 88, -8.699999999999985, 956, 0.026826403509920604
245, 75, -7.39999999999999, 973, 0.021637556308339967
246, 60, -5.899999999999995, 950, 0.017205246999338453
247, 89, -8.799999999999985, 953, 0.022612971383389135
248, 225, -22.40000000000005, 998, 0.023974790487440223
249, 47, -4.6, 962, 0.020996986903405235
250, 62, -6.099999999999994, 965, 0.021603151794918674
251, 70, -6.8999999999999915, 952, 0.02274943761293069
252, 225, -22.40000000000005, 970, 0.025823398263278285
253, 71, -6.999999999999991, 943, 0.024714370029796706
254, 120, -11.899999999999974, 958, 0.02324431331808574
255, 80, -7.899999999999988, 966, 0.02225417151305198
256, 99, -9.799999999999981, 974, 0.02213274352131811
257, 112, -11.099999999999977, 966, 0.21076953871482318
258, 102, -10.09999999999998, 973, 0.023851690322491903
259, 225, -22.40000000000005, 952, 0.020431292275090662
260, 89, -8.799999999999985, 969, 0.02464535291962866
261, 50, -4.899999999999999, 958, 0.02254581109227205
262, 78, -7.699999999999989, 979, 0.022461628917119225
263, 87, -8.599999999999985, 983, 0.02588076386958227
264, 62, -6.099999999999994, 962, 0.02136447135762265
265, 225, -22.40000000000005, 987, 0.023292034629897262
266, 55, -5.399999999999997, 962, 0.021609402981758397
267, 71, -6.999999999999991, 988, 0.023883811127435317
268, 64, -6.299999999999994, 991, 0.023849813857981295
269, 72, -7.099999999999991, 1004, 0.02254440324949436
270, 87, -8.599999999999985, 991, 0.02437573527097725
271, 58, -5.699999999999996, 1009, 0.022687202073359836
272, 54, -5.299999999999997, 1008, 0.026017025588149834
273, 99, -9.799999999999981, 992, 0.023656840197026963
274, 80, -7.899999999999988, 988, 0.025916440822150166
275, 89, -8.799999999999985, 994, 0.02508175485337949
276, 53, -5.1999999999999975, 999, 0.02442267672467291
277, 98, -9.699999999999982, 998, 0.021666178670667113
278, 60, -5.899999999999995, 991, 0.021570735781729633
279, 141, -13.999999999999966, 1002, 0.024053676952548564
280, 52, -5.099999999999998, 986, 0.030418567871904556
281, 63, -6.199999999999994, 987, 0.024336128491414977
282, 87, -8.599999999999985, 987, 0.02436333551837011
283, 57, -5.599999999999996, 1009, 0.020155577197774166
284, 92, -9.099999999999984, 1012, 0.02339690199915745
285, 61, -5.999999999999995, 1020, 0.027606012190596052
286, 225, -22.40000000000005, 1030, 0.023773916696523678
287, 106, -10.499999999999979, 1011, 0.02897013740409353
288, 70, -6.8999999999999915, 1045, 0.023449689891629655
289, 69, -6.799999999999992, 1019, 0.02041123232387998
290, 62, -6.099999999999994, 1023, 0.027045167675234127
291, 48, -4.699999999999999, 1014, 0.025987980503785757
292, 65, -6.399999999999993, 1026, 0.021858723174276395
293, 83, -8.199999999999987, 1019, 0.02381276911243646
294, 191, -19.0, 1045, 0.02943994769948466
295, 54, -5.299999999999997, 1007, 0.024293415022480502
296, 116, -11.499999999999975, 1020, 0.025220448161031306
297, 78, -7.699999999999989, 1010, 0.025191435070775675
298, 59, -5.799999999999995, 1021, 0.02313167549240136
299, 69, -6.799999999999992, 1038, 0.02578101195472904
300, 63, -6.199999999999994, 1040, 0.027226591504981634
301, 54, -5.299999999999997, 1073, 0.027867029507543606
302, 182, -18.099999999999987, 1023, 0.025730786571673603
303, 48, -4.699999999999999, 1056, 0.0297775367965607
304, 143, -14.199999999999966, 1035, 0.023333196603771866
305, 97, -9.599999999999982, 1022, 0.028630177254549194
306, 56, -5.4999999999999964, 1075, 0.026298863370942227
307, 72, -7.099999999999991, 1031, 0.020473400773531214
308, 67, -6.5999999999999925, 1042, 0.02220866367303187
309, 94, -9.299999999999983, 1023, 0.027441308512259677
310, 64, -6.299999999999994, 1048, 0.0190140937889125
311, 58, -5.699999999999996, 1036, 0.030051290916518925
312, 97, -9.599999999999982, 1038, 0.023702437959799094
313, 96, -9.499999999999982, 1033, 0.02525729137427668
314, 66, -6.499999999999993, 1042, 0.022655496357752547
315, 225, -22.40000000000005, 1061, 0.024169199476853198
316, 53, -5.1999999999999975, 1031, 0.02234166713181933
317, 71, -6.999999999999991, 1036, 0.02248587846564898
318, 225, -22.40000000000005, 1052, 0.023630229625957094
319, 58, -5.699999999999996, 1062, 0.025250086805798266
320, 55, -5.399999999999997, 1066, 0.025986408472493616
321, 51, -4.999999999999998, 1036, 0.021656229612332822
322, 70, -6.8999999999999915, 1050, 0.02229646640016325
323, 51, -4.999999999999998, 1066, 0.027489986104996977
324, 52, -5.099999999999998, 1075, 0.022097601126332744
325, 60, -5.899999999999995, 1072, 0.023515252713020685
326, 72, -7.099999999999991, 1075, 0.02100788643808027
327, 225, -22.40000000000005, 1075, 0.024115733997283506
328, 65, -6.399999999999993, 1087, 0.023755132123085998
329, 104, -10.29999999999998, 1092, 0.024569545943430138
330, 53, -5.1999999999999975, 1092, 0.01974914274923556
331, 57, -5.599999999999996, 1085, 0.025350522196089686
332, 57, -5.599999999999996, 1071, 0.022648521816487632
333, 55, -5.399999999999997, 1101, 0.020501757046497038
334, 67, -6.5999999999999925, 1084, 0.02389943959588292
335, 56, -5.4999999999999964, 1085, 0.02452589433567942
336, 53, -5.1999999999999975, 1110, 0.027929831044536085
337, 62, -6.099999999999994, 1080, 0.02012818580585396
338, 55, -5.399999999999997, 1089, 0.02015206431844585
339, 49, -4.799999999999999, 1084, 0.023341054855388954
340, 48, -4.699999999999999, 1069, 0.018771487212683624
341, 69, -6.799999999999992, 1106, 0.025172207905849953
342, 83, -8.199999999999987, 1103, 0.02727549258852302
343, 64, -6.299999999999994, 1086, 0.19139982139089917
344, 54, -5.299999999999997, 1090, 0.024727619753381447
345, 54, -5.299999999999997, 1069, 0.0235965802748499
346, 62, -6.099999999999994, 1098, 0.022753168927122536
347, 55, -5.399999999999997, 1089, 0.021429985731714618
348, 51, -4.999999999999998, 1107, 0.02341566595030703
349, 55, -5.399999999999997, 1100, 0.19087524232463826
350, 58, -5.699999999999996, 1092, 0.024331730782612748
351, 53, -5.1999999999999975, 1086, 0.027474158497819645
352, 59, -5.799999999999995, 1107, 0.02284141258534733
353, 53, -5.1999999999999975, 1119, 0.0217465063792881
354, 60, -5.899999999999995, 1111, 0.024007485011651286
355, 57, -5.599999999999996, 1131, 0.027811955761948948
356, 67, -6.5999999999999925, 1114, 0.021335304537363153
357, 225, -22.40000000000005, 1079, 0.021390629207688194
358, 56, -5.4999999999999964, 1114, 0.026462098402648848
359, 70, -6.8999999999999915, 1102, 0.021075450358976733
360, 58, -5.699999999999996, 1103, 0.020198443391673204
361, 57, -5.599999999999996, 1123, 0.02058678298641431
362, 50, -4.899999999999999, 1099, 0.02194245906488035
363, 53, -5.1999999999999975, 1129, 0.022097253175155207
364, 65, -6.399999999999993, 1108, 0.02551566049220877
365, 44, -4.300000000000001, 1108, 0.022913140146449185
366, 62, -6.099999999999994, 1111, 0.022520550641250914
367, 47, -4.6, 1102, 0.022327789509487772
368, 52, -5.099999999999998, 1107, 0.02088875611380825
369, 115, -11.399999999999975, 1121, 0.01996809488414808
370, 44, -4.300000000000001, 1116, 0.02170401782190612
371, 61, -5.999999999999995, 1101, 0.021833235118178473
372, 49, -4.799999999999999, 1126, 0.027634948120115466
373, 225, -22.40000000000005, 1147, 0.023831868661868816
374, 60, -5.899999999999995, 1139, 0.028448174755302258
375, 64, -6.299999999999994, 1118, 0.015927878874669954
376, 58, -5.699999999999996, 1138, 0.024918962611010897
377, 64, -6.299999999999994, 1124, 0.02588624102075343
378, 61, -5.999999999999995, 1120, 0.2062915474083391
379, 58, -5.699999999999996, 1140, 0.030464625070986573
380, 51, -4.999999999999998, 1136, 0.025760279008712583
381, 50, -4.899999999999999, 1139, 0.14969861477981583
382, 45, -4.4, 1116, 0.20017782446432975
383, 47, -4.6, 1138, 0.022141543466125513
384, 72, -7.099999999999991, 1120, 0.025655880433621325
385, 62, -6.099999999999994, 1129, 0.021542444855157217
386, 48, -4.699999999999999, 1144, 0.019842959190508047
387, 52, -5.099999999999998, 1126, 0.02149273685696096
388, 51, -4.999999999999998, 1144, 0.01747794491921395
389, 58, -5.699999999999996, 1140, 0.01949704216543502
390, 71, -6.999999999999991, 1132, 0.021112680002404405
391, 72, -7.099999999999991, 1134, 0.022280604825708872
392, 55, -5.399999999999997, 1123, 0.01781372510334167
393, 54, -5.299999999999997, 1149, 0.024052906665521068
394, 43, -4.200000000000001, 1160, 0.023553210959758264
395, 60, -5.899999999999995, 1141, 0.023714667691186353
396, 57, -5.599999999999996, 1151, 0.021879326388870135
397, 61, -5.999999999999995, 1162, 0.017454893649089698
398, 51, -4.999999999999998, 1156, 0.023777887859812052
399, 42, -4.100000000000001, 1187, 0.025280011173759442
400, 57, -5.599999999999996, 1149, 0.023876995881762397
401, 51, -4.999999999999998, 1169, 0.022434172748518333
402, 56, -5.4999999999999964, 1175, 0.025715478150550197
403, 53, -5.1999999999999975, 1170, 0.02366194244009323
404, 59, -5.799999999999995, 1171, 0.023339288706155648
405, 60, -5.899999999999995, 1136, 0.019396411082572618
406, 51, -4.999999999999998, 1163, 0.021872675896310867
407, 51, -4.999999999999998, 1159, 0.023013007544157915
408, 57, -5.599999999999996, 1182, 0.02626124276570163
409, 52, -5.099999999999998, 1186, 0.021438291075315252
410, 53, -5.1999999999999975, 1170, 0.0216525389249409
411, 66, -6.499999999999993, 1184, 0.01818225725127265
412, 52, -5.099999999999998, 1155, 0.02318378396248222
413, 58, -5.699999999999996, 1183, 0.028138424147007735
414, 53, -5.1999999999999975, 1184, 0.02507421655915909
415, 56, -5.4999999999999964, 1167, 0.023845732186275725
416, 66, -6.499999999999993, 1173, 0.024305506647266495
417, 51, -4.999999999999998, 1151, 0.021207393654830042
418, 68, -6.699999999999992, 1148, 0.025175165857741266
419, 52, -5.099999999999998, 1184, 0.027299736124700713
420, 58, -5.699999999999996, 1192, 0.02586183099658168
421, 71, -6.999999999999991, 1181, 0.02388680101636398
422, 56, -5.4999999999999964, 1201, 0.0265337781597505
423, 55, -5.399999999999997, 1167, 0.02690098387306583
424, 59, -5.799999999999995, 1202, 0.022614689071648653
425, 55, -5.399999999999997, 1210, 0.02363219455010679
426, 56, -5.4999999999999964, 1178, 0.02807272462555399
427, 60, -5.899999999999995, 1174, 0.022142536017685455
428, 61, -5.999999999999995, 1213, 0.02455463147705972
429, 225, -22.40000000000005, 1164, 0.028071651241914797
430, 65, -6.399999999999993, 1191, 0.022982108841116733
431, 51, -4.999999999999998, 1195, 0.02285484390073811
432, 57, -5.599999999999996, 1168, 0.025493077202833225
433, 50, -4.899999999999999, 1181, 0.023991861013632487
434, 49, -4.799999999999999, 1188, 0.028061907260739316
435, 53, -5.1999999999999975, 1198, 0.02863689993319274
436, 47, -4.6, 1205, 0.02769922153344906
437, 85, -8.399999999999986, 1202, 0.02510805372680136
438, 51, -4.999999999999998, 1208, 0.021583816402397926
439, 46, -4.5, 1210, 0.023814518044296795
440, 52, -5.099999999999998, 1211, 0.023997065272276075
441, 52, -5.099999999999998, 1189, 0.018435834981862742
442, 59, -5.799999999999995, 1182, 0.025683123248138817
443, 56, -5.4999999999999964, 1197, 0.01749336552267744
444, 53, -5.1999999999999975, 1204, 0.027277250778818207
445, 55, -5.399999999999997, 1221, 0.022967957799180816
446, 54, -5.299999999999997, 1210, 0.023031141120449378
447, 60, -5.899999999999995, 1217, 0.024441521015913237
448, 64, -6.299999999999994, 1209, 0.020541136699277818
449, 52, -5.099999999999998, 1207, 0.027247118462601083
450, 65, -6.399999999999993, 1211, 0.02465247550122518
451, 50, -4.899999999999999, 1209, 0.021991871852786282
452, 60, -5.899999999999995, 1210, 0.02455545466811171
453, 51, -4.999999999999998, 1208, 0.0227450549641659
454, 59, -5.799999999999995, 1215, 0.02506257911326837
455, 55, -5.399999999999997, 1203, 0.021494285892517784
456, 55, -5.399999999999997, 1214, 0.17661780150731898
457, 58, -5.699999999999996, 1213, 0.025045095565117803
458, 53, -5.1999999999999975, 1204, 0.02445530179165689
459, 52, -5.099999999999998, 1253, 0.06029945451949548
460, 56, -5.4999999999999964, 1212, 0.022907301355264753
461, 69, -6.799999999999992, 1230, 0.02888253022884224
462, 52, -5.099999999999998, 1229, 0.024496376560757593
463, 55, -5.399999999999997, 1243, 0.019916679348652266
464, 58, -5.699999999999996, 1228, 0.021879053734766063
465, 57, -5.599999999999996, 1243, 0.021434634008568043
466, 60, -5.899999999999995, 1244, 0.019172463928160965
467, 65, -6.399999999999993, 1228, 0.02795188542780791
468, 50, -4.899999999999999, 1221, 0.024255920694009614
469, 62, -6.099999999999994, 1245, 0.02447752974907924
470, 58, -5.699999999999996, 1244, 0.023399427350467406
471, 57, -5.599999999999996, 1260, 0.02507715426160051
472, 61, -5.999999999999995, 1235, 0.02233319748086071
473, 59, -5.799999999999995, 1223, 0.021628329247086242
474, 58, -5.699999999999996, 1217, 0.024319974418754775
475, 61, -5.999999999999995, 1223, 0.027119222971324408
476, 58, -5.699999999999996, 1251, 0.024451852532648366
477, 53, -5.1999999999999975, 1241, 0.023329576641986316
478, 53, -5.1999999999999975, 1251, 0.02277770697917081
479, 59, -5.799999999999995, 1229, 0.022651566996665817
480, 48, -4.699999999999999, 1250, 0.020637363946051424
481, 66, -6.499999999999993, 1232, 0.04447229394062813
482, 60, -5.899999999999995, 1232, 0.02532838400447529
483, 49, -4.799999999999999, 1225, 0.022075334684495074
484, 52, -5.099999999999998, 1243, 0.025659965786339667
485, 54, -5.299999999999997, 1237, 0.026322323275552062
486, 52, -5.099999999999998, 1227, 0.02366220684830589
487, 70, -6.8999999999999915, 1238, 0.02229607446048787
488, 57, -5.599999999999996, 1235, 0.027215498820909456
489, 60, -5.899999999999995, 1253, 0.021455616245112608
490, 53, -5.1999999999999975, 1265, 0.022691417520382617
491, 57, -5.599999999999996, 1259, 0.02273399040447227
492, 52, -5.099999999999998, 1261, 0.02507904532479488
493, 53, -5.1999999999999975, 1266, 0.022503225153596595
494, 58, -5.699999999999996, 1259, 0.02288576474196624
495, 54, -5.299999999999997, 1241, 0.023576882072698924
496, 67, -6.5999999999999925, 1251, 0.025638522498280747
497, 54, -5.299999999999997, 1271, 0.025244856348883626
498, 55, -5.399999999999997, 1252, 0.02246931378871464
499, 52, -5.099999999999998, 1241, 0.019527207855818296
500, 61, -5.999999999999995, 1270, 0.02313373059059387
501, 45, -4.4, 1268, 0.0228602772161266
502, 54, -5.299999999999997, 1249, 0.019372915818957503
503, 61, -5.999999999999995, 1268, 0.021311423761203763
504, 53, -5.1999999999999975, 1291, 0.02669597509562699
505, 50, -4.899999999999999, 1282, 0.023572996985826933
506, 57, -5.599999999999996, 1287, 0.02296798307971143
507, 64, -6.299999999999994, 1271, 0.1356133090824292
508, 62, -6.099999999999994, 1272, 0.024722384489783256
509, 46, -4.5, 1274, 0.023967415231907374
510, 59, -5.799999999999995, 1259, 0.01950296890013936
511, 51, -4.999999999999998, 1265, 0.02585993299056777
512, 57, -5.599999999999996, 1265, 0.02288654785312927
513, 52, -5.099999999999998, 1298, 0.02981721149112837
514, 62, -6.099999999999994, 1269, 0.022522154747353
515, 64, -6.299999999999994, 1312, 0.024410447973798655
516, 57, -5.599999999999996, 1271, 0.02049677194739763
517, 54, -5.299999999999997, 1295, 0.02080524678904938
518, 59, -5.799999999999995, 1288, 0.02526898756711815
519, 51, -4.999999999999998, 1294, 0.021931122513351387
520, 50, -4.899999999999999, 1304, 0.02113421955651562
521, 52, -5.099999999999998, 1293, 0.025063508555350555
522, 56, -5.4999999999999964, 1274, 0.019914542730103957
523, 57, -5.599999999999996, 1299, 0.02383887053579059
524, 55, -5.399999999999997, 1297, 0.01972019334934272
525, 52, -5.099999999999998, 1292, 0.021277881391663644
526, 53, -5.1999999999999975, 1294, 0.02450233622730935
527, 48, -4.699999999999999, 1311, 0.024404347147390926
528, 58, -5.699999999999996, 1297, 0.020916097347895457
529, 47, -4.6, 1287, 0.0215798717495006
530, 61, -5.999999999999995, 1297, 0.02318674047848357
531, 52, -5.099999999999998, 1303, 0.0253356571398555
532, 67, -6.5999999999999925, 1301, 0.1420059309130739
533, 56, -5.4999999999999964, 1292, 0.027291311057503292
534, 55, -5.399999999999997, 1308, 0.02446006345063001
535, 56, -5.4999999999999964, 1314, 0.023836762299421776
536, 51, -4.999999999999998, 1277, 0.0257156334184937
537, 48, -4.699999999999999, 1285, 0.021432350948771273
538, 60, -5.899999999999995, 1324, 0.02144073468466079
539, 49, -4.799999999999999, 1321, 0.01839064343867758
540, 56, -5.4999999999999964, 1321, 0.024899516683424494
541, 54, -5.299999999999997, 1316, 0.023936957360275457
542, 60, -5.899999999999995, 1330, 0.023832249928551485
543, 55, -5.399999999999997, 1308, 0.023443458361972258
544, 49, -4.799999999999999, 1325, 0.1963417532745786
545, 56, -5.4999999999999964, 1336, 0.025748630180054466
546, 56, -5.4999999999999964, 1318, 0.1534437615296289
547, 57, -5.599999999999996, 1322, 0.02493648650019864
548, 58, -5.699999999999996, 1317, 0.025278164433839845
549, 54, -5.299999999999997, 1302, 0.021225656608278687
550, 62, -6.099999999999994, 1304, 0.02327635916517301
551, 49, -4.799999999999999, 1319, 0.02291409667555966
552, 53, -5.1999999999999975, 1341, 0.021338109952879436
553, 54, -5.299999999999997, 1331, 0.02001482454894754
554, 55, -5.399999999999997, 1328, 0.02139631760891003
555, 52, -5.099999999999998, 1318, 0.026440349794123713
556, 63, -6.199999999999994, 1314, 0.02264683929078576
557, 46, -4.5, 1316, 0.021007266204764452
558, 55, -5.399999999999997, 1338, 0.02497483711819104
559, 52, -5.099999999999998, 1340, 0.025654912119208007
560, 58, -5.699999999999996, 1315, 0.028699715772775303
561, 53, -5.1999999999999975, 1340, 0.0211995896873316
562, 53, -5.1999999999999975, 1348, 0.021986725016294173
563, 46, -4.5, 1342, 0.023905482005786016
564, 58, -5.699999999999996, 1345, 0.15369482508160992
565, 60, -5.899999999999995, 1359, 0.027014356987312138
566, 48, -4.699999999999999, 1338, 0.023665713151706846
567, 64, -6.299999999999994, 1352, 0.028484757609628875
568, 68, -6.699999999999992, 1343, 0.02223763823132474
569, 58, -5.699999999999996, 1344, 0.023610944205488038
570, 56, -5.4999999999999964, 1313, 0.02377911468443422
571, 61, -5.999999999999995, 1339, 0.022817541408431508
572, 50, -4.899999999999999, 1345, 0.023038820166675134
573, 63, -6.199999999999994, 1331, 0.02484159955498133
574, 48, -4.699999999999999, 1335, 0.02650434023107917
575, 49, -4.799999999999999, 1364, 0.024165619890775814
576, 51, -4.999999999999998, 1342, 0.024715545368588554
577, 60, -5.899999999999995, 1344, 0.024908156384005453
578, 55, -5.399999999999997, 1352, 0.023228508845696716
579, 70, -6.8999999999999915, 1377, 0.02591182881486498
580, 64, -6.299999999999994, 1351, 0.026035992560459853
581, 58, -5.699999999999996, 1333, 0.022443032433355325
582, 60, -5.899999999999995, 1342, 0.016538929940462577
583, 51, -4.999999999999998, 1349, 0.02457777990764387
584, 66, -6.499999999999993, 1354, 0.024712064171885206
585, 56, -5.4999999999999964, 1347, 0.028784075410904997
586, 55, -5.399999999999997, 1367, 0.018293032921337105
587, 51, -4.999999999999998, 1371, 0.02407473079370326
588, 53, -5.1999999999999975, 1345, 0.025683278802734466
589, 66, -6.499999999999993, 1373, 0.024510057479717462
590, 57, -5.599999999999996, 1366, 0.02490759949345933
591, 62, -6.099999999999994, 1356, 0.026886113674864653
592, 50, -4.899999999999999, 1373, 0.025986402789515917
593, 54, -5.299999999999997, 1366, 0.025349531865389463
594, 56, -5.4999999999999964, 1357, 0.01920179016667678
595, 56, -5.4999999999999964, 1377, 0.021409293847767352
596, 57, -5.599999999999996, 1375, 0.024551416333531195
597, 52, -5.099999999999998, 1367, 0.022757406695095073
598, 56, -5.4999999999999964, 1372, 0.02720367978167347
599, 57, -5.599999999999996, 1373, 0.020734426669197337
600, 51, -4.999999999999998, 1373, 0.026439807665397552
601, 69, -6.799999999999992, 1378, 0.02764853492472419
602, 51, -4.999999999999998, 1392, 0.021899363559787055
603, 60, -5.899999999999995, 1384, 0.02775909304718338
604, 57, -5.599999999999996, 1355, 0.022847406945270654
605, 48, -4.699999999999999, 1379, 0.024786691242015157
606, 64, -6.299999999999994, 1372, 0.022699126938780623
607, 57, -5.599999999999996, 1387, 0.025434897468309958
608, 46, -4.5, 1367, 0.024507134792061347
609, 58, -5.699999999999996, 1373, 0.02769957335181511
610, 54, -5.299999999999997, 1414, 0.021251502365402963
611, 74, -7.29999999999999, 1379, 0.03569651823839459
612, 50, -4.899999999999999, 1398, 0.02329565211612028
613, 55, -5.399999999999997, 1369, 0.018158621968544786
614, 58, -5.699999999999996, 1380, 0.02381878662234893
615, 48, -4.699999999999999, 1391, 0.018985416005092848
616, 49, -4.799999999999999, 1388, 0.1615201270896156
617, 57, -5.599999999999996, 1370, 0.020863178381754555
618, 55, -5.399999999999997, 1379, 0.022662969168242952
619, 58, -5.699999999999996, 1390, 0.02708279092711796
620, 53, -5.1999999999999975, 1382, 0.021197838370401623
621, 60, -5.899999999999995, 1393, 0.021865839609849336
622, 63, -6.199999999999994, 1386, 0.022858591821938834
623, 53, -5.1999999999999975, 1385, 0.02381166192058609
624, 54, -5.299999999999997, 1384, 0.02241752659907803
625, 55, -5.399999999999997, 1381, 0.02573587421595258
626, 48, -4.699999999999999, 1383, 0.024794527779475273
627, 42, -4.100000000000001, 1394, 0.02720384002889381
628, 51, -4.999999999999998, 1416, 0.025536548109190704
629, 65, -6.399999999999993, 1400, 0.02709959460993505
630, 51, -4.999999999999998, 1375, 0.02469339237228957
631, 62, -6.099999999999994, 1385, 0.028219015776125178
632, 49, -4.799999999999999, 1398, 0.02164362337798642
633, 53, -5.1999999999999975, 1376, 0.02386521033186151
634, 61, -5.999999999999995, 1417, 0.02107837152192571
635, 43, -4.200000000000001, 1379, 0.02597445304070578
636, 55, -5.399999999999997, 1398, 0.023899545116974785
637, 51, -4.999999999999998, 1397, 0.023110853792920327
638, 55, -5.399999999999997, 1412, 0.01872627627356893
639, 49, -4.799999999999999, 1403, 0.02274260422611407
640, 51, -4.999999999999998, 1402, 0.024775260156120193
641, 52, -5.099999999999998, 1401, 0.028118294056504983
642, 46, -4.5, 1419, 0.021425626057529734
643, 52, -5.099999999999998, 1421, 0.02937848152421041
644, 63, -6.199999999999994, 1423, 0.022104876129864337
645, 56, -5.4999999999999964, 1417, 0.02191863594903043
646, 49, -4.799999999999999, 1411, 0.02675619268922924
647, 57, -5.599999999999996, 1393, 0.02168805007193897
648, 55, -5.399999999999997, 1394, 0.02342028769399601
649, 47, -4.6, 1439, 0.023638812353240057
650, 60, -5.899999999999995, 1425, 0.021772399182104385
651, 54, -5.299999999999997, 1403, 0.024651540474341482
652, 57, -5.599999999999996, 1436, 0.022097481424418697
653, 47, -4.6, 1432, 0.019338083591175614
654, 59, -5.799999999999995, 1407, 0.018910068999302476
655, 46, -4.5, 1427, 0.02290787765378255
656, 46, -4.5, 1444, 0.026711568407615988
657, 56, -5.4999999999999964, 1420, 0.02612462278595795
658, 62, -6.099999999999994, 1436, 0.025978504526308566
659, 45, -4.4, 1426, 0.02489593325777162
660, 51, -4.999999999999998, 1438, 0.022163099624860128
661, 60, -5.899999999999995, 1420, 0.02394219382213736
662, 50, -4.899999999999999, 1432, 0.023892490728596644
663, 62, -6.099999999999994, 1441, 0.02246304394717663
664, 50, -4.899999999999999, 1428, 0.024838146427229396
665, 49, -4.799999999999999, 1442, 0.024630735223291955
666, 61, -5.999999999999995, 1425, 0.026300091907064616
667, 57, -5.599999999999996, 1443, 0.021582911625652512
668, 57, -5.599999999999996, 1421, 0.021554282100017974
669, 63, -6.199999999999994, 1433, 0.023003548922064576
670, 72, -7.099999999999991, 1479, 0.03051272033942598
671, 66, -6.499999999999993, 1444, 0.022088819265954518
672, 65, -6.399999999999993, 1414, 0.023635462136650798
673, 48, -4.699999999999999, 1455, 0.020573192215103342
674, 55, -5.399999999999997, 1455, 0.024704614537840786
675, 59, -5.799999999999995, 1451, 0.021965602832267894
676, 55, -5.399999999999997, 1449, 0.02247158074651945
677, 54, -5.299999999999997, 1435, 0.02361248924397019
678, 56, -5.4999999999999964, 1457, 0.023215101739126665
679, 64, -6.299999999999994, 1444, 0.024190095297405012
680, 59, -5.799999999999995, 1446, 0.022844574317900657
681, 55, -5.399999999999997, 1445, 0.023893724409017603
682, 55, -5.399999999999997, 1478, 0.0261748141327951
683, 58, -5.699999999999996, 1471, 0.023683384413428765
684, 54, -5.299999999999997, 1472, 0.023448298717571703
685, 71, -6.999999999999991, 1451, 0.019787332902222787
686, 61, -5.999999999999995, 1454, 0.014768688411890718
687, 66, -6.499999999999993, 1473, 0.022125559040204745
688, 60, -5.899999999999995, 1471, 0.02358479290676674
689, 49, -4.799999999999999, 1439, 0.026257946570489188
690, 52, -5.099999999999998, 1454, 0.022346323699941717
691, 54, -5.299999999999997, 1443, 0.020426958194457057
692, 52, -5.099999999999998, 1473, 0.02049690625158096
693, 58, -5.699999999999996, 1441, 0.019733342027077105
694, 66, -6.499999999999993, 1479, 0.08059398122040973
695, 56, -5.4999999999999964, 1461, 0.025486914631382307
696, 46, -4.5, 1442, 0.023120057498717206
697, 58, -5.699999999999996, 1468, 0.02452008415981277
698, 57, -5.599999999999996, 1464, 0.02355484626826243
699, 62, -6.099999999999994, 1473, 0.027655853370421868
700, 54, -5.299999999999997, 1461, 0.025610443977276853
701, 49, -4.799999999999999, 1467, 0.02113194389544626
702, 50, -4.899999999999999, 1467, 0.027126824164890095
703, 45, -4.4, 1484, 0.02125915467249384
704, 61, -5.999999999999995, 1451, 0.02098605308003565
705, 67, -6.5999999999999925, 1471, 0.023593123004011396
706, 62, -6.099999999999994, 1476, 0.022193795131172145
707, 64, -6.299999999999994, 1479, 0.024172510924347412
708, 45, -4.4, 1474, 0.022494857558548853
709, 59, -5.799999999999995, 1479, 0.01998243171362346
710, 48, -4.699999999999999, 1484, 0.028191869949946158
711, 68, -6.699999999999992, 1490, 0.022879581813382233
712, 59, -5.799999999999995, 1504, 0.023483603257316077
713, 49, -4.799999999999999, 1486, 0.02681907966782604
714, 56, -5.4999999999999964, 1492, 0.025540728561553094
715, 54, -5.299999999999997, 1511, 0.02304456301261626
716, 51, -4.999999999999998, 1487, 0.02403098797437947
717, 79, -7.799999999999988, 1507, 0.024328112271899016
718, 52, -5.099999999999998, 1500, 0.0231734074813168
719, 47, -4.6, 1479, 0.02096078130089185
720, 51, -4.999999999999998, 1489, 0.21535573088613025
721, 55, -5.399999999999997, 1476, 0.021569994485887367
722, 60, -5.899999999999995, 1502, 0.023644051127504895
723, 52, -5.099999999999998, 1494, 0.02222035266400102
724, 59, -5.799999999999995, 1512, 0.19014816803408108
725, 65, -6.399999999999993, 1502, 0.027929015543057822
726, 53, -5.1999999999999975, 1512, 0.02317575110499681
727, 55, -5.399999999999997, 1512, 0.024314543596125837
728, 79, -7.799999999999988, 1493, 0.024190864962873926
729, 51, -4.999999999999998, 1499, 0.022167543821217883
730, 53, -5.1999999999999975, 1501, 0.0272273619753233
731, 54, -5.299999999999997, 1519, 0.025140234093674163
732, 55, -5.399999999999997, 1513, 0.020765112367326033
733, 62, -6.099999999999994, 1503, 0.021089263322115137
734, 52, -5.099999999999998, 1517, 0.02042628809916547
735, 61, -5.999999999999995, 1506, 0.02666899303003012
736, 54, -5.299999999999997, 1519, 0.020020219457087318
737, 57, -5.599999999999996, 1508, 0.025201111619487626
738, 56, -5.4999999999999964, 1523, 0.0277618407661272
739, 57, -5.599999999999996, 1519, 0.14820857268362575
740, 53, -5.1999999999999975, 1525, 0.028007928117369296
741, 60, -5.899999999999995, 1547, 0.022011029766808188
742, 54, -5.299999999999997, 1514, 0.020410669503092116
743, 57, -5.599999999999996, 1533, 0.02402772564481842
744, 48, -4.699999999999999, 1534, 0.024434224218197742
745, 54, -5.299999999999997, 1561, 0.019784562091544777
746, 50, -4.899999999999999, 1521, 0.07453006752956792
747, 53, -5.1999999999999975, 1511, 0.02190019563558554
748, 59, -5.799999999999995, 1534, 0.02309850054818441
749, 54, -5.299999999999997, 1526, 0.019913985995371863
750, 69, -6.799999999999992, 1518, 0.02203717475916145
751, 64, -6.299999999999994, 1525, 0.018977151468335007
752, 60, -5.899999999999995, 1535, 0.0215207006721978
753, 50, -4.899999999999999, 1533, 0.025021437221006138
754, 62, -6.099999999999994, 1552, 0.027243282140684055
755, 59, -5.799999999999995, 1528, 0.05944242769254293
756, 49, -4.799999999999999, 1561, 0.02359427910403389
757, 51, -4.999999999999998, 1528, 0.025429522107115465
758, 60, -5.899999999999995, 1564, 0.025235360559199282
759, 57, -5.599999999999996, 1537, 0.02037582099104962
760, 62, -6.099999999999994, 1551, 0.02530547932632632
761, 58, -5.699999999999996, 1542, 0.020735859974967852
762, 54, -5.299999999999997, 1550, 0.022748601231395105
763, 57, -5.599999999999996, 1529, 0.022709670702475593
764, 61, -5.999999999999995, 1526, 0.025301018322744895
765, 67, -6.5999999999999925, 1535, 0.023743534793648213
766, 68, -6.699999999999992, 1555, 0.025279694029326283
767, 61, -5.999999999999995, 1552, 0.02512755342022599
768, 52, -5.099999999999998, 1562, 0.021587069373165346
769, 51, -4.999999999999998, 1542, 0.025057434146475988
770, 52, -5.099999999999998, 1546, 0.017913990167572003
771, 47, -4.6, 1557, 0.023524841123130802
772, 65, -6.399999999999993, 1551, 0.02823046751532221
773, 50, -4.899999999999999, 1571, 0.019226859504093863
774, 53, -5.1999999999999975, 1540, 0.020559602166041246
775, 64, -6.299999999999994, 1556, 0.025083345594236306
776, 49, -4.799999999999999, 1535, 0.022668788315653998
777, 56, -5.4999999999999964, 1562, 0.021821992647193866
778, 56, -5.4999999999999964, 1551, 0.021813699087612992
779, 46, -4.5, 1585, 0.029550536637457547
780, 52, -5.099999999999998, 1544, 0.020009301383480338
781, 48, -4.699999999999999, 1545, 0.024808970644442763
782, 54, -5.299999999999997, 1551, 0.025856969188786216
783, 51, -4.999999999999998, 1565, 0.02502132746187602
784, 51, -4.999999999999998, 1556, 0.022051949887868627
785, 48, -4.699999999999999, 1577, 0.020674006084318686
786, 59, -5.799999999999995, 1557, 0.027393427019603234
787, 49, -4.799999999999999, 1579, 0.026061066820967926
788, 51, -4.999999999999998, 1572, 0.022079634977797635
789, 55, -5.399999999999997, 1577, 0.02050665643368399
790, 59, -5.799999999999995, 1584, 0.023509702158690027
791, 63, -6.199999999999994, 1540, 0.023613762228833268
792, 50, -4.899999999999999, 1581, 0.025243193590160917
793, 63, -6.199999999999994, 1572, 0.019461953783230457
794, 49, -4.799999999999999, 1560, 0.027103219175213578
795, 57, -5.599999999999996, 1559, 0.02825758172057148
796, 63, -6.199999999999994, 1601, 0.022701721292571753
797, 65, -6.399999999999993, 1594, 0.021744597105232577
798, 48, -4.699999999999999, 1597, 0.02257976785435445
799, 50, -4.899999999999999, 1593, 0.028023056417760595
800, 54, -5.299999999999997, 1577, 0.024072663731682375
801, 59, -5.799999999999995, 1565, 0.023162546110674365
802, 62, -6.099999999999994, 1564, 0.02208066852374979
803, 51, -4.999999999999998, 1588, 0.02454135184416928
804, 56, -5.4999999999999964, 1593, 0.026483575411229143
805, 56, -5.4999999999999964, 1582, 0.022977028409556843
806, 64, -6.299999999999994, 1586, 0.17760696559496836
807, 53, -5.1999999999999975, 1582, 0.028423352388816214
808, 62, -6.099999999999994, 1587, 0.02511289527327687
809, 51, -4.999999999999998, 1595, 0.026480394515681294
810, 54, -5.299999999999997, 1594, 0.027286631658340665
811, 65, -6.399999999999993, 1592, 0.021294313776495155
812, 64, -6.299999999999994, 1575, 0.0217688686965829
813, 50, -4.899999999999999, 1573, 0.02441929211110111
814, 51, -4.999999999999998, 1604, 0.023105301932334843
815, 56, -5.4999999999999964, 1609, 0.020936746402861806
816, 55, -5.399999999999997, 1571, 0.02573567120257303
817, 54, -5.299999999999997, 1623, 0.02268943810707691
818, 48, -4.699999999999999, 1587, 0.024343663295552154
819, 54, -5.299999999999997, 1600, 0.14015711595338987
820, 57, -5.599999999999996, 1600, 0.026790006166714342
821, 55, -5.399999999999997, 1607, 0.021616499069872952
822, 60, -5.899999999999995, 1584, 0.02525125385158411
823, 67, -6.5999999999999925, 1585, 0.023258502898230837
824, 57, -5.599999999999996, 1580, 0.02299666950498619
825, 59, -5.799999999999995, 1584, 0.02551528519984636
826, 57, -5.599999999999996, 1591, 0.027728174974357422
827, 52, -5.099999999999998, 1596, 0.1948252299891955
828, 62, -6.099999999999994, 1624, 0.02715271139412101
829, 68, -6.699999999999992, 1622, 0.024160995988013356
830, 53, -5.1999999999999975, 1600, 0.019983810457497198
831, 61, -5.999999999999995, 1607, 0.03015573820708428
832, 48, -4.699999999999999, 1614, 0.02154498158975926
833, 51, -4.999999999999998, 1607, 0.0214626361203496
834, 68, -6.699999999999992, 1602, 0.024727810872209877
835, 64, -6.299999999999994, 1626, 0.019287502747034502
836, 56, -5.4999999999999964, 1592, 0.01921274406124507
837, 48, -4.699999999999999, 1579, 0.02457713748519974
838, 59, -5.799999999999995, 1586, 0.022449831882207727
839, 55, -5.399999999999997, 1595, 0.020420151403979014
840, 58, -5.699999999999996, 1603, 0.023804344565246716
841, 65, -6.399999999999993, 1622, 0.024240006012743898
842, 54, -5.299999999999997, 1631, 0.021538632542461578
843, 49, -4.799999999999999, 1628, 0.025604052649941478
844, 49, -4.799999999999999, 1621, 0.019481594122482182
845, 50, -4.899999999999999, 1634, 0.024404513523881066
846, 48, -4.699999999999999, 1636, 0.02733592495385423
847, 74, -7.29999999999999, 1627, 0.019852121615732576
848, 57, -5.599999999999996, 1621, 0.030029808550696035
849, 59, -5.799999999999995, 1626, 0.023889106311023922
850, 47, -4.6, 1634, 0.020798582353990014
851, 53, -5.1999999999999975, 1623, 0.021169095198350252
852, 51, -4.999999999999998, 1624, 0.01986693498200509
853, 76, -7.499999999999989, 1625, 0.023939624306787644
854, 56, -5.4999999999999964, 1637, 0.020666139230126335
855, 58, -5.699999999999996, 1606, 0.02177207660037961
856, 63, -6.199999999999994, 1622, 0.21953587853463175
857, 49, -4.799999999999999, 1639, 0.029679442196245853
858, 61, -5.999999999999995, 1644, 0.025175861440786873
859, 53, -5.1999999999999975, 1677, 0.025423536442543027
860, 43, -4.200000000000001, 1628, 0.02212457192728956
861, 51, -4.999999999999998, 1622, 0.0242932854059299
862, 57, -5.599999999999996, 1645, 0.025433199098979342
863, 60, -5.899999999999995, 1645, 0.022946384789223284
864, 52, -5.099999999999998, 1621, 0.025127715419572427
865, 55, -5.399999999999997, 1659, 0.022101477201414754
866, 58, -5.699999999999996, 1640, 0.02584688281129255
867, 54, -5.299999999999997, 1653, 0.02408153571165972
868, 54, -5.299999999999997, 1641, 0.022249969197543074
869, 64, -6.299999999999994, 1635, 0.025565618801157708
870, 49, -4.799999999999999, 1630, 0.01995453758564958
871, 62, -6.099999999999994, 1633, 0.02170043339894212
872, 47, -4.6, 1650, 0.02355583773173825
873, 66, -6.499999999999993, 1629, 0.023114212497091113
874, 58, -5.699999999999996, 1626, 0.025070278475665064
875, 55, -5.399999999999997, 1646, 0.02694927036485595
876, 51, -4.999999999999998, 1647, 0.024867329604569
877, 65, -6.399999999999993, 1649, 0.021545812520760266
878, 46, -4.5, 1674, 0.02896921758489851
879, 50, -4.899999999999999, 1664, 0.02347780093567081
880, 53, -5.1999999999999975, 1650, 0.02157174616396018
881, 57, -5.599999999999996, 1693, 0.024082695505423413
882, 45, -4.4, 1657, 0.028873357021414248
883, 53, -5.1999999999999975, 1639, 0.02465620806932578
884, 56, -5.4999999999999964, 1684, 0.02181324394792261
885, 53, -5.1999999999999975, 1634, 0.024621758049241382
886, 57, -5.599999999999996, 1655, 0.027491412875820298
887, 52, -5.099999999999998, 1652, 0.025495078410340488
888, 62, -6.099999999999994, 1650, 0.023676725705721102
889, 63, -6.199999999999994, 1653, 0.02259892719562373
890, 55, -5.399999999999997, 1657, 0.024534653926328254
891, 60, -5.899999999999995, 1648, 0.022418879131608616
892, 50, -4.899999999999999, 1667, 0.020168773671694673
893, 63, -6.199999999999994, 1666, 0.023068636532233677
894, 72, -7.099999999999991, 1676, 0.026513512996438005
895, 75, -7.39999999999999, 1695, 0.02561230434528894
896, 58, -5.699999999999996, 1687, 0.027156625160766112
897, 51, -4.999999999999998, 1707, 0.026234463223632654
898, 55, -5.399999999999997, 1692, 0.01736450666434619
899, 57, -5.599999999999996, 1716, 0.019187277825687077
900, 61, -5.999999999999995, 1678, 0.024935913287222
901, 57, -5.599999999999996, 1701, 0.021487117344322293
902, 65, -6.399999999999993, 1674, 0.027214436136197007
903, 54, -5.299999999999997, 1710, 0.02986559676146372
904, 53, -5.1999999999999975, 1704, 0.022695391049218583
905, 63, -6.199999999999994, 1689, 0.18546693266437853
906, 58, -5.699999999999996, 1672, 0.026740081768473978
907, 50, -4.899999999999999, 1681, 0.025418342721500675
908, 60, -5.899999999999995, 1663, 0.024628926992149913
909, 57, -5.599999999999996, 1676, 0.02653217997595858
910, 56, -5.4999999999999964, 1670, 0.021749225071023393
911, 72, -7.099999999999991, 1684, 0.027340822261781028
912, 51, -4.999999999999998, 1693, 0.018182715094472224
913, 51, -4.999999999999998, 1690, 0.15287128697111907
914, 46, -4.5, 1675, 0.02578154628378726
915, 46, -4.5, 1720, 0.02177991625545639
916, 53, -5.1999999999999975, 1712, 0.025132086558675493
917, 56, -5.4999999999999964, 1694, 0.022417817552689123
918, 51, -4.999999999999998, 1688, 0.02033338155982456
919, 50, -4.899999999999999, 1705, 0.19526467887677468
920, 58, -5.699999999999996, 1699, 0.02202961529523484
921, 54, -5.299999999999997, 1713, 0.02479800414811681
922, 59, -5.799999999999995, 1720, 0.027398786783467008
923, 62, -6.099999999999994, 1692, 0.021607466897549554
924, 58, -5.699999999999996, 1740, 0.025717987758117733
925, 49, -4.799999999999999, 1689, 0.021357038386494054
926, 51, -4.999999999999998, 1691, 0.02296343081900254
927, 74, -7.29999999999999, 1696, 0.02366718442757465
928, 60, -5.899999999999995, 1672, 0.02719000820958528
929, 53, -5.1999999999999975, 1723, 0.024730368345743825
930, 58, -5.699999999999996, 1721, 0.0239108769022085
931, 64, -6.299999999999994, 1713, 0.024378984164601825
932, 53, -5.1999999999999975, 1732, 0.021418729936402148
933, 52, -5.099999999999998, 1694, 0.022444749958767662
934, 54, -5.299999999999997, 1747, 0.026710984876114674
935, 53, -5.1999999999999975, 1742, 0.025046093602040465
936, 58, -5.699999999999996, 1726, 0.023362734785722372
937, 56, -5.4999999999999964, 1717, 0.1935438954566817
938, 51, -4.999999999999998, 1704, 0.02103878852250407
939, 51, -4.999999999999998, 1718, 0.025694229212285147
940, 45, -4.4, 1726, 0.02577418398208664
941, 60, -5.899999999999995, 1731, 0.031230806901297203
942, 48, -4.699999999999999, 1734, 0.023802132793871278
943, 48, -4.699999999999999, 1736, 0.022897993524462867
944, 61, -5.999999999999995, 1721, 0.02454667185551629
945, 58, -5.699999999999996, 1725, 0.02691646284660243
946, 70, -6.8999999999999915, 1729, 0.02309502911784045
947, 52, -5.099999999999998, 1710, 0.028475338137726514
948, 46, -4.5, 1735, 0.023732247621722435
949, 56, -5.4999999999999964, 1732, 0.02354468820008626
950, 61, -5.999999999999995, 1714, 0.02654174763210504
951, 58, -5.699999999999996, 1724, 0.02314156335697526
952, 56, -5.4999999999999964, 1749, 0.024443157756535383
953, 49, -4.799999999999999, 1722, 0.026208290310603344
954, 72, -7.099999999999991, 1771, 0.02503551918395952
955, 57, -5.599999999999996, 1724, 0.023531560755964076
956, 53, -5.1999999999999975, 1741, 0.02344790231653837
957, 55, -5.399999999999997, 1757, 0.025310924542408186
958, 59, -5.799999999999995, 1742, 0.023434707489754292
959, 47, -4.6, 1766, 0.02382683862861623
960, 63, -6.199999999999994, 1747, 0.025213055336522405
961, 73, -7.19999999999999, 1751, 0.020855389721300854
962, 57, -5.599999999999996, 1751, 0.025316768407376955
963, 54, -5.299999999999997, 1753, 0.023452984714515512
964, 55, -5.399999999999997, 1735, 0.021528447071944123
965, 75, -7.39999999999999, 1738, 0.02258152295525523
966, 48, -4.699999999999999, 1745, 0.02261196875839455
967, 53, -5.1999999999999975, 1751, 0.02763333439536997
968, 53, -5.1999999999999975, 1752, 0.019943652266732226
969, 56, -5.4999999999999964, 1779, 0.019505145353877484
970, 56, -5.4999999999999964, 1758, 0.020794117147854063
971, 57, -5.599999999999996, 1743, 0.021883308660366252
972, 56, -5.4999999999999964, 1728, 0.02577221162792509
973, 74, -7.29999999999999, 1735, 0.023032445926546047
974, 60, -5.899999999999995, 1742, 0.025635597612653438
975, 66, -6.499999999999993, 1765, 0.021934177694664242
976, 54, -5.299999999999997, 1768, 0.016752830688429032
977, 52, -5.099999999999998, 1751, 0.02171682740172587
978, 52, -5.099999999999998, 1762, 0.02164745888132713
979, 54, -5.299999999999997, 1788, 0.02344862890771804
980, 54, -5.299999999999997, 1767, 0.02315460054741436
981, 64, -6.299999999999994, 1756, 0.028013060630390996
982, 50, -4.899999999999999, 1730, 0.015024392601820757
983, 55, -5.399999999999997, 1733, 0.02658651359412001
984, 56, -5.4999999999999964, 1760, 0.027400960339205693
985, 58, -5.699999999999996, 1759, 0.027325000469448524
986, 48, -4.699999999999999, 1760, 0.020554804287500228
987, 45, -4.4, 1787, 0.02262323320977655
988, 58, -5.699999999999996, 1780, 0.02395484952823329
989, 64, -6.299999999999994, 1787, 0.023128872352729646
990, 74, -7.29999999999999, 1775, 0.023387259794270143
991, 51, -4.999999999999998, 1769, 0.024992676202706732
992, 56, -5.4999999999999964, 1765, 0.02114317659841236
993, 54, -5.299999999999997, 1787, 0.02228133128813914
994, 59, -5.799999999999995, 1769, 0.02314983666431525
995, 52, -5.099999999999998, 1783, 0.027637483728505607
996, 62, -6.099999999999994, 1747, 0.0230964837779164
997, 56, -5.4999999999999964, 1764, 0.023234346955847807
998, 60, -5.899999999999995, 1777, 0.027332229443222555
999, 49, -4.799999999999999, 1786, 0.026186801350925992
1000, 59, -5.799999999999995, 1793, 0.0227856777532236
