Episode, Steps, Reward, Time (in milliseconds), Convergence
1, 225, -22.40000000000005, 61, 1.44851
2, 225, -22.40000000000005, 68, 1.44851
3, 225, -22.40000000000005, 94, 0.14871912346972693
4, 225, -22.40000000000005, 106, 1.460373121934898
5, 225, -22.40000000000005, 90, 0.175905215311424
6, 225, -22.40000000000005, 112, 0.17261672060804678
7, 225, -22.40000000000005, 171, 0.20189773722431603
8, 225, -22.40000000000005, 129, 0.17029768559825043
9, 225, -22.40000000000005, 142, 1.245810175568281
10, 225, -22.40000000000005, 185, 1.429565699271253
11, 225, -22.40000000000005, 180, 1.4497080954440205
12, 225, -22.40000000000005, 194, 0.14621747111842875
13, 225, -22.40000000000005, 209, 0.21136685719426662
14, 225, -22.40000000000005, 204, 0.1853472790467312
15, 211, -21.00000000000003, 227, 1.3758539209285536
16, 225, -22.40000000000005, 236, 0.22759103926003177
17, 225, -22.40000000000005, 231, 0.19211305250782051
18, 193, -19.200000000000003, 229, 0.22203436871274596
19, 225, -22.40000000000005, 262, 1.448246044016512
20, 225, -22.40000000000005, 246, 0.21817644537763242
21, 139, -13.799999999999967, 275, 0.22697231592497946
22, 225, -22.40000000000005, 293, 1.500377079665903
23, 182, -18.099999999999987, 274, 0.19686285835679018
24, 225, -22.40000000000005, 276, 0.23007654108622333
25, 225, -22.40000000000005, 284, 1.434746586792739
26, 225, -22.40000000000005, 276, 0.21517530369741733
27, 109, -10.799999999999978, 315, 1.6120009898263346
28, 225, -22.40000000000005, 290, 1.3653984216609838
29, 225, -22.40000000000005, 309, 0.2937091621587663
30, 177, -17.59999999999998, 350, 0.2615680785987915
31, 225, -22.40000000000005, 339, 0.23852582208784356
32, 139, -13.799999999999967, 346, 1.4709030865557935
33, 200, -19.900000000000013, 331, 0.23174704661978085
34, 51, -4.999999999999998, 363, 1.3744856615802252
35, 129, -12.79999999999997, 337, 1.416794680605673
36, 225, -22.40000000000005, 379, 0.25918619726072345
37, 198, -19.70000000000001, 330, 1.4545590266503838
38, 171, -16.99999999999997, 341, 0.24789422257738858
39, 225, -22.40000000000005, 379, 1.3956605495511771
40, 225, -22.40000000000005, 406, 0.2659509984546933
41, 134, -13.299999999999969, 372, 0.27352916287967055
42, 172, -17.099999999999973, 367, 0.2425027019619881
43, 72, -7.099999999999991, 392, 0.21383659227118956
44, 225, -22.40000000000005, 361, 1.3733350978094374
45, 106, -10.499999999999979, 431, 0.335142951011588
46, 175, -17.399999999999977, 388, 0.2665198473963293
47, 225, -22.40000000000005, 433, 1.2874894632600644
48, 225, -22.40000000000005, 387, 0.19958966479092544
49, 91, -8.999999999999984, 439, 0.31116315307298725
50, 86, -8.499999999999986, 423, 0.28550104663023257
51, 158, -15.69999999999996, 420, 0.179270898574301
52, 156, -15.499999999999961, 459, 0.3246582036996144
53, 225, -22.40000000000005, 456, 0.2421192561446217
54, 75, -7.39999999999999, 429, 1.414589591870767
55, 225, -22.40000000000005, 464, 0.27104582479499184
56, 83, -8.199999999999987, 441, 0.27090337064534586
57, 61, -5.999999999999995, 460, 0.2110482438574599
58, 224, -22.300000000000047, 496, 0.25801493686941024
59, 116, -11.499999999999975, 458, 0.21860406016595801
60, 147, -14.599999999999964, 471, 0.22858795867574289
61, 53, -5.1999999999999975, 508, 0.26609234966168005
62, 203, -20.200000000000017, 507, 0.23772978119812183
63, 112, -11.099999999999977, 455, 0.19871545688825787
64, 110, -10.899999999999977, 500, 0.20606324712134505
65, 225, -22.40000000000005, 508, 0.17341139207138445
66, 195, -19.400000000000006, 516, 0.33116477861393934
67, 89, -8.799999999999985, 555, 0.18850970635716768
68, 106, -10.499999999999979, 534, 0.19829446220917024
69, 74, -7.29999999999999, 520, 0.21732120379908815
70, 212, -21.10000000000003, 543, 1.38702430729243
71, 108, -10.699999999999978, 530, 0.2821932989461339
72, 91, -8.999999999999984, 552, 0.3071925558193996
73, 181, -17.999999999999986, 543, 0.2299315378083766
74, 225, -22.40000000000005, 517, 0.2719936776799039
75, 225, -22.40000000000005, 546, 0.23154249613536937
76, 65, -6.399999999999993, 539, 0.2471451057174887
77, 225, -22.40000000000005, 555, 0.2457911717088581
78, 225, -22.40000000000005, 593, 1.4757605981573236
79, 225, -22.40000000000005, 612, 0.20766043987460314
80, 92, -9.099999999999984, 596, 0.18096448565257295
81, 161, -15.99999999999996, 650, 0.23566318194457558
82, 111, -10.999999999999977, 639, 0.2410436632429005
83, 194, -19.300000000000004, 602, 0.2537552956481264
84, 187, -18.599999999999994, 618, 1.3836097568338253
85, 85, -8.399999999999986, 601, 0.26877890763860246
86, 148, -14.699999999999964, 625, 0.27848870918981294
87, 206, -20.50000000000002, 649, 1.4008951085352381
88, 90, -8.899999999999984, 666, 1.3596012757884108
89, 225, -22.40000000000005, 675, 0.3247803166429584
90, 207, -20.600000000000023, 685, 0.20770490987814538
91, 225, -22.40000000000005, 657, 0.21542646299392354
92, 141, -13.999999999999966, 642, 0.3923584787987937
93, 179, -17.799999999999983, 664, 1.2675964657348526
94, 202, -20.100000000000016, 668, 0.28885271525914824
95, 225, -22.40000000000005, 658, 1.472149744634861
96, 225, -22.40000000000005, 669, 0.2320027805075302
97, 84, -8.299999999999986, 655, 0.2480749747098112
98, 210, -20.900000000000027, 678, 0.28602397957714976
99, 110, -10.899999999999977, 729, 1.4409011008783064
100, 219, -21.80000000000004, 650, 0.28862081621268554
101, 225, -22.40000000000005, 688, 0.21837064046608345
102, 164, -16.29999999999996, 749, 1.3748800525194547
103, 110, -10.899999999999977, 687, 0.3144425464883889
104, 100, -9.89999999999998, 781, 0.25231698328707597
105, 225, -22.40000000000005, 728, 0.23837627712809795
106, 52, -5.099999999999998, 780, 0.28682832319461715
107, 215, -21.400000000000034, 741, 1.206824972407261
108, 159, -15.79999999999996, 837, 1.7317806011180013
109, 225, -22.40000000000005, 760, 0.2074175540098513
110, 225, -22.40000000000005, 766, 0.2705696563861719
111, 69, -6.799999999999992, 777, 0.3004467078971249
112, 169, -16.79999999999997, 717, 0.2788383098043685
113, 171, -16.99999999999997, 754, 0.2339444472340344
114, 80, -7.899999999999988, 791, 1.227532275751077
115, 208, -20.700000000000024, 777, 1.4685600411767867
116, 140, -13.899999999999967, 749, 0.21307989732100907
117, 222, -22.100000000000044, 780, 0.2296289309411632
118, 181, -17.999999999999986, 771, 0.29826168895656924
119, 178, -17.69999999999998, 851, 0.2738732449758152
120, 113, -11.199999999999976, 826, 0.2442443057284005
121, 116, -11.499999999999975, 821, 0.2438215202028231
122, 225, -22.40000000000005, 741, 1.4519527074768739
123, 225, -22.40000000000005, 859, 0.21193710337757476
124, 225, -22.40000000000005, 787, 0.20504613222385348
125, 157, -15.59999999999996, 824, 0.21398716792877392
126, 225, -22.40000000000005, 803, 0.1842835415367423
127, 87, -8.599999999999985, 855, 0.24905302608179647
128, 136, -13.499999999999968, 892, 0.24793161539977493
129, 225, -22.40000000000005, 866, 0.2982814077180236
130, 91, -8.999999999999984, 856, 0.27688535685668847
131, 102, -10.09999999999998, 890, 0.18323357426911424
132, 110, -10.899999999999977, 906, 0.24157796993231662
133, 135, -13.399999999999968, 837, 0.31735289565007907
134, 50, -4.899999999999999, 865, 0.19634056932902055
135, 179, -17.799999999999983, 879, 0.31659640365752884
136, 90, -8.899999999999984, 882, 0.2455179344870415
137, 88, -8.699999999999985, 892, 0.21524255310999268
138, 225, -22.40000000000005, 923, 0.3334185332042565
139, 117, -11.599999999999975, 865, 0.29752330119696646
140, 81, -7.999999999999988, 853, 0.3032146415334094
141, 73, -7.19999999999999, 942, 0.19045096498183955
142, 120, -11.899999999999974, 896, 1.4440057557765344
143, 98, -9.699999999999982, 885, 0.22026498332066957
144, 203, -20.200000000000017, 926, 1.4069232905221787
145, 199, -19.80000000000001, 911, 0.18768707345412983
146, 173, -17.199999999999974, 909, 1.4188241435276874
147, 136, -13.499999999999968, 980, 0.24268680165090695
148, 225, -22.40000000000005, 969, 1.519770917107923
149, 88, -8.699999999999985, 918, 1.3758101717186388
150, 137, -13.599999999999968, 998, 0.20401187413182775
151, 146, -14.499999999999964, 945, 0.27297921345103626
152, 63, -6.199999999999994, 934, 0.21460349185714556
153, 213, -21.20000000000003, 995, 1.4457335285736421
154, 209, -20.800000000000026, 952, 1.4122394528087852
155, 165, -16.399999999999963, 1040, 1.4702085169415486
156, 220, -21.90000000000004, 941, 0.22723311944413238
157, 71, -6.999999999999991, 964, 0.29953379958803295
158, 190, -18.9, 975, 0.2293979412758982
159, 225, -22.40000000000005, 1026, 0.27749427366185575
160, 149, -14.799999999999963, 1001, 1.4731015129497844
161, 150, -14.899999999999963, 1038, 1.5145125001335438
162, 127, -12.599999999999971, 998, 0.2818128402380302
163, 198, -19.70000000000001, 1028, 0.42908831744353715
164, 119, -11.799999999999974, 979, 0.23263447465638176
165, 225, -22.40000000000005, 1018, 0.2264314999017063
166, 178, -17.69999999999998, 1056, 0.25457109073242945
167, 202, -20.100000000000016, 1066, 1.4732563540108323
168, 103, -10.19999999999998, 1095, 0.29830233191371747
169, 225, -22.40000000000005, 1082, 1.5691937966681948
170, 112, -11.099999999999977, 1113, 0.25907034730433764
171, 216, -21.500000000000036, 1079, 0.2149747072685564
172, 225, -22.40000000000005, 1097, 0.19905171660840493
173, 225, -22.40000000000005, 1046, 0.22289842796566006
174, 158, -15.69999999999996, 1128, 0.20926730650167902
175, 225, -22.40000000000005, 1049, 0.19902629211549883
176, 225, -22.40000000000005, 1053, 1.221093967014593
177, 167, -16.599999999999966, 1061, 1.1448998278272589
178, 118, -11.699999999999974, 1093, 0.2395239992158258
179, 225, -22.40000000000005, 1129, 1.4633629871061062
180, 164, -16.29999999999996, 1115, 0.21810612413629582
181, 109, -10.799999999999978, 1181, 0.2777778753921214
182, 125, -12.399999999999972, 1219, 0.24942069662482336
183, 108, -10.699999999999978, 1053, 1.5758695344226732
184, 119, -11.799999999999974, 1139, 1.6110334012005603
185, 90, -8.899999999999984, 1133, 0.34821833422459725
186, 178, -17.69999999999998, 1088, 0.19778689608022648
187, 225, -22.40000000000005, 1212, 0.25736435981647654
188, 140, -13.899999999999967, 1120, 1.470903597690916
189, 184, -18.29999999999999, 1154, 0.23597353789510644
190, 110, -10.899999999999977, 1230, 0.23235024105676816
191, 150, -14.899999999999963, 1099, 0.20450935390942426
192, 118, -11.699999999999974, 1186, 1.452662392900881
193, 225, -22.40000000000005, 1135, 0.19868766725366105
194, 203, -20.200000000000017, 1126, 0.2289201125815934
195, 187, -18.599999999999994, 1138, 1.3752523956919438
196, 79, -7.799999999999988, 1168, 0.20566324433714245
197, 225, -22.40000000000005, 1182, 0.9766641695785108
198, 68, -6.699999999999992, 1142, 1.4037622842074953
199, 225, -22.40000000000005, 1188, 0.2500979122061002
200, 123, -12.199999999999973, 1225, 0.23957309342367283
201, 94, -9.299999999999983, 1160, 1.5622146453798154
202, 82, -8.099999999999987, 1260, 0.2358947230732975
203, 225, -22.40000000000005, 1151, 0.23294716669878734
204, 157, -15.59999999999996, 1197, 0.20254678923634017
205, 140, -13.899999999999967, 1275, 0.19342111997863998
206, 225, -22.40000000000005, 1199, 0.401974609232314
207, 87, -8.599999999999985, 1260, 1.4131926969288577
208, 169, -16.79999999999997, 1283, 0.22854235727923622
209, 225, -22.40000000000005, 1259, 0.22690137585522963
210, 128, -12.69999999999997, 1337, 0.24565305769821233
211, 116, -11.499999999999975, 1214, 0.2015773894143762
212, 94, -9.299999999999983, 1366, 0.22507299153665494
213, 225, -22.40000000000005, 1332, 1.2688197699648096
214, 137, -13.599999999999968, 1309, 0.29290021622710594
215, 208, -20.700000000000024, 1356, 0.30458216156120854
216, 90, -8.899999999999984, 1293, 0.21146606723951233
217, 185, -18.39999999999999, 1254, 0.2388077109418445
218, 213, -21.20000000000003, 1416, 0.28206475801166553
219, 63, -6.199999999999994, 1315, 0.26457165204749966
220, 118, -11.699999999999974, 1330, 1.3882404552845737
221, 225, -22.40000000000005, 1328, 0.31177674865989624
222, 127, -12.599999999999971, 1320, 0.25611457884921074
223, 225, -22.40000000000005, 1359, 0.2577069771323153
224, 142, -14.099999999999966, 1387, 0.2761945629735745
225, 225, -22.40000000000005, 1365, 0.2424179865906031
226, 191, -19.0, 1364, 0.2221012147223167
227, 82, -8.099999999999987, 1390, 0.31436226078927687
228, 225, -22.40000000000005, 1321, 0.2504282683917216
229, 181, -17.999999999999986, 1392, 0.28508434913526814
230, 173, -17.199999999999974, 1391, 0.29188818321774734
231, 88, -8.699999999999985, 1342, 1.3621918877862673
232, 225, -22.40000000000005, 1413, 1.4897272130847359
233, 225, -22.40000000000005, 1431, 0.32782999445768235
234, 61, -5.999999999999995, 1421, 0.22645636131975877
235, 198, -19.70000000000001, 1445, 1.4350628239233219
236, 54, -5.299999999999997, 1452, 0.19080744747318912
237, 186, -18.499999999999993, 1365, 0.24093667076103875
238, 111, -10.999999999999977, 1454, 0.231340823988734
239, 176, -17.49999999999998, 1451, 1.3749174235449702
240, 225, -22.40000000000005, 1457, 1.5340548951381834
241, 225, -22.40000000000005, 1395, 1.5852444014095068
242, 185, -18.39999999999999, 1415, 0.26361764164356183
243, 179, -17.799999999999983, 1393, 0.2134660861968678
244, 225, -22.40000000000005, 1405, 0.24990553722151798
245, 225, -22.40000000000005, 1508, 1.0181511454737535
246, 50, -4.899999999999999, 1418, 0.1854813509180766
247, 174, -17.299999999999976, 1467, 1.2350776241967414
248, 179, -17.799999999999983, 1441, 1.5536212702154977
249, 197, -19.60000000000001, 1494, 1.5158500062709228
250, 225, -22.40000000000005, 1409, 0.2053901369803146
251, 88, -8.699999999999985, 1399, 0.19767025603224853
252, 66, -6.499999999999993, 1392, 0.2525257864638535
253, 115, -11.399999999999975, 1492, 0.19227604196647796
254, 200, -19.900000000000013, 1530, 1.3715756235809184
255, 215, -21.400000000000034, 1428, 0.2645884208544942
256, 225, -22.40000000000005, 1511, 1.482288385632876
257, 66, -6.499999999999993, 1514, 0.2539597833286624
258, 163, -16.19999999999996, 1520, 1.5397431520016784
259, 116, -11.499999999999975, 1576, 0.2959234021434125
260, 73, -7.19999999999999, 1517, 0.2240220001032205
261, 194, -19.300000000000004, 1526, 0.24459226121276423
262, 225, -22.40000000000005, 1579, 0.26563934190255734
263, 99, -9.799999999999981, 1491, 1.4620160531997979
264, 225, -22.40000000000005, 1520, 1.4040970226125409
265, 92, -9.099999999999984, 1672, 0.1932127363627294
266, 225, -22.40000000000005, 1580, 0.25619017822062196
267, 138, -13.699999999999967, 1591, 0.2540969737001504
268, 225, -22.40000000000005, 1545, 0.3221318948640792
269, 113, -11.199999999999976, 1640, 1.170432448116709
270, 170, -16.89999999999997, 1562, 0.2961726010568224
271, 193, -19.200000000000003, 1710, 1.531803991002444
272, 143, -14.199999999999966, 1565, 1.4685703178329277
273, 225, -22.40000000000005, 1619, 1.374736039656499
274, 225, -22.40000000000005, 1640, 0.2821131128643488
275, 225, -22.40000000000005, 1606, 0.16224855481506184
276, 162, -16.09999999999996, 1664, 0.2021120341583953
277, 117, -11.599999999999975, 1703, 0.30389800582200266
278, 225, -22.40000000000005, 1613, 1.379854893248414
279, 103, -10.19999999999998, 1478, 0.31400851986817724
280, 77, -7.599999999999989, 1558, 0.31692791360595063
281, 225, -22.40000000000005, 1588, 0.2948953688990197
282, 147, -14.599999999999964, 1603, 1.4483027775188722
283, 225, -22.40000000000005, 1673, 0.23729778739566187
284, 164, -16.29999999999996, 1605, 0.2584064172766296
285, 225, -22.40000000000005, 1691, 0.2833872141610667
286, 98, -9.699999999999982, 1682, 1.3096344604871462
287, 94, -9.299999999999983, 1686, 0.21655682070350668
288, 151, -14.999999999999963, 1755, 0.205668416373332
289, 148, -14.699999999999964, 1662, 0.29951022479785827
290, 225, -22.40000000000005, 1702, 1.3638800735104621
291, 225, -22.40000000000005, 1676, 0.21421096661398698
292, 99, -9.799999999999981, 1639, 1.4152188648694635
293, 215, -21.400000000000034, 1623, 0.25052139211264723
294, 62, -6.099999999999994, 1674, 0.24548463107370044
295, 225, -22.40000000000005, 1764, 1.4782673094291985
296, 192, -19.1, 1800, 0.2302924553978858
297, 167, -16.599999999999966, 1691, 1.5362369664430016
298, 187, -18.599999999999994, 1765, 1.7079994485706613
299, 225, -22.40000000000005, 1718, 0.369769577348976
300, 117, -11.599999999999975, 1681, 0.22158537576564186
301, 156, -15.499999999999961, 1798, 1.4898248534746357
302, 225, -22.40000000000005, 1814, 0.22270633810461016
303, 225, -22.40000000000005, 1772, 0.39905247863356985
304, 225, -22.40000000000005, 1795, 0.21587052036425458
305, 139, -13.799999999999967, 1725, 0.229396074744733
306, 183, -18.19999999999999, 1780, 0.22246105877769828
307, 92, -9.099999999999984, 1748, 1.5204449001163187
308, 225, -22.40000000000005, 1885, 1.6518937328327294
309, 225, -22.40000000000005, 1718, 0.18221328287141025
310, 58, -5.699999999999996, 1763, 0.2433735535892656
311, 79, -7.799999999999988, 1893, 1.431891638605232
312, 188, -18.699999999999996, 1773, 0.25691022614487036
313, 133, -13.199999999999969, 1879, 0.27139385846619923
314, 205, -20.40000000000002, 1892, 0.2874067453929605
315, 115, -11.399999999999975, 1916, 0.2978111661012033
316, 160, -15.89999999999996, 1793, 0.8361432192392604
317, 225, -22.40000000000005, 1840, 1.5710420201152877
318, 180, -17.899999999999984, 1922, 0.4555419256776757
319, 54, -5.299999999999997, 1891, 0.18119391183081945
320, 130, -12.89999999999997, 1949, 0.29995088573506523
321, 99, -9.799999999999981, 1844, 1.4799404546087687
322, 225, -22.40000000000005, 1982, 0.244440737507841
323, 61, -5.999999999999995, 1851, 0.25530382688186926
324, 76, -7.499999999999989, 1960, 0.23067877331305997
325, 225, -22.40000000000005, 1934, 0.27203840441037586
326, 112, -11.099999999999977, 1906, 1.4558826135000684
327, 193, -19.200000000000003, 1896, 1.516900678384946
328, 145, -14.399999999999965, 1867, 0.2420413606176126
329, 225, -22.40000000000005, 1965, 0.2531322974894077
330, 225, -22.40000000000005, 1970, 0.26699364602060793
331, 175, -17.399999999999977, 1826, 0.2535299593964564
332, 153, -15.199999999999962, 1882, 0.20200083612617292
333, 225, -22.40000000000005, 1914, 0.2169458936187152
334, 225, -22.40000000000005, 1928, 0.29930999383273793
335, 225, -22.40000000000005, 1882, 0.2374108369137249
336, 174, -17.299999999999976, 1938, 1.4325685107420298
337, 174, -17.299999999999976, 2023, 0.29084449484854913
338, 87, -8.599999999999985, 1914, 0.21062415454690897
339, 225, -22.40000000000005, 2017, 0.21487545652856843
340, 120, -11.899999999999974, 1960, 1.3690816945576731
341, 88, -8.699999999999985, 1904, 0.20289902642003277
342, 225, -22.40000000000005, 2068, 0.2544051574506154
343, 225, -22.40000000000005, 1973, 0.34008377953485014
344, 141, -13.999999999999966, 2056, 1.2682119083857266
345, 76, -7.499999999999989, 2044, 0.2985323398868833
346, 225, -22.40000000000005, 1912, 0.24035361595707272
347, 101, -9.99999999999998, 1977, 0.22052034771285034
348, 63, -6.199999999999994, 2081, 0.2828194101727304
349, 173, -17.199999999999974, 2099, 0.3080297965725052
350, 208, -20.700000000000024, 2023, 0.23623873110644045
351, 82, -8.099999999999987, 1977, 0.2176674931980065
352, 192, -19.1, 1985, 0.23303007300512313
353, 138, -13.699999999999967, 1979, 1.5024373840700251
354, 110, -10.899999999999977, 1988, 0.25636286900052063
355, 95, -9.399999999999983, 2049, 0.16862208931310288
356, 156, -15.499999999999961, 2061, 0.2121034959822654
357, 146, -14.499999999999964, 2012, 0.29306686387250647
358, 198, -19.70000000000001, 2089, 1.4258507879255782
359, 171, -16.99999999999997, 2044, 1.3429752667921573
360, 225, -22.40000000000005, 2092, 0.2514043814115743
361, 147, -14.599999999999964, 2047, 0.31101972887560914
362, 181, -17.999999999999986, 1943, 0.24304781659329588
363, 57, -5.599999999999996, 2124, 0.3152446771590487
364, 84, -8.299999999999986, 2218, 1.4778632986369904
365, 68, -6.699999999999992, 2155, 0.4140485604711621
366, 75, -7.39999999999999, 2124, 0.2557664880355377
367, 185, -18.39999999999999, 1995, 1.4180846951006592
368, 177, -17.59999999999998, 1981, 1.3743995512823255
369, 103, -10.19999999999998, 2169, 0.3006543767375083
370, 129, -12.79999999999997, 2154, 0.29186960403337725
371, 80, -7.899999999999988, 2119, 1.3979650841511102
372, 174, -17.299999999999976, 2210, 0.2068374111960276
373, 149, -14.799999999999963, 2184, 1.3470043913524898
374, 123, -12.199999999999973, 2135, 0.2309197735225974
375, 121, -11.999999999999973, 2187, 0.33500778866073233
376, 145, -14.399999999999965, 2024, 0.28985949758096385
377, 127, -12.599999999999971, 2092, 0.2707922962438517
378, 145, -14.399999999999965, 2187, 0.3322244651102322
379, 225, -22.40000000000005, 2129, 1.3957661568937778
380, 156, -15.499999999999961, 2260, 0.21749616998414378
381, 172, -17.099999999999973, 2164, 0.22429149755560118
382, 76, -7.499999999999989, 2248, 0.24120537340557702
383, 115, -11.399999999999975, 2237, 0.3002266805763094
384, 225, -22.40000000000005, 2095, 0.2136250969711042
385, 106, -10.499999999999979, 2270, 0.20416429402128333
386, 225, -22.40000000000005, 2237, 0.3237844697250103
387, 137, -13.599999999999968, 2152, 1.361213427007574
388, 76, -7.499999999999989, 2241, 0.2257716274880872
389, 225, -22.40000000000005, 2218, 0.23758492298007727
390, 148, -14.699999999999964, 2174, 0.29998790020740895
391, 201, -20.000000000000014, 2269, 0.2866113869388087
392, 58, -5.699999999999996, 2220, 0.18056480770035055
393, 225, -22.40000000000005, 2226, 0.925646230354197
394, 203, -20.200000000000017, 2170, 0.22973243889724526
395, 165, -16.399999999999963, 2286, 0.2827478880652332
396, 216, -21.500000000000036, 2356, 0.22269219848138588
397, 206, -20.50000000000002, 2175, 0.34760165197520854
398, 92, -9.099999999999984, 2301, 0.25397665287893734
399, 160, -15.89999999999996, 2337, 0.20607960889151666
400, 225, -22.40000000000005, 2340, 0.20225076558823485
401, 122, -12.099999999999973, 2388, 0.2201781183024154
402, 148, -14.699999999999964, 2208, 0.24680949141824016
403, 213, -21.20000000000003, 2323, 0.2427048971469825
404, 184, -18.29999999999999, 2247, 1.47221716871192
405, 126, -12.499999999999972, 2273, 0.24666310254582524
406, 225, -22.40000000000005, 2305, 0.21693527995147255
407, 225, -22.40000000000005, 2324, 0.27723128400121233
408, 219, -21.80000000000004, 2312, 0.2725100933610731
409, 77, -7.599999999999989, 2397, 1.0423183127813864
410, 92, -9.099999999999984, 2212, 0.18521155884541995
411, 118, -11.699999999999974, 2294, 0.268292431495464
412, 111, -10.999999999999977, 2389, 0.24410640977876286
413, 147, -14.599999999999964, 2270, 0.23225133097100015
414, 225, -22.40000000000005, 2420, 0.2587158902329607
415, 145, -14.399999999999965, 2326, 0.1893108435030117
416, 220, -21.90000000000004, 2434, 1.0401798137082119
417, 206, -20.50000000000002, 2487, 0.22901695695229218
418, 88, -8.699999999999985, 2384, 1.5489267654457202
419, 203, -20.200000000000017, 2317, 0.2918073049738821
420, 134, -13.299999999999969, 2417, 0.2401446334598325
421, 170, -16.89999999999997, 2362, 0.20018221219573595
422, 126, -12.499999999999972, 2344, 0.34933612039324524
423, 174, -17.299999999999976, 2344, 0.25570293836303715
424, 213, -21.20000000000003, 2396, 1.4344549178259236
425, 127, -12.599999999999971, 2481, 0.23427329939828478
426, 122, -12.099999999999973, 2458, 0.3455190680565332
427, 222, -22.100000000000044, 2432, 0.27079738826292443
428, 61, -5.999999999999995, 2461, 0.23358291695206068
429, 165, -16.399999999999963, 2456, 0.2128595219696564
430, 113, -11.199999999999976, 2400, 0.2711530531894186
431, 92, -9.099999999999984, 2529, 0.2188273114768089
432, 153, -15.199999999999962, 2386, 0.19141725236039608
433, 177, -17.59999999999998, 2380, 1.5781714253676293
434, 118, -11.699999999999974, 2424, 0.21801786960935177
435, 123, -12.199999999999973, 2425, 1.480891098999558
436, 154, -15.299999999999962, 2526, 1.459253795430996
437, 84, -8.299999999999986, 2561, 1.4197531220859738
438, 189, -18.799999999999997, 2397, 0.3091996681488218
439, 128, -12.69999999999997, 2432, 1.318339817426522
440, 225, -22.40000000000005, 2536, 0.3009029700501258
441, 141, -13.999999999999966, 2394, 1.219216309233178
442, 94, -9.299999999999983, 2517, 0.22976337260684687
443, 225, -22.40000000000005, 2546, 1.5217862546971879
444, 225, -22.40000000000005, 2492, 1.3637997671841269
445, 164, -16.29999999999996, 2523, 1.4568519592084739
446, 225, -22.40000000000005, 2570, 1.0511465640828046
447, 225, -22.40000000000005, 2562, 0.2641360589384081
448, 131, -12.99999999999997, 2580, 0.2637031803162255
449, 225, -22.40000000000005, 2441, 0.2556151821505721
450, 93, -9.199999999999983, 2572, 0.30221749626559946
451, 94, -9.299999999999983, 2512, 1.5746403667314546
452, 64, -6.299999999999994, 2554, 0.23732487877889286
453, 225, -22.40000000000005, 2555, 1.4196682360227544
454, 59, -5.799999999999995, 2645, 0.2250912836424206
455, 225, -22.40000000000005, 2649, 0.24140434308607528
456, 186, -18.499999999999993, 2656, 0.23262329157393813
457, 127, -12.599999999999971, 2495, 0.25788421264641936
458, 165, -16.399999999999963, 2598, 0.2285973348113126
459, 188, -18.699999999999996, 2602, 0.28668376259840356
460, 225, -22.40000000000005, 2627, 0.2304992364510059
461, 121, -11.999999999999973, 2650, 0.24843545104403497
462, 49, -4.799999999999999, 2670, 0.179598004805114
463, 129, -12.79999999999997, 2526, 1.3563083648365173
464, 81, -7.999999999999988, 2709, 0.2686445053978317
465, 118, -11.699999999999974, 2558, 0.22221675448456635
466, 59, -5.799999999999995, 2710, 1.49069763346112
467, 225, -22.40000000000005, 2678, 1.4650158646485514
468, 193, -19.200000000000003, 2595, 0.19622122072632608
469, 164, -16.29999999999996, 2590, 0.20033899432503244
470, 225, -22.40000000000005, 2622, 0.2174174308153214
471, 225, -22.40000000000005, 2549, 1.212073578983087
472, 107, -10.599999999999978, 2647, 0.31247933047725085
473, 221, -22.000000000000043, 2647, 0.23723491295829513
474, 98, -9.699999999999982, 2593, 1.000313893383053
475, 117, -11.599999999999975, 2629, 0.23460643711952667
476, 79, -7.799999999999988, 2738, 0.21354097478525014
477, 139, -13.799999999999967, 2683, 0.32748852817544627
478, 195, -19.400000000000006, 2691, 1.4044960499754255
479, 150, -14.899999999999963, 2805, 0.3370467318407253
480, 225, -22.40000000000005, 2751, 0.29552247932444375
481, 225, -22.40000000000005, 2787, 0.2842224895580996
482, 68, -6.699999999999992, 2710, 0.19606196381219654
483, 225, -22.40000000000005, 2642, 1.5523927073303692
484, 85, -8.399999999999986, 2657, 0.18850785777961754
485, 222, -22.100000000000044, 2625, 0.2511290987085548
486, 64, -6.299999999999994, 2707, 0.18809776218381247
487, 61, -5.999999999999995, 2747, 0.31478112492199894
488, 225, -22.40000000000005, 2734, 0.21330919729185543
489, 126, -12.499999999999972, 2855, 1.4635841248343042
490, 83, -8.199999999999987, 2791, 0.3977759524949309
491, 189, -18.799999999999997, 2797, 0.19817760020907627
492, 87, -8.599999999999985, 2792, 0.2605089812691892
493, 225, -22.40000000000005, 2641, 1.4597348450508625
494, 87, -8.599999999999985, 2750, 0.23519386762233063
495, 225, -22.40000000000005, 2779, 0.2292398283763124
496, 225, -22.40000000000005, 2765, 0.21436908669006782
497, 225, -22.40000000000005, 2704, 0.20040616970575398
498, 225, -22.40000000000005, 2782, 1.435717465659471
499, 225, -22.40000000000005, 2831, 0.27047077865125635
500, 186, -18.499999999999993, 2861, 0.14014866204650822
501, 107, -10.599999999999978, 2866, 0.3364242309698233
502, 95, -9.399999999999983, 2864, 1.1992824755363722
503, 219, -21.80000000000004, 2838, 0.25417504907754296
504, 225, -22.40000000000005, 2835, 0.3138534864927194
505, 225, -22.40000000000005, 2837, 0.27902855085501876
506, 225, -22.40000000000005, 2914, 1.3932378656143247
507, 92, -9.099999999999984, 2851, 1.482082647428421
508, 133, -13.199999999999969, 2892, 0.3171106825355383
509, 88, -8.699999999999985, 2855, 1.4989546699131253
510, 100, -9.89999999999998, 2879, 1.3740295746086484
511, 127, -12.599999999999971, 2873, 0.2750973324495285
512, 225, -22.40000000000005, 2861, 0.23615410617881238
513, 225, -22.40000000000005, 3034, 0.2884488511541363
514, 156, -15.499999999999961, 2844, 0.23528550916964175
515, 170, -16.89999999999997, 2970, 0.2377400276678696
516, 74, -7.29999999999999, 2826, 0.27460816996088466
517, 128, -12.69999999999997, 2972, 1.2098623137351772
518, 225, -22.40000000000005, 2941, 1.6441471899726015
519, 85, -8.399999999999986, 2922, 0.19482873925828548
520, 171, -16.99999999999997, 2979, 0.2872656900461359
521, 155, -15.399999999999961, 2914, 0.1937837746098212
522, 225, -22.40000000000005, 2861, 0.2843702735672857
523, 225, -22.40000000000005, 2827, 1.4322356038987407
524, 104, -10.29999999999998, 2785, 1.5137529710802708
525, 128, -12.69999999999997, 3045, 0.25458605359992825
526, 216, -21.500000000000036, 2992, 0.2586799520801377
527, 225, -22.40000000000005, 2791, 0.29917041597720884
528, 200, -19.900000000000013, 2934, 0.1983919050496843
529, 191, -19.0, 2962, 0.3451915367926395
530, 54, -5.299999999999997, 2971, 1.2873908529993117
531, 138, -13.699999999999967, 3016, 1.5486908786341895
532, 112, -11.099999999999977, 2886, 1.4003841167331945
533, 185, -18.39999999999999, 2938, 0.20258482412980028
534, 225, -22.40000000000005, 2989, 0.22989905632900864
535, 92, -9.099999999999984, 2915, 0.24744802115695608
536, 225, -22.40000000000005, 2971, 1.4959947923343009
537, 225, -22.40000000000005, 3039, 0.2898822823196987
538, 194, -19.300000000000004, 2887, 0.3961194379616755
539, 210, -20.900000000000027, 3005, 0.29424329775013947
540, 55, -5.399999999999997, 2994, 1.4363744379841543
541, 205, -20.40000000000002, 3100, 1.4865000204695193
542, 106, -10.499999999999979, 3060, 0.21867483664417708
543, 102, -10.09999999999998, 3009, 1.1628563263400071
544, 161, -15.99999999999996, 3033, 0.1739609913588937
545, 113, -11.199999999999976, 2996, 0.3162923071950652
546, 129, -12.79999999999997, 2812, 0.22447599638207372
547, 107, -10.599999999999978, 2982, 0.335352718317659
548, 222, -22.100000000000044, 3064, 1.418728856389229
549, 225, -22.40000000000005, 3202, 0.26153500224554316
550, 225, -22.40000000000005, 3016, 0.20620120512042073
551, 91, -8.999999999999984, 3045, 1.3814001441536017
552, 73, -7.19999999999999, 3072, 0.24114458090976765
553, 173, -17.199999999999974, 3088, 0.22290345857520855
554, 178, -17.69999999999998, 3304, 0.1729520717396631
555, 225, -22.40000000000005, 3069, 0.22882037296803537
556, 88, -8.699999999999985, 3151, 1.302047838059263
557, 182, -18.099999999999987, 3301, 0.2888509532459038
558, 225, -22.40000000000005, 2943, 0.23250841479442186
559, 207, -20.600000000000023, 3228, 0.9453143862815301
560, 89, -8.799999999999985, 3069, 0.23154317973728933
561, 164, -16.29999999999996, 3226, 0.8963042412716984
562, 90, -8.899999999999984, 3215, 0.23025427121847386
563, 185, -18.39999999999999, 3139, 1.6260543931819784
564, 225, -22.40000000000005, 3150, 0.2927560602359853
565, 122, -12.099999999999973, 3183, 0.21841355622973735
566, 219, -21.80000000000004, 3259, 0.2006387642740337
567, 76, -7.499999999999989, 3222, 1.1130449262667623
568, 95, -9.399999999999983, 3183, 0.2491589644027874
569, 225, -22.40000000000005, 3157, 1.2014191997663746
570, 225, -22.40000000000005, 3191, 0.28130516632929403
571, 214, -21.300000000000033, 3118, 0.36388539120746266
572, 219, -21.80000000000004, 3248, 0.27198600100839476
573, 225, -22.40000000000005, 3197, 1.437949361226989
574, 100, -9.89999999999998, 3252, 0.1952311767916166
575, 92, -9.099999999999984, 3205, 0.3114943125693592
576, 134, -13.299999999999969, 3083, 0.24624583316637016
577, 137, -13.599999999999968, 3174, 0.27254499818392475
578, 72, -7.099999999999991, 3117, 0.20561059270163584
579, 225, -22.40000000000005, 3139, 0.31164192953645786
580, 225, -22.40000000000005, 3145, 0.3593391259326335
581, 60, -5.899999999999995, 3272, 0.30796414324595345
582, 225, -22.40000000000005, 3160, 0.22819091519897738
583, 119, -11.799999999999974, 3356, 1.2312190829298184
584, 101, -9.99999999999998, 3179, 0.24173494614947955
585, 109, -10.799999999999978, 3203, 1.2962063948076676
586, 100, -9.89999999999998, 3174, 0.19365282174785614
587, 221, -22.000000000000043, 3271, 1.5570554836137585
588, 116, -11.499999999999975, 3256, 0.2132861268201327
589, 155, -15.399999999999961, 3274, 0.27571030891712534
590, 89, -8.799999999999985, 3312, 1.3952286432943994
591, 225, -22.40000000000005, 3335, 1.299722093636742
592, 112, -11.099999999999977, 3359, 0.33243729988144277
593, 144, -14.299999999999965, 3289, 1.441316377441431
594, 125, -12.399999999999972, 3370, 1.3908777292303145
595, 139, -13.799999999999967, 3369, 0.25334040994840823
596, 225, -22.40000000000005, 3358, 1.3983835680027674
597, 225, -22.40000000000005, 3316, 0.2662790071494314
598, 225, -22.40000000000005, 3261, 0.26108054121072044
599, 152, -15.099999999999962, 3298, 0.20507305449311053
600, 173, -17.199999999999974, 3393, 0.3292778707779156
601, 139, -13.799999999999967, 3318, 1.440441713599045
602, 92, -9.099999999999984, 3301, 0.274382473396261
603, 219, -21.80000000000004, 3371, 0.29285510674618753
604, 225, -22.40000000000005, 3339, 0.26326699282917865
605, 113, -11.199999999999976, 3361, 0.20082549457615073
606, 126, -12.499999999999972, 3467, 0.2350735376630113
607, 199, -19.80000000000001, 3325, 0.32922612541230967
608, 225, -22.40000000000005, 3454, 0.30195735593439155
609, 102, -10.09999999999998, 3441, 0.2409565960986293
610, 83, -8.199999999999987, 3379, 0.17697725635468387
611, 225, -22.40000000000005, 3271, 0.2794283710912857
612, 225, -22.40000000000005, 3429, 0.25084889718717873
613, 225, -22.40000000000005, 3387, 0.32302442234594997
614, 114, -11.299999999999976, 3476, 0.2333595926441192
615, 102, -10.09999999999998, 3485, 1.1906744214286613
616, 225, -22.40000000000005, 3511, 0.2532468925920579
617, 225, -22.40000000000005, 3351, 0.2747249078757963
618, 68, -6.699999999999992, 3259, 0.27538166227467986
619, 82, -8.099999999999987, 3498, 0.25187957099142677
620, 225, -22.40000000000005, 3303, 1.558571262711825
621, 123, -12.199999999999973, 3384, 0.2475693191443975
622, 69, -6.799999999999992, 3502, 1.3748246905466273
623, 80, -7.899999999999988, 3494, 0.23477386832752867
624, 152, -15.099999999999962, 3341, 0.24776491136195844
625, 100, -9.89999999999998, 3498, 0.2596342269656913
626, 225, -22.40000000000005, 3512, 1.4415954946107763
627, 152, -15.099999999999962, 3498, 0.7650401635993047
628, 77, -7.599999999999989, 3398, 0.26848170841302643
629, 168, -16.699999999999967, 3545, 0.26648768920023835
630, 102, -10.09999999999998, 3466, 0.2523044745938835
631, 134, -13.299999999999969, 3515, 0.2817028661194101
632, 81, -7.999999999999988, 3482, 0.24613489926061916
633, 108, -10.699999999999978, 3607, 0.24485083116185624
634, 225, -22.40000000000005, 3575, 1.399277648803329
635, 225, -22.40000000000005, 3533, 0.3607041644485507
636, 195, -19.400000000000006, 3481, 0.2929479307862853
637, 225, -22.40000000000005, 3522, 1.4047761270510812
638, 225, -22.40000000000005, 3598, 0.2244172660690713
639, 225, -22.40000000000005, 3720, 0.177109177315538
640, 147, -14.599999999999964, 3562, 0.9796762248418593
641, 96, -9.499999999999982, 3384, 0.21600323812839162
642, 141, -13.999999999999966, 3521, 0.2157361210878186
643, 225, -22.40000000000005, 3609, 0.24166177502853836
644, 69, -6.799999999999992, 3651, 0.30215304371731977
645, 90, -8.899999999999984, 3660, 1.467183874260857
646, 134, -13.299999999999969, 3450, 1.384538286670857
647, 171, -16.99999999999997, 3582, 0.304957171490439
648, 156, -15.499999999999961, 3587, 0.20411678072894945
649, 88, -8.699999999999985, 3697, 0.26150558298021
650, 57, -5.599999999999996, 3574, 0.2432655697357804
651, 151, -14.999999999999963, 3570, 0.24871683568397088
652, 133, -13.199999999999969, 3534, 1.4897546336447336
653, 126, -12.499999999999972, 3553, 0.32039863751152087
654, 139, -13.799999999999967, 3500, 0.24211421310940162
655, 225, -22.40000000000005, 3576, 0.25950612421860386
656, 99, -9.799999999999981, 3686, 0.2630356842767818
657, 132, -13.09999999999997, 3519, 0.2737266596800618
658, 225, -22.40000000000005, 3692, 0.21893423060222084
659, 176, -17.49999999999998, 3672, 0.24414482229581824
660, 197, -19.60000000000001, 3787, 0.33374594200743424
661, 225, -22.40000000000005, 3774, 0.19012623884539925
662, 225, -22.40000000000005, 3650, 1.476424555641531
663, 225, -22.40000000000005, 3760, 0.2372554524950612
664, 225, -22.40000000000005, 3647, 1.405541882204353
665, 82, -8.099999999999987, 3673, 1.423754685984806
666, 109, -10.799999999999978, 3662, 0.24966952394565578
667, 103, -10.19999999999998, 3713, 0.18024317625827102
668, 97, -9.599999999999982, 3732, 0.2270587826846251
669, 225, -22.40000000000005, 3717, 0.356275860967032
670, 225, -22.40000000000005, 3507, 0.3239705348267403
671, 72, -7.099999999999991, 3773, 0.28183199411221205
672, 88, -8.699999999999985, 3727, 0.27090360134486097
673, 118, -11.699999999999974, 3794, 1.343481691396407
674, 108, -10.699999999999978, 3773, 0.18351809908920602
675, 225, -22.40000000000005, 3714, 0.2701191693767919
676, 75, -7.39999999999999, 3751, 0.26337673617339963
677, 115, -11.399999999999975, 3778, 0.29894250393620214
678, 139, -13.799999999999967, 3726, 1.4385199075187383
679, 93, -9.199999999999983, 3725, 0.28403363608175525
680, 225, -22.40000000000005, 3614, 0.23451670996725116
681, 221, -22.000000000000043, 3904, 0.30564258446081816
682, 206, -20.50000000000002, 3920, 1.3660011194019623
683, 73, -7.19999999999999, 3721, 0.2436527851145076
684, 95, -9.399999999999983, 3848, 0.2578972982329435
685, 100, -9.89999999999998, 3985, 1.3752621984117277
686, 225, -22.40000000000005, 3835, 0.24555873675724937
687, 110, -10.899999999999977, 3749, 0.19447617283635665
688, 83, -8.199999999999987, 3861, 0.19379063961853393
689, 138, -13.699999999999967, 3827, 0.18141614824540442
690, 225, -22.40000000000005, 3770, 0.2926131576970388
691, 130, -12.89999999999997, 3876, 0.27395445358400083
692, 163, -16.19999999999996, 3780, 0.3109793266558416
693, 141, -13.999999999999966, 3883, 0.2749667862214391
694, 57, -5.599999999999996, 3864, 1.3807505621709448
695, 225, -22.40000000000005, 3837, 1.4241971971488696
696, 178, -17.69999999999998, 3790, 0.23837821770997802
697, 86, -8.499999999999986, 3892, 0.20154516752801666
698, 120, -11.899999999999974, 3781, 1.426267529768597
699, 225, -22.40000000000005, 3734, 0.22858451113645684
700, 150, -14.899999999999963, 4014, 0.22679773606955012
701, 113, -11.199999999999976, 3878, 0.19752936822949385
702, 208, -20.700000000000024, 3838, 0.4175493043957639
703, 123, -12.199999999999973, 3862, 1.6415080472005366
704, 95, -9.399999999999983, 3875, 0.17658467232598962
705, 68, -6.699999999999992, 3896, 0.2421987744823384
706, 225, -22.40000000000005, 3921, 1.5884095008023982
707, 75, -7.39999999999999, 3879, 0.23452260681357873
708, 225, -22.40000000000005, 3881, 0.2834460163551731
709, 87, -8.599999999999985, 3908, 0.22741161168385204
710, 81, -7.999999999999988, 3938, 1.1031067055390482
711, 159, -15.79999999999996, 3864, 0.1876629834913932
712, 112, -11.099999999999977, 3935, 0.20713505578714475
713, 103, -10.19999999999998, 3791, 0.24539504448620075
714, 225, -22.40000000000005, 3843, 0.24172664180031145
715, 195, -19.400000000000006, 4017, 0.1951302604020244
716, 225, -22.40000000000005, 4096, 0.21155790642212535
717, 70, -6.8999999999999915, 3986, 0.27442643158860625
718, 174, -17.299999999999976, 3994, 0.22166593564059245
719, 161, -15.99999999999996, 3904, 1.434337835021942
720, 58, -5.699999999999996, 3824, 1.075231385263866
721, 225, -22.40000000000005, 4097, 0.2606767815510893
722, 225, -22.40000000000005, 4035, 1.4221897936268513
723, 225, -22.40000000000005, 3878, 1.3948828824954305
724, 68, -6.699999999999992, 4031, 0.22142425304445568
725, 157, -15.59999999999996, 4026, 0.3143843756102025
726, 148, -14.699999999999964, 3973, 0.20826290426375593
727, 121, -11.999999999999973, 4036, 0.18278761578425595
728, 225, -22.40000000000005, 4031, 0.24175932538663725
729, 93, -9.199999999999983, 3929, 0.21812152289245712
730, 163, -16.19999999999996, 3982, 0.30298106070964415
731, 162, -16.09999999999996, 3896, 0.2626506259707422
732, 134, -13.299999999999969, 4065, 0.22805955492930008
733, 56, -5.4999999999999964, 4155, 1.330457985163767
734, 216, -21.500000000000036, 3990, 0.21834652790065823
735, 71, -6.999999999999991, 4160, 0.19844781280993495
736, 135, -13.399999999999968, 4033, 1.4186309689813938
737, 225, -22.40000000000005, 3922, 1.2119787760194636
738, 117, -11.599999999999975, 4103, 0.22940115894117996
739, 78, -7.699999999999989, 4047, 0.24014730733237233
740, 147, -14.599999999999964, 4067, 0.21231842801787115
741, 108, -10.699999999999978, 4102, 1.0463940181080922
742, 186, -18.499999999999993, 3952, 0.2917889686894011
743, 225, -22.40000000000005, 4100, 0.2504251365304446
744, 84, -8.299999999999986, 4049, 0.23604527106570017
745, 99, -9.799999999999981, 4083, 0.2867409547349533
746, 208, -20.700000000000024, 4122, 0.24687854623928196
747, 153, -15.199999999999962, 4160, 0.20103647589993923
748, 225, -22.40000000000005, 4080, 0.20633050290190003
749, 137, -13.599999999999968, 4135, 0.21765642886399217
750, 166, -16.499999999999964, 4047, 1.2596947608226485
751, 225, -22.40000000000005, 4137, 1.278446520000311
752, 225, -22.40000000000005, 4147, 0.25679989067750686
753, 120, -11.899999999999974, 4192, 0.22256200676873483
754, 225, -22.40000000000005, 4230, 0.2717802914263392
755, 225, -22.40000000000005, 4174, 0.23377548808818593
756, 62, -6.099999999999994, 4283, 0.2668460104473085
757, 225, -22.40000000000005, 4197, 0.3383656428934638
758, 147, -14.599999999999964, 4009, 0.9199861382059447
759, 225, -22.40000000000005, 4135, 0.18679874226031812
760, 91, -8.999999999999984, 4141, 0.21088998795185665
761, 64, -6.299999999999994, 4151, 0.2310085152572774
762, 225, -22.40000000000005, 4070, 0.22543567531887132
763, 183, -18.19999999999999, 4192, 0.2739362094196487
764, 225, -22.40000000000005, 4213, 0.25256917281534097
765, 84, -8.299999999999986, 4336, 1.5917865837136085
766, 70, -6.8999999999999915, 4226, 0.23061613595096375
767, 165, -16.399999999999963, 4296, 0.23563751807331512
768, 119, -11.799999999999974, 4072, 0.27786441753023183
769, 225, -22.40000000000005, 4246, 0.25236464322478813
770, 158, -15.69999999999996, 4096, 0.24513800721978685
771, 225, -22.40000000000005, 4286, 0.27075688057808733
772, 158, -15.69999999999996, 4319, 1.544853394409519
773, 225, -22.40000000000005, 4307, 0.20040083925424157
774, 225, -22.40000000000005, 4108, 1.2881560768983462
775, 82, -8.099999999999987, 4177, 0.2511287407736562
776, 61, -5.999999999999995, 4418, 0.26429582673832996
777, 104, -10.29999999999998, 4148, 0.20326776158023518
778, 150, -14.899999999999963, 4170, 0.19825197231568503
779, 225, -22.40000000000005, 4398, 1.4458332219059047
780, 113, -11.199999999999976, 4277, 0.2832362349536015
781, 225, -22.40000000000005, 4228, 0.1859153109454572
782, 73, -7.19999999999999, 4211, 0.283872485330781
783, 225, -22.40000000000005, 4234, 1.516912947447457
784, 70, -6.8999999999999915, 4098, 0.31364737822167177
785, 76, -7.499999999999989, 4397, 0.25206455812857964
786, 221, -22.000000000000043, 4387, 0.23618404510565894
787, 225, -22.40000000000005, 4365, 0.23855489564470655
788, 225, -22.40000000000005, 4385, 1.365692661829776
789, 79, -7.799999999999988, 4247, 1.372825959816029
790, 225, -22.40000000000005, 4493, 0.24228292341124424
791, 225, -22.40000000000005, 4436, 1.3205121504981348
792, 131, -12.99999999999997, 4425, 0.25048503681615797
793, 178, -17.69999999999998, 4333, 0.27276033708196135
794, 225, -22.40000000000005, 4456, 0.22635539627397716
795, 144, -14.299999999999965, 4362, 0.2664085997010339
796, 225, -22.40000000000005, 4323, 0.2581118380063492
797, 56, -5.4999999999999964, 4282, 0.22056961381608287
798, 69, -6.799999999999992, 4451, 0.22879625425927497
799, 193, -19.200000000000003, 4461, 0.3179860898381599
800, 116, -11.499999999999975, 4313, 0.2349892972178802
801, 225, -22.40000000000005, 4475, 1.3743134433928095
802, 100, -9.89999999999998, 4441, 0.25134876304853304
803, 127, -12.599999999999971, 4438, 0.26162880640242037
804, 214, -21.300000000000033, 4398, 0.2927269153662311
805, 92, -9.099999999999984, 4416, 0.22083675177762996
806, 225, -22.40000000000005, 4637, 0.28239997002497796
807, 169, -16.79999999999997, 4550, 1.4400864105486377
808, 196, -19.500000000000007, 4368, 0.2615670477835512
809, 225, -22.40000000000005, 4472, 1.5437717420028139
810, 225, -22.40000000000005, 4451, 0.22930707089685542
811, 71, -6.999999999999991, 4366, 0.23824513063410535
812, 216, -21.500000000000036, 4379, 0.23651353393533603
813, 225, -22.40000000000005, 4446, 0.2775683230471562
814, 122, -12.099999999999973, 4266, 0.44799847584819874
815, 225, -22.40000000000005, 4316, 1.3619208408497387
816, 197, -19.60000000000001, 4459, 1.4015549730623198
817, 225, -22.40000000000005, 4580, 0.2479003252339318
818, 78, -7.699999999999989, 4633, 0.2374870392154862
819, 165, -16.399999999999963, 4540, 1.1399298927185755
820, 57, -5.599999999999996, 4378, 1.3300343255713303
821, 225, -22.40000000000005, 4607, 1.4031229494695365
822, 66, -6.499999999999993, 4426, 1.4300447220396844
823, 215, -21.400000000000034, 4407, 0.20340215056140165
824, 190, -18.9, 4587, 0.22477050683299682
825, 225, -22.40000000000005, 4614, 0.21891620098099507
826, 75, -7.39999999999999, 4454, 0.21348133575783645
827, 130, -12.89999999999997, 4618, 0.18587705117320485
828, 107, -10.599999999999978, 4587, 0.25072339098387353
829, 172, -17.099999999999973, 4456, 0.24276485977683882
830, 225, -22.40000000000005, 4541, 0.23395063414152673
831, 225, -22.40000000000005, 4554, 1.4661777428925593
832, 225, -22.40000000000005, 4498, 1.3894335392370503
833, 104, -10.29999999999998, 4541, 0.931985495841694
834, 92, -9.099999999999984, 4490, 1.3747288094225345
835, 77, -7.599999999999989, 4565, 0.3018858970380942
836, 79, -7.799999999999988, 4568, 0.24934645364725627
837, 147, -14.599999999999964, 4580, 0.24930462744338877
838, 60, -5.899999999999995, 4545, 0.2199256655242623
839, 157, -15.59999999999996, 4590, 0.25187946971327246
840, 225, -22.40000000000005, 4508, 0.2439551134875635
841, 225, -22.40000000000005, 4662, 0.1879849397700717
842, 89, -8.799999999999985, 4543, 0.32149241171442444
843, 82, -8.099999999999987, 4600, 1.3750935162278677
844, 69, -6.799999999999992, 4461, 0.24312801561637798
845, 203, -20.200000000000017, 4634, 0.21713143768395549
846, 225, -22.40000000000005, 4798, 1.3574152872407321
847, 111, -10.999999999999977, 4613, 1.3725828238696378
848, 117, -11.599999999999975, 4720, 0.23430805669770427
849, 62, -6.099999999999994, 4622, 0.3784353370504503
850, 148, -14.699999999999964, 4964, 0.2125711937085688
851, 95, -9.399999999999983, 4593, 1.3782377911301968
852, 225, -22.40000000000005, 4778, 0.2543902987588309
853, 111, -10.999999999999977, 4592, 1.5318331141198662
854, 225, -22.40000000000005, 4727, 1.434222482658166
855, 225, -22.40000000000005, 4701, 0.2853696353090682
856, 74, -7.29999999999999, 4617, 0.2262706658202709
857, 225, -22.40000000000005, 4712, 0.17933301753231
858, 181, -17.999999999999986, 4533, 0.2984581333323444
859, 225, -22.40000000000005, 4656, 1.4387791852483478
860, 225, -22.40000000000005, 4720, 0.2874397070597774
861, 151, -14.999999999999963, 4733, 1.368665406605993
862, 161, -15.99999999999996, 4529, 0.16066456186515676
863, 93, -9.199999999999983, 4698, 0.1923129604416176
864, 185, -18.39999999999999, 4667, 0.2078950337485166
865, 76, -7.499999999999989, 4677, 1.429835800392583
866, 100, -9.89999999999998, 4816, 0.3029095382065794
867, 225, -22.40000000000005, 4691, 0.2750212050853551
868, 225, -22.40000000000005, 4909, 0.3009632836016638
869, 225, -22.40000000000005, 4845, 0.2392024304405176
870, 198, -19.70000000000001, 4950, 1.5040344018753875
871, 225, -22.40000000000005, 4790, 0.25519588986523
872, 97, -9.599999999999982, 4851, 0.22706898987471957
873, 118, -11.699999999999974, 4790, 0.2417322264821946
874, 224, -22.300000000000047, 4873, 0.24866979078361817
875, 115, -11.399999999999975, 4743, 0.2269809760018302
876, 63, -6.199999999999994, 4763, 1.3750299288866237
877, 99, -9.799999999999981, 4661, 1.465366040771613
878, 102, -10.09999999999998, 4938, 0.26527163645801344
879, 225, -22.40000000000005, 4884, 0.3015513549430949
880, 80, -7.899999999999988, 4905, 1.481500844471552
881, 104, -10.29999999999998, 4866, 0.26514474194650584
882, 225, -22.40000000000005, 4856, 0.22709990088060872
883, 225, -22.40000000000005, 4782, 1.3721902508345842
884, 225, -22.40000000000005, 4979, 0.2301423864931058
885, 59, -5.799999999999995, 4846, 0.22069107548839595
886, 103, -10.19999999999998, 4855, 0.16459380904012266
887, 113, -11.199999999999976, 4823, 0.19434380798726902
888, 182, -18.099999999999987, 4819, 1.4601332137819076
889, 140, -13.899999999999967, 4986, 0.19156100953650856
890, 71, -6.999999999999991, 4888, 0.24514250734462406
891, 204, -20.30000000000002, 4909, 0.2241716282855437
892, 225, -22.40000000000005, 4888, 0.2034829244234782
893, 123, -12.199999999999973, 4770, 1.43663342639111
894, 154, -15.299999999999962, 4850, 0.2825918209846072
895, 126, -12.499999999999972, 4771, 0.16129040806709938
896, 205, -20.40000000000002, 4837, 1.4241398297036285
897, 195, -19.400000000000006, 4769, 1.4239116095279991
898, 160, -15.89999999999996, 4803, 1.4673290433431616
899, 225, -22.40000000000005, 4887, 0.21583255162357196
900, 114, -11.299999999999976, 4698, 1.473542047612503
901, 87, -8.599999999999985, 4936, 0.24461868293575328
902, 225, -22.40000000000005, 4927, 1.3353544609639014
903, 225, -22.40000000000005, 5028, 0.20141862621075735
904, 197, -19.60000000000001, 5005, 1.4219519545567139
905, 140, -13.899999999999967, 5037, 0.23248335759483885
906, 100, -9.89999999999998, 5022, 0.24326814296860078
907, 112, -11.099999999999977, 4824, 0.28537627320786507
908, 124, -12.299999999999972, 4996, 0.2726572575258359
909, 142, -14.099999999999966, 4805, 0.21729848389422424
910, 159, -15.79999999999996, 5022, 0.2417078021485497
911, 173, -17.199999999999974, 5060, 0.35561081801424077
912, 139, -13.799999999999967, 5081, 0.227081604843955
913, 121, -11.999999999999973, 4912, 0.36772482193070566
914, 225, -22.40000000000005, 5099, 1.5053553193515525
915, 133, -13.199999999999969, 4815, 0.19750232587713068
916, 225, -22.40000000000005, 5010, 0.2646214599060047
917, 154, -15.299999999999962, 4951, 0.2842924578674111
918, 225, -22.40000000000005, 4967, 0.22863719117266124
919, 72, -7.099999999999991, 5018, 0.23967506921989923
920, 225, -22.40000000000005, 4950, 0.23000215171794025
921, 225, -22.40000000000005, 5132, 0.21584902559364427
922, 98, -9.699999999999982, 4956, 0.17250347232473207
923, 225, -22.40000000000005, 4963, 0.24563504140702097
924, 225, -22.40000000000005, 4949, 0.2753402873798665
925, 107, -10.599999999999978, 4994, 0.21796729468158782
926, 114, -11.299999999999976, 5011, 1.5140565393478416
927, 225, -22.40000000000005, 5164, 0.2517182359300205
928, 225, -22.40000000000005, 5095, 0.25874812715614803
929, 225, -22.40000000000005, 5123, 0.28214557531685136
930, 184, -18.29999999999999, 5076, 0.34535202663243814
931, 189, -18.799999999999997, 5024, 0.2574470817933858
932, 109, -10.799999999999978, 5182, 0.2815227296882168
933, 140, -13.899999999999967, 5086, 0.25527674136842116
934, 225, -22.40000000000005, 5247, 1.336779092036123
935, 72, -7.099999999999991, 5238, 0.2726116756733563
936, 79, -7.799999999999988, 5189, 0.20374112714082981
937, 169, -16.79999999999997, 5169, 1.4372196665001091
938, 128, -12.69999999999997, 4948, 0.2549154298527152
939, 187, -18.599999999999994, 5226, 0.21560344450273483
940, 225, -22.40000000000005, 5122, 0.1919812336480975
941, 225, -22.40000000000005, 5254, 0.32153334279521095
942, 225, -22.40000000000005, 5241, 0.2627811223353742
943, 225, -22.40000000000005, 5009, 0.2846523378127368
944, 225, -22.40000000000005, 5377, 0.2567295485992629
945, 225, -22.40000000000005, 5115, 0.22112813390606778
946, 225, -22.40000000000005, 5201, 1.4469407757243955
947, 50, -4.899999999999999, 5111, 0.20299012144180828
948, 144, -14.299999999999965, 5147, 1.4404891302873821
949, 166, -16.499999999999964, 5166, 1.6077633787757506
950, 160, -15.89999999999996, 5032, 0.31744341835483003
951, 154, -15.299999999999962, 5178, 1.4297860496549557
952, 76, -7.499999999999989, 5153, 1.0509831627989805
953, 103, -10.19999999999998, 5348, 0.33557072465830595
954, 160, -15.89999999999996, 5176, 0.24061032217483946
955, 83, -8.199999999999987, 5249, 1.3744941409416174
956, 143, -14.199999999999966, 5280, 0.27753758922176486
957, 80, -7.899999999999988, 5126, 0.3358573123001818
958, 225, -22.40000000000005, 5320, 0.18410223164243522
959, 205, -20.40000000000002, 5341, 0.45979869195248724
960, 225, -22.40000000000005, 5096, 0.31375536912000923
961, 225, -22.40000000000005, 5428, 1.4380504754401398
962, 80, -7.899999999999988, 5146, 0.29296750155001483
963, 115, -11.399999999999975, 5341, 1.42060638010811
964, 225, -22.40000000000005, 5236, 0.3441914610602086
965, 130, -12.89999999999997, 5308, 0.2112240703741124
966, 225, -22.40000000000005, 5371, 1.4896899636654284
967, 225, -22.40000000000005, 5197, 1.392123652776684
968, 225, -22.40000000000005, 5448, 0.24707355681094967
969, 176, -17.49999999999998, 5166, 0.23048291462341863
970, 225, -22.40000000000005, 5230, 0.2760553959092593
971, 127, -12.599999999999971, 5464, 1.4615659732157251
972, 170, -16.89999999999997, 5268, 1.661931832294513
973, 123, -12.199999999999973, 5341, 0.22176247869695498
974, 197, -19.60000000000001, 5509, 0.23905530836023114
975, 127, -12.599999999999971, 5467, 0.9696948573122386
976, 174, -17.299999999999976, 5320, 0.23670633098857108
977, 110, -10.899999999999977, 5224, 0.25803712063806294
978, 113, -11.199999999999976, 5280, 1.3880195919928706
979, 225, -22.40000000000005, 5382, 1.4588791618277754
980, 140, -13.899999999999967, 5372, 0.21240436472653568
981, 225, -22.40000000000005, 5389, 0.2258832731487712
982, 103, -10.19999999999998, 5300, 0.24722095855765636
983, 167, -16.599999999999966, 5207, 0.23066026294163344
984, 154, -15.299999999999962, 5292, 0.19547503173392222
985, 225, -22.40000000000005, 5274, 0.25470915943190664
986, 185, -18.39999999999999, 5465, 0.23857203140522465
987, 177, -17.59999999999998, 5416, 0.27707237011684027
988, 60, -5.899999999999995, 5444, 0.2721763398082575
989, 216, -21.500000000000036, 5341, 0.24688313447441423
990, 225, -22.40000000000005, 5498, 0.2163170632885103
991, 225, -22.40000000000005, 5356, 0.2335503739734639
992, 162, -16.09999999999996, 5376, 1.4345662796490524
993, 113, -11.199999999999976, 5549, 1.354014734763525
994, 225, -22.40000000000005, 5453, 1.2064182337817764
995, 116, -11.499999999999975, 5527, 0.23442140212400586
996, 73, -7.19999999999999, 5321, 0.20527865930358669
997, 95, -9.399999999999983, 5505, 1.5789143236167018
998, 225, -22.40000000000005, 5381, 0.27003490977977673
999, 122, -12.099999999999973, 5453, 1.3781236329064368
1000, 69, -6.799999999999992, 5374, 0.30383211928647924
