Episode, Steps, Reward, Time (in milliseconds), Convergence
1, 225, -22.40000000000005, 55, 0.16754609670345944
2, 225, -22.40000000000005, 35, 0.18214859591918997
3, 225, -22.40000000000005, 73, 0.19029490336249433
4, 225, -22.40000000000005, 71, 0.15309473720675426
5, 225, -22.40000000000005, 87, 1.3911313348225944
6, 225, -22.40000000000005, 78, 0.16615310099251068
7, 225, -22.40000000000005, 98, 0.16179703602725892
8, 225, -22.40000000000005, 116, 0.18342423135634411
9, 225, -22.40000000000005, 95, 0.16860508820836428
10, 225, -22.40000000000005, 117, 0.13466875925181543
11, 225, -22.40000000000005, 127, 1.0715933608587727
12, 225, -22.40000000000005, 110, 0.20420147705394986
13, 225, -22.40000000000005, 152, 0.22896423055952664
14, 173, -17.199999999999974, 130, 0.18476568125398343
15, 225, -22.40000000000005, 133, 0.2974954820486313
16, 225, -22.40000000000005, 144, 0.20782415702711132
17, 225, -22.40000000000005, 125, 0.15987505403356628
18, 225, -22.40000000000005, 139, 0.16471759034959121
19, 225, -22.40000000000005, 131, 0.18241313980205098
20, 225, -22.40000000000005, 155, 1.3769543103133857
21, 225, -22.40000000000005, 153, 0.15417843784283436
22, 225, -22.40000000000005, 142, 0.2135059005385207
23, 225, -22.40000000000005, 158, 0.18290429455246637
24, 118, -11.699999999999974, 149, 0.14672841972615913
25, 225, -22.40000000000005, 164, 0.29894405543806435
26, 225, -22.40000000000005, 162, 0.2219067214926791
27, 225, -22.40000000000005, 168, 0.17749305172913732
28, 225, -22.40000000000005, 177, 0.21715321115688102
29, 212, -21.10000000000003, 178, 0.19205751438068486
30, 225, -22.40000000000005, 190, 0.2928593502676142
31, 203, -20.200000000000017, 176, 0.22419231259071126
32, 61, -5.999999999999995, 175, 0.18344683049142008
33, 192, -19.1, 185, 0.3541020270632809
34, 225, -22.40000000000005, 194, 0.26534556919743046
35, 225, -22.40000000000005, 181, 0.20895723012062145
36, 225, -22.40000000000005, 191, 0.27957570709844237
37, 225, -22.40000000000005, 214, 0.239858259633019
38, 225, -22.40000000000005, 192, 0.1990844874293365
39, 225, -22.40000000000005, 202, 1.3781046248373023
40, 225, -22.40000000000005, 196, 0.19948173706372951
41, 111, -10.999999999999977, 193, 0.2654313205094088
42, 67, -6.5999999999999925, 202, 0.26464274470842264
43, 117, -11.599999999999975, 197, 0.26239885897687976
44, 225, -22.40000000000005, 209, 1.4332816612274066
45, 203, -20.200000000000017, 218, 0.2852854861353
46, 225, -22.40000000000005, 212, 0.17589823253617226
47, 156, -15.499999999999961, 219, 0.2217489172524969
48, 194, -19.300000000000004, 228, 0.2875716774229429
49, 67, -6.5999999999999925, 225, 0.2911306870285082
50, 143, -14.199999999999966, 210, 0.23952278766743218
51, 76, -7.499999999999989, 233, 0.25117198648662153
52, 128, -12.69999999999997, 227, 0.30497248362184637
53, 52, -5.099999999999998, 228, 0.251444711972453
54, 122, -12.099999999999973, 234, 0.2832925960742714
55, 158, -15.69999999999996, 235, 0.1983516261944076
56, 225, -22.40000000000005, 229, 0.2921135419936052
57, 183, -18.19999999999999, 239, 0.2557364972695306
58, 225, -22.40000000000005, 253, 0.2707439096609179
59, 225, -22.40000000000005, 232, 0.34215715703772
60, 193, -19.200000000000003, 221, 0.21100150946559793
61, 70, -6.8999999999999915, 221, 0.2556552822424274
62, 225, -22.40000000000005, 245, 0.2846478203726215
63, 138, -13.699999999999967, 238, 0.27766615540868733
64, 165, -16.399999999999963, 252, 0.28357127378196745
65, 111, -10.999999999999977, 243, 0.22719277841401286
66, 81, -7.999999999999988, 238, 0.33273024502992876
67, 225, -22.40000000000005, 236, 0.27192469573372646
68, 149, -14.799999999999963, 255, 0.33567631339549253
69, 89, -8.799999999999985, 249, 0.19241056804507783
70, 225, -22.40000000000005, 245, 0.1769030136749956
71, 225, -22.40000000000005, 249, 0.2721304950565635
72, 203, -20.200000000000017, 269, 0.37838113970932863
73, 137, -13.599999999999968, 258, 0.24684471222547888
74, 120, -11.899999999999974, 248, 0.2080571324399081
75, 166, -16.499999999999964, 259, 0.24542747938510456
76, 60, -5.899999999999995, 257, 0.18162027666265557
77, 132, -13.09999999999997, 258, 0.34787700417583967
78, 146, -14.499999999999964, 264, 0.18954162571697486
79, 225, -22.40000000000005, 260, 0.18475842928932806
80, 127, -12.599999999999971, 268, 0.20966245856621035
81, 88, -8.699999999999985, 266, 0.3345414435657056
82, 225, -22.40000000000005, 271, 0.3907772089390775
83, 225, -22.40000000000005, 283, 0.308268369089149
84, 154, -15.299999999999962, 280, 0.2276879790244537
85, 128, -12.69999999999997, 288, 0.18854760565970252
86, 225, -22.40000000000005, 268, 0.2738719318326379
87, 100, -9.89999999999998, 288, 0.24584527588977967
88, 117, -11.599999999999975, 279, 0.24069286366446452
89, 102, -10.09999999999998, 307, 0.18149110593191708
90, 102, -10.09999999999998, 288, 0.2346424105019782
91, 80, -7.899999999999988, 267, 0.28736792469875794
92, 212, -21.10000000000003, 283, 0.2999011022960838
93, 104, -10.29999999999998, 273, 0.24397654101296906
94, 202, -20.100000000000016, 306, 0.2410074723124096
95, 137, -13.599999999999968, 290, 0.28882096440993954
96, 115, -11.399999999999975, 289, 0.271203073354775
97, 81, -7.999999999999988, 297, 0.16106939925484287
98, 163, -16.19999999999996, 286, 0.2089204712309103
99, 225, -22.40000000000005, 303, 0.28949942035992793
100, 225, -22.40000000000005, 301, 0.2108842656664871
101, 129, -12.79999999999997, 301, 0.3083826057047081
102, 225, -22.40000000000005, 297, 0.16983104615191325
103, 135, -13.399999999999968, 296, 0.2743228159101516
104, 149, -14.799999999999963, 299, 0.24020800426055144
105, 111, -10.999999999999977, 302, 0.5043325107142875
106, 212, -21.10000000000003, 302, 0.2180617519528687
107, 225, -22.40000000000005, 296, 0.24029483423130138
108, 151, -14.999999999999963, 319, 0.23969236414220907
109, 84, -8.299999999999986, 312, 0.355592414774367
110, 58, -5.699999999999996, 317, 0.17534003639728757
111, 105, -10.399999999999979, 311, 0.2751167678536524
112, 186, -18.499999999999993, 310, 0.41520181054315763
113, 146, -14.499999999999964, 318, 0.2386259807883988
114, 225, -22.40000000000005, 319, 0.21346012770050282
115, 167, -16.599999999999966, 309, 0.18621076582924978
116, 112, -11.099999999999977, 321, 0.26144182321803866
117, 102, -10.09999999999998, 328, 0.19976328857476222
118, 132, -13.09999999999997, 338, 0.3368207865498789
119, 190, -18.9, 338, 0.2429314730726566
120, 225, -22.40000000000005, 339, 0.20552869319762745
121, 80, -7.899999999999988, 335, 0.26645039667265324
122, 65, -6.399999999999993, 338, 0.21444948285757137
123, 225, -22.40000000000005, 318, 0.32130077209035335
124, 66, -6.499999999999993, 319, 0.24294542022926158
125, 80, -7.899999999999988, 333, 1.1774916480309576
126, 225, -22.40000000000005, 338, 0.20874550475370124
127, 97, -9.599999999999982, 339, 0.28419665935401683
128, 84, -8.299999999999986, 345, 0.2680267516226258
129, 225, -22.40000000000005, 361, 0.2747860523198214
130, 225, -22.40000000000005, 344, 0.2741489185001127
131, 137, -13.599999999999968, 352, 0.22954493424337752
132, 134, -13.299999999999969, 346, 0.28405895991925023
133, 141, -13.999999999999966, 354, 0.30224596416212235
134, 225, -22.40000000000005, 356, 0.30373828135622283
135, 225, -22.40000000000005, 347, 0.9084016573151792
136, 128, -12.69999999999997, 355, 0.2662639943241929
137, 124, -12.299999999999972, 354, 0.18757196335448567
138, 81, -7.999999999999988, 363, 0.4284428674661793
139, 77, -7.599999999999989, 345, 0.2334575755437056
140, 157, -15.59999999999996, 359, 0.2769777341474584
141, 105, -10.399999999999979, 349, 0.3046620580126218
142, 98, -9.699999999999982, 361, 0.28623934567283804
143, 85, -8.399999999999986, 364, 0.2242024982136721
144, 141, -13.999999999999966, 353, 0.25696795924363247
145, 225, -22.40000000000005, 361, 0.3757749955806875
146, 225, -22.40000000000005, 376, 0.2726759853010141
147, 102, -10.09999999999998, 371, 0.23731580100894556
148, 83, -8.199999999999987, 358, 0.18903439269279243
149, 156, -15.499999999999961, 366, 0.23565802782538858
150, 167, -16.599999999999966, 371, 0.20189387558359462
151, 225, -22.40000000000005, 383, 0.25040524623201765
152, 133, -13.199999999999969, 365, 0.2499781749663561
153, 225, -22.40000000000005, 360, 0.23741005904759993
154, 104, -10.29999999999998, 366, 0.33105127693425596
155, 136, -13.499999999999968, 374, 0.28052359286000916
156, 158, -15.69999999999996, 389, 0.2099252530399638
157, 97, -9.599999999999982, 378, 0.19531831994203763
158, 165, -16.399999999999963, 380, 0.2623451761389872
159, 225, -22.40000000000005, 373, 0.21250298828044967
160, 71, -6.999999999999991, 378, 0.19412875188647538
161, 153, -15.199999999999962, 390, 0.18448140381637979
162, 130, -12.89999999999997, 381, 0.3247814052949316
163, 79, -7.799999999999988, 389, 0.20598308791723585
164, 151, -14.999999999999963, 385, 1.417084561885051
165, 198, -19.70000000000001, 387, 0.21698263192065426
166, 109, -10.799999999999978, 390, 0.29655187283792683
167, 225, -22.40000000000005, 387, 0.15748643232487636
168, 176, -17.49999999999998, 379, 0.18816450010649383
169, 89, -8.799999999999985, 403, 0.23973271544852381
170, 122, -12.099999999999973, 383, 0.1763559621391041
171, 204, -20.30000000000002, 397, 0.29684564614699904
172, 225, -22.40000000000005, 395, 0.20835228730620559
173, 225, -22.40000000000005, 404, 0.3402491175834932
174, 123, -12.199999999999973, 409, 0.26053270395592065
175, 139, -13.799999999999967, 416, 0.2556917629223243
176, 106, -10.499999999999979, 406, 0.21649562778094578
177, 225, -22.40000000000005, 416, 0.2747433651826051
178, 176, -17.49999999999998, 419, 1.3184243905547186
179, 80, -7.899999999999988, 407, 0.2911979987056065
180, 225, -22.40000000000005, 409, 0.2372582045273488
181, 48, -4.699999999999999, 409, 0.22034680438260512
182, 209, -20.800000000000026, 410, 0.26326914099061316
183, 169, -16.79999999999997, 430, 0.34708401987295767
184, 137, -13.599999999999968, 421, 0.3157663584349524
185, 180, -17.899999999999984, 428, 0.20440707639839983
186, 221, -22.000000000000043, 430, 0.2865148890156599
187, 225, -22.40000000000005, 400, 0.27675379120003907
188, 82, -8.099999999999987, 421, 0.26585793380891953
189, 110, -10.899999999999977, 428, 0.19871896362688368
190, 100, -9.89999999999998, 426, 0.28431092966204385
191, 82, -8.099999999999987, 416, 0.3758319828982506
192, 142, -14.099999999999966, 427, 0.2022596058581585
193, 155, -15.399999999999961, 433, 0.2366669601286473
194, 159, -15.79999999999996, 429, 0.254559474299068
195, 136, -13.499999999999968, 421, 0.24802519361063124
196, 133, -13.199999999999969, 432, 0.18954382332855046
197, 62, -6.099999999999994, 433, 0.2138743176674187
198, 225, -22.40000000000005, 431, 0.23271928220215976
199, 89, -8.799999999999985, 433, 0.30393531805824914
200, 225, -22.40000000000005, 444, 0.2437813812253915
201, 82, -8.099999999999987, 432, 0.1788695078641469
202, 158, -15.69999999999996, 456, 0.2552788314048666
203, 90, -8.899999999999984, 426, 0.24513006837277063
204, 110, -10.899999999999977, 446, 0.28915027156661655
205, 94, -9.299999999999983, 433, 0.20532995914635555
206, 122, -12.099999999999973, 429, 0.2063360498091662
207, 225, -22.40000000000005, 442, 0.35909878335819734
208, 144, -14.299999999999965, 447, 0.25760247427274074
209, 209, -20.800000000000026, 452, 0.25469957199561133
210, 224, -22.300000000000047, 465, 0.28133590054158697
211, 89, -8.799999999999985, 464, 0.25056027118568425
212, 146, -14.499999999999964, 460, 0.22896113188936784
213, 72, -7.099999999999991, 475, 0.26709934177093686
214, 106, -10.499999999999979, 463, 0.2706529206929287
215, 215, -21.400000000000034, 467, 0.25595132002819465
216, 146, -14.499999999999964, 471, 0.30221551116945156
217, 174, -17.299999999999976, 463, 0.22456659612204
218, 107, -10.599999999999978, 453, 0.25749669340252135
219, 118, -11.699999999999974, 461, 0.16814944997955994
220, 63, -6.199999999999994, 480, 0.21704210308295613
221, 220, -21.90000000000004, 467, 0.27250196163975904
222, 131, -12.99999999999997, 484, 0.2381731875552474
223, 163, -16.19999999999996, 474, 0.19518611959348675
224, 225, -22.40000000000005, 469, 0.25765495041042996
225, 171, -16.99999999999997, 458, 0.2468617543488929
226, 87, -8.599999999999985, 488, 0.2763883349407761
227, 225, -22.40000000000005, 477, 0.28678940516267426
228, 225, -22.40000000000005, 489, 0.28526646950985013
229, 212, -21.10000000000003, 485, 0.2805678978708004
230, 224, -22.300000000000047, 484, 0.20555765781228397
231, 149, -14.799999999999963, 482, 1.7844587795288147
232, 90, -8.899999999999984, 488, 0.21305510571241948
233, 218, -21.70000000000004, 475, 0.2349899045771564
234, 225, -22.40000000000005, 471, 0.20819318272583454
235, 130, -12.89999999999997, 471, 1.1382032270837295
236, 70, -6.8999999999999915, 484, 0.3290456985575676
237, 225, -22.40000000000005, 494, 0.272670294406238
238, 121, -11.999999999999973, 496, 0.23370472288032773
239, 84, -8.299999999999986, 507, 0.2684132077825572
240, 225, -22.40000000000005, 492, 0.2703843145654419
241, 95, -9.399999999999983, 490, 0.2805311759452649
242, 225, -22.40000000000005, 502, 0.22249981217467596
243, 225, -22.40000000000005, 484, 0.23890351893802098
244, 137, -13.599999999999968, 498, 0.19938406238068707
245, 225, -22.40000000000005, 495, 0.288404234100915
246, 132, -13.09999999999997, 510, 0.2829649101059042
247, 90, -8.899999999999984, 505, 0.21561359485339227
248, 99, -9.799999999999981, 512, 0.23904736246773517
249, 225, -22.40000000000005, 504, 1.3992643097274036
250, 225, -22.40000000000005, 533, 0.32583128641141323
251, 225, -22.40000000000005, 504, 0.3764963881567396
252, 73, -7.19999999999999, 521, 0.2315143425230195
253, 115, -11.399999999999975, 503, 0.20063530489403458
254, 225, -22.40000000000005, 529, 0.21962334842237707
255, 225, -22.40000000000005, 535, 0.26260145481048713
256, 225, -22.40000000000005, 523, 0.2949275828401694
257, 56, -5.4999999999999964, 511, 0.21598861302010453
258, 96, -9.499999999999982, 537, 0.3063949785256046
259, 167, -16.599999999999966, 516, 0.26232808763859916
260, 86, -8.499999999999986, 512, 0.31643300588738654
261, 125, -12.399999999999972, 511, 0.22002434527631598
262, 165, -16.399999999999963, 538, 0.15583123030966967
263, 112, -11.099999999999977, 514, 0.2577006716588426
264, 126, -12.499999999999972, 513, 0.19889811090933773
265, 170, -16.89999999999997, 519, 0.4608798851479925
266, 225, -22.40000000000005, 533, 0.28900832755661643
267, 124, -12.299999999999972, 523, 0.20994074262796847
268, 162, -16.09999999999996, 523, 0.246123183673566
269, 225, -22.40000000000005, 543, 0.17115269126923782
270, 71, -6.999999999999991, 529, 0.26501922792625177
271, 148, -14.699999999999964, 556, 0.23664183551915607
272, 71, -6.999999999999991, 523, 0.234563196676703
273, 80, -7.899999999999988, 526, 0.20272295489098346
274, 75, -7.39999999999999, 552, 0.20527182597242566
275, 98, -9.699999999999982, 552, 0.20208743956749564
276, 154, -15.299999999999962, 525, 0.17588704641438602
277, 110, -10.899999999999977, 543, 0.19294777555941045
278, 189, -18.799999999999997, 549, 0.246881388623449
279, 73, -7.19999999999999, 537, 0.18828205387865005
280, 98, -9.699999999999982, 538, 0.29871466955818393
281, 204, -20.30000000000002, 553, 0.26484580526022283
282, 131, -12.99999999999997, 571, 0.2714812947794165
283, 122, -12.099999999999973, 561, 0.2393465301801605
284, 111, -10.999999999999977, 552, 0.2819860578605602
285, 225, -22.40000000000005, 547, 0.23103079361588708
286, 193, -19.200000000000003, 552, 0.21947246820906852
287, 169, -16.79999999999997, 532, 0.22332958108716428
288, 120, -11.899999999999974, 555, 0.2721645595543447
289, 76, -7.499999999999989, 562, 0.25231608192389166
290, 135, -13.399999999999968, 553, 0.21361854915547906
291, 207, -20.600000000000023, 574, 0.31344429366794546
292, 93, -9.199999999999983, 567, 0.17284292952294056
293, 225, -22.40000000000005, 573, 0.37983682790154694
294, 121, -11.999999999999973, 577, 0.1889650208805529
295, 188, -18.699999999999996, 589, 0.22360963233897913
296, 104, -10.29999999999998, 563, 0.17001969185786692
297, 225, -22.40000000000005, 569, 0.3026474305550244
298, 225, -22.40000000000005, 566, 0.31785694897425554
299, 136, -13.499999999999968, 578, 0.22014116306645537
300, 81, -7.999999999999988, 585, 0.28047411607553396
301, 225, -22.40000000000005, 595, 0.3082136364620687
302, 210, -20.900000000000027, 571, 0.2172921412457025
303, 134, -13.299999999999969, 601, 0.25661806151582445
304, 174, -17.299999999999976, 591, 0.17380666092394503
305, 51, -4.999999999999998, 578, 0.22757758728939947
306, 225, -22.40000000000005, 595, 0.24038680002999135
307, 180, -17.899999999999984, 604, 0.2900466467499472
308, 225, -22.40000000000005, 572, 0.21563711903902116
309, 225, -22.40000000000005, 592, 0.3477287341543622
310, 90, -8.899999999999984, 591, 0.27977023490530417
311, 119, -11.799999999999974, 570, 0.3386794693946027
312, 194, -19.300000000000004, 603, 0.226485669123067
313, 220, -21.90000000000004, 634, 0.1538570488998856
314, 71, -6.999999999999991, 592, 0.21097185423288756
315, 187, -18.599999999999994, 601, 0.3297690881477031
316, 69, -6.799999999999992, 586, 0.1914099811218254
317, 102, -10.09999999999998, 604, 0.23219778647743228
318, 191, -19.0, 599, 0.3281721131051145
319, 104, -10.29999999999998, 597, 0.22917722333716417
320, 94, -9.299999999999983, 612, 0.22959931983814563
321, 114, -11.299999999999976, 604, 0.2475139335392393
322, 141, -13.999999999999966, 617, 0.20572999884493415
323, 225, -22.40000000000005, 611, 1.5623187785609622
324, 66, -6.499999999999993, 606, 0.19437137472835886
325, 109, -10.799999999999978, 624, 0.3018674849248373
326, 107, -10.599999999999978, 611, 0.2778236663044118
327, 207, -20.600000000000023, 613, 0.20844500025223978
328, 103, -10.19999999999998, 618, 0.26854816405075477
329, 181, -17.999999999999986, 628, 0.24841176468216952
330, 141, -13.999999999999966, 625, 0.25365114164224034
331, 74, -7.29999999999999, 630, 0.21098414430395107
332, 165, -16.399999999999963, 604, 0.20277216664889464
333, 56, -5.4999999999999964, 625, 0.1650550041076846
334, 130, -12.89999999999997, 638, 0.27005026805274257
335, 94, -9.299999999999983, 619, 0.27394098727864247
336, 225, -22.40000000000005, 629, 0.2937944648078765
337, 83, -8.199999999999987, 627, 0.22306491895984337
338, 123, -12.199999999999973, 635, 0.2310099144785993
339, 146, -14.499999999999964, 642, 0.23566365644232645
340, 108, -10.699999999999978, 637, 0.163469048786407
341, 150, -14.899999999999963, 628, 0.28141679742825154
342, 225, -22.40000000000005, 629, 0.19018130167606473
343, 97, -9.599999999999982, 665, 0.22462378541596495
344, 218, -21.70000000000004, 667, 0.22895733252766703
345, 225, -22.40000000000005, 616, 0.18946109231660646
346, 225, -22.40000000000005, 645, 0.2204017109002545
347, 121, -11.999999999999973, 645, 0.21268858659153977
348, 173, -17.199999999999974, 650, 0.2611931541080117
349, 81, -7.999999999999988, 662, 0.24254151486148867
350, 71, -6.999999999999991, 650, 0.2498100014644733
351, 96, -9.499999999999982, 676, 0.276998464299524
352, 225, -22.40000000000005, 660, 0.3287267848080031
353, 189, -18.799999999999997, 636, 0.20754800175941002
354, 225, -22.40000000000005, 638, 0.3063334100011308
355, 71, -6.999999999999991, 691, 0.22335543389142132
356, 156, -15.499999999999961, 657, 0.2547617821983774
357, 131, -12.99999999999997, 664, 0.18434546071011715
358, 57, -5.599999999999996, 648, 0.25427908902443663
359, 220, -21.90000000000004, 669, 0.24949175919275612
360, 57, -5.599999999999996, 660, 0.209821128400975
361, 225, -22.40000000000005, 662, 0.20946074766722145
362, 225, -22.40000000000005, 660, 0.3129172914232172
363, 220, -21.90000000000004, 645, 0.2600170408632603
364, 225, -22.40000000000005, 664, 0.24740472708145322
365, 88, -8.699999999999985, 670, 0.16921385041144976
366, 225, -22.40000000000005, 678, 0.229982619399832
367, 73, -7.19999999999999, 684, 1.4414154139128317
368, 152, -15.099999999999962, 660, 0.2135332708351556
369, 225, -22.40000000000005, 687, 0.22523918967443335
370, 127, -12.599999999999971, 684, 0.20120977618311597
371, 195, -19.400000000000006, 682, 0.26396010629554567
372, 102, -10.09999999999998, 677, 0.19992221000234134
373, 88, -8.699999999999985, 660, 0.19965991301295594
374, 180, -17.899999999999984, 677, 0.2724244037156811
375, 225, -22.40000000000005, 679, 0.26859475682925593
376, 168, -16.699999999999967, 706, 0.28702325571272436
377, 192, -19.1, 690, 0.22402946056782225
378, 200, -19.900000000000013, 693, 0.1712067306995404
379, 225, -22.40000000000005, 690, 0.1949323107272325
380, 154, -15.299999999999962, 706, 0.39524219320711884
381, 183, -18.19999999999999, 708, 0.2861886151301185
382, 225, -22.40000000000005, 701, 0.29979564727053676
383, 159, -15.79999999999996, 697, 0.2659800234627654
384, 225, -22.40000000000005, 682, 0.28322741099071624
385, 225, -22.40000000000005, 703, 0.23632987341446898
386, 67, -6.5999999999999925, 690, 0.2592062886863551
387, 154, -15.299999999999962, 701, 0.27186157996720106
388, 225, -22.40000000000005, 694, 0.21497988167833182
389, 141, -13.999999999999966, 694, 0.2054922734553859
390, 83, -8.199999999999987, 730, 0.24910532498859483
391, 59, -5.799999999999995, 694, 0.28101851432869296
392, 178, -17.69999999999998, 716, 0.29236340727545607
393, 195, -19.400000000000006, 725, 0.1649901917528771
394, 109, -10.799999999999978, 718, 0.2382061732326064
395, 225, -22.40000000000005, 716, 0.2664073115076375
396, 133, -13.199999999999969, 693, 0.2701876178125602
397, 225, -22.40000000000005, 715, 0.22425395407544468
398, 99, -9.799999999999981, 705, 0.2975346968840862
399, 82, -8.099999999999987, 736, 0.29815574275729606
400, 225, -22.40000000000005, 728, 0.29551325130233863
401, 168, -16.699999999999967, 734, 0.3725562679124623
402, 139, -13.799999999999967, 693, 0.17073118580345248
403, 73, -7.19999999999999, 741, 0.21854837675588912
404, 154, -15.299999999999962, 725, 0.2217215321730046
405, 225, -22.40000000000005, 736, 0.23158386296547318
406, 139, -13.799999999999967, 739, 0.24154977792342625
407, 225, -22.40000000000005, 733, 0.2809908724997281
408, 102, -10.09999999999998, 726, 0.3366709825670957
409, 93, -9.199999999999983, 720, 0.399825552652199
410, 225, -22.40000000000005, 749, 1.5277376788769885
411, 101, -9.99999999999998, 734, 0.35341322561674815
412, 126, -12.499999999999972, 747, 0.2703124145695712
413, 225, -22.40000000000005, 729, 0.4383332722010467
414, 200, -19.900000000000013, 737, 0.25749296456918813
415, 82, -8.099999999999987, 740, 0.2969451925375939
416, 115, -11.399999999999975, 766, 0.2761693267456513
417, 105, -10.399999999999979, 752, 0.221925211801701
418, 54, -5.299999999999997, 728, 1.3164323513551857
419, 167, -16.599999999999966, 766, 0.3911531393819876
420, 80, -7.899999999999988, 740, 0.26376032634429203
421, 170, -16.89999999999997, 758, 0.31920911253693296
422, 151, -14.999999999999963, 740, 0.24593811162626622
423, 165, -16.399999999999963, 748, 0.24787050585485915
424, 69, -6.799999999999992, 775, 0.306752025407798
425, 173, -17.199999999999974, 770, 0.2504871338394361
426, 82, -8.099999999999987, 768, 0.2591146174684358
427, 122, -12.099999999999973, 745, 0.2447511225813339
428, 225, -22.40000000000005, 759, 0.2104727857416704
429, 88, -8.699999999999985, 753, 0.2836847249665686
430, 146, -14.499999999999964, 749, 0.24629754804026982
431, 76, -7.499999999999989, 764, 0.26592504208219747
432, 208, -20.700000000000024, 777, 0.2667577891663714
433, 124, -12.299999999999972, 780, 0.31401423071254086
434, 225, -22.40000000000005, 758, 1.568121170122664
435, 148, -14.699999999999964, 764, 0.3976952128385838
436, 132, -13.09999999999997, 799, 0.3429127093883282
437, 222, -22.100000000000044, 761, 0.22095717240216883
438, 97, -9.599999999999982, 785, 0.2278282709638324
439, 71, -6.999999999999991, 769, 0.1795958470314789
440, 225, -22.40000000000005, 757, 0.3793741345366244
441, 225, -22.40000000000005, 803, 0.2406918728818419
442, 225, -22.40000000000005, 747, 0.24727300745723602
443, 82, -8.099999999999987, 792, 0.1838638892303497
444, 115, -11.399999999999975, 800, 0.18270485552882265
445, 225, -22.40000000000005, 793, 0.24273278390483943
446, 174, -17.299999999999976, 772, 0.2331479199965163
447, 123, -12.199999999999973, 777, 0.23984343154398668
448, 77, -7.599999999999989, 775, 0.23621188063072207
449, 188, -18.699999999999996, 789, 0.18902039910764135
450, 225, -22.40000000000005, 845, 0.20552754245225469
451, 69, -6.799999999999992, 834, 0.24375094770310834
452, 181, -17.999999999999986, 880, 0.3098286763129692
453, 73, -7.19999999999999, 825, 0.2494802096754789
454, 225, -22.40000000000005, 821, 0.23623819756772946
455, 173, -17.199999999999974, 895, 0.2739587064363842
456, 170, -16.89999999999997, 821, 0.2338147898766485
457, 169, -16.79999999999997, 849, 0.2981414788260488
458, 112, -11.099999999999977, 821, 0.26864722313605494
459, 98, -9.699999999999982, 783, 0.21092662476747281
460, 225, -22.40000000000005, 810, 0.32176801753632844
461, 179, -17.799999999999983, 788, 0.24129815866654591
462, 99, -9.799999999999981, 800, 0.19226352094512933
463, 225, -22.40000000000005, 819, 0.34757915571458353
464, 52, -5.099999999999998, 802, 0.25721676397950755
465, 225, -22.40000000000005, 824, 0.26692215324568447
466, 138, -13.699999999999967, 813, 0.2382091555094149
467, 225, -22.40000000000005, 805, 0.26328488700645325
468, 196, -19.500000000000007, 855, 0.3420422680111326
469, 138, -13.699999999999967, 844, 0.3346185455219679
470, 225, -22.40000000000005, 838, 0.2869829561991595
471, 225, -22.40000000000005, 834, 0.23153257233777902
472, 50, -4.899999999999999, 820, 0.2659936894789299
473, 188, -18.699999999999996, 847, 0.20083450277470427
474, 189, -18.799999999999997, 824, 0.2105923892646313
475, 120, -11.899999999999974, 837, 0.22133618772820363
476, 99, -9.799999999999981, 804, 0.29215327255140866
477, 112, -11.099999999999977, 823, 0.3059207475426523
478, 153, -15.199999999999962, 814, 0.2389446554050001
479, 225, -22.40000000000005, 832, 0.18371380470765408
480, 225, -22.40000000000005, 833, 0.29794497687209587
481, 152, -15.099999999999962, 830, 0.29927047788760675
482, 65, -6.399999999999993, 849, 0.33823578766915174
483, 198, -19.70000000000001, 839, 0.24745153984402068
484, 77, -7.599999999999989, 828, 0.21971219678964649
485, 225, -22.40000000000005, 834, 0.25368013723593075
486, 225, -22.40000000000005, 838, 0.2603032435151156
487, 71, -6.999999999999991, 854, 0.27202691482921626
488, 225, -22.40000000000005, 873, 0.2794646263198324
489, 119, -11.799999999999974, 844, 0.22339626025707354
490, 225, -22.40000000000005, 847, 0.2147105652498844
491, 86, -8.499999999999986, 855, 0.3683194401905858
492, 144, -14.299999999999965, 852, 0.2122862797623999
493, 225, -22.40000000000005, 849, 0.23755417502197296
494, 225, -22.40000000000005, 842, 0.3515284189836143
495, 66, -6.499999999999993, 869, 0.21210387889933324
496, 74, -7.29999999999999, 855, 0.22213262448138743
497, 145, -14.399999999999965, 872, 0.257297856888588
498, 69, -6.799999999999992, 854, 0.21580489369337674
499, 225, -22.40000000000005, 869, 0.3095148973346923
500, 225, -22.40000000000005, 865, 0.16397272510320438
501, 112, -11.099999999999977, 871, 0.22454690584065728
502, 114, -11.299999999999976, 866, 0.2571003069349178
503, 225, -22.40000000000005, 871, 0.27802188804414185
504, 225, -22.40000000000005, 868, 0.2568079780855794
505, 225, -22.40000000000005, 853, 0.2523304027026074
506, 129, -12.79999999999997, 895, 0.21676838308808377
507, 142, -14.099999999999966, 869, 0.28881696297466464
508, 217, -21.600000000000037, 890, 0.2973522066477483
509, 111, -10.999999999999977, 833, 0.21124127834640105
510, 164, -16.29999999999996, 892, 0.26533821919494804
511, 131, -12.99999999999997, 861, 0.28883365692531293
512, 158, -15.69999999999996, 869, 0.32739284425114556
513, 195, -19.400000000000006, 871, 0.25481896927593983
514, 168, -16.699999999999967, 872, 1.7806604875599144
515, 225, -22.40000000000005, 892, 0.16650044266263953
516, 76, -7.499999999999989, 874, 0.31014619399831433
517, 80, -7.899999999999988, 893, 0.1845650612360839
518, 85, -8.399999999999986, 868, 0.24216411219444978
519, 111, -10.999999999999977, 889, 0.16679869030314098
520, 184, -18.29999999999999, 908, 0.2588918513016445
521, 140, -13.899999999999967, 868, 0.24658542707632702
522, 51, -4.999999999999998, 885, 0.2096660996839841
523, 129, -12.79999999999997, 882, 0.2641853288156124
524, 172, -17.099999999999973, 903, 0.22109469230250056
525, 77, -7.599999999999989, 906, 1.4530610222895732
526, 157, -15.59999999999996, 894, 0.24434625638250718
527, 100, -9.89999999999998, 899, 0.25866778895863884
528, 99, -9.799999999999981, 905, 0.3298330883228955
529, 203, -20.200000000000017, 919, 0.30482235328970975
530, 69, -6.799999999999992, 914, 0.24062779199718004
531, 97, -9.599999999999982, 876, 0.2716318260077859
532, 84, -8.299999999999986, 930, 0.18643818351049624
533, 77, -7.599999999999989, 922, 0.22023152538130386
534, 225, -22.40000000000005, 932, 0.22391960024244062
535, 133, -13.199999999999969, 916, 0.3490290279616213
536, 106, -10.499999999999979, 887, 0.21214088484652338
537, 225, -22.40000000000005, 912, 0.28567666444412254
538, 153, -15.199999999999962, 938, 0.2924453843833459
539, 76, -7.499999999999989, 895, 0.22836156181406952
540, 88, -8.699999999999985, 907, 0.2399953090614686
541, 148, -14.699999999999964, 928, 0.18302495915706896
542, 225, -22.40000000000005, 906, 0.24093134339104572
543, 84, -8.299999999999986, 919, 0.21478907947890624
544, 95, -9.399999999999983, 914, 0.16830231447328314
545, 86, -8.499999999999986, 946, 0.25589988646780815
546, 218, -21.70000000000004, 934, 0.25458342231283526
547, 134, -13.299999999999969, 910, 1.0556273775158465
548, 88, -8.699999999999985, 909, 0.23496177829780018
549, 60, -5.899999999999995, 938, 0.25204503646928567
550, 225, -22.40000000000005, 928, 0.18244377265468514
551, 225, -22.40000000000005, 950, 0.26883968608920505
552, 77, -7.599999999999989, 941, 0.3195973444433946
553, 225, -22.40000000000005, 935, 0.34400515344345095
554, 159, -15.79999999999996, 915, 0.22261516462559228
555, 115, -11.399999999999975, 940, 0.37488023273595683
556, 225, -22.40000000000005, 945, 0.23267616117514955
557, 153, -15.199999999999962, 919, 0.309721097678918
558, 157, -15.59999999999996, 945, 0.1974995690492598
559, 225, -22.40000000000005, 925, 0.17838273961047513
560, 74, -7.29999999999999, 937, 1.4741041693107024
561, 70, -6.8999999999999915, 958, 0.3245408040192532
562, 79, -7.799999999999988, 939, 0.24668227101367868
563, 60, -5.899999999999995, 955, 0.24568771249138166
564, 225, -22.40000000000005, 942, 0.24015903640920833
565, 150, -14.899999999999963, 942, 0.24646984636043134
566, 225, -22.40000000000005, 997, 0.33432143445666185
567, 167, -16.599999999999966, 928, 0.3748828525384318
568, 186, -18.499999999999993, 926, 0.22097901895975536
569, 94, -9.299999999999983, 956, 0.27131483813068247
570, 212, -21.10000000000003, 959, 0.26618717037393136
571, 116, -11.499999999999975, 969, 0.25175433113979995
572, 103, -10.19999999999998, 989, 0.2979804603445957
573, 160, -15.89999999999996, 975, 0.3034858970895984
574, 73, -7.19999999999999, 962, 0.23854704123100756
575, 67, -6.5999999999999925, 944, 0.27508627839508026
576, 225, -22.40000000000005, 974, 0.21968192493815764
577, 193, -19.200000000000003, 957, 0.2525569560346115
578, 70, -6.8999999999999915, 957, 0.18829217588131786
579, 67, -6.5999999999999925, 936, 0.2503780688064554
580, 111, -10.999999999999977, 974, 0.26951009031189743
581, 184, -18.29999999999999, 988, 0.2025125170533637
582, 225, -22.40000000000005, 997, 0.2947338023346995
583, 97, -9.599999999999982, 963, 0.3241649843996739
584, 101, -9.99999999999998, 956, 0.30472859824448273
585, 225, -22.40000000000005, 963, 0.25039416159003736
586, 225, -22.40000000000005, 975, 0.23748401248582085
587, 100, -9.89999999999998, 997, 0.39830927120242765
588, 180, -17.899999999999984, 974, 0.21080053533026522
589, 225, -22.40000000000005, 983, 0.29131421757661013
590, 225, -22.40000000000005, 1001, 0.3026509853163737
591, 70, -6.8999999999999915, 985, 0.2627113760498643
592, 225, -22.40000000000005, 974, 0.1849650147609374
593, 183, -18.19999999999999, 995, 0.3738872138396354
594, 84, -8.299999999999986, 969, 0.285358030953621
595, 171, -16.99999999999997, 958, 0.2175564315017402
596, 156, -15.499999999999961, 1012, 0.3385929891968976
597, 103, -10.19999999999998, 976, 0.35520582231222475
598, 225, -22.40000000000005, 1006, 0.3417996109209467
599, 190, -18.9, 965, 0.4858450729979078
600, 65, -6.399999999999993, 994, 0.26468852247235186
601, 192, -19.1, 1003, 0.19995890775168101
602, 192, -19.1, 1011, 0.23680205613591543
603, 205, -20.40000000000002, 982, 0.2785409864399888
604, 90, -8.899999999999984, 1000, 0.22916558154308442
605, 225, -22.40000000000005, 1004, 0.24602959048338668
606, 225, -22.40000000000005, 1001, 0.2349747401976865
607, 210, -20.900000000000027, 1022, 0.16723947805544404
608, 190, -18.9, 1040, 0.306673014975956
609, 102, -10.09999999999998, 1026, 0.3284872590085737
610, 127, -12.599999999999971, 1023, 0.23183779104913116
611, 225, -22.40000000000005, 1001, 0.280538403994151
612, 129, -12.79999999999997, 1005, 0.30090863089962716
613, 67, -6.5999999999999925, 1025, 0.21535639865593836
614, 70, -6.8999999999999915, 1008, 0.26234286864237744
615, 92, -9.099999999999984, 1033, 0.2696630213921227
616, 113, -11.199999999999976, 1027, 0.30210075598121544
617, 225, -22.40000000000005, 1043, 0.25565784469808905
618, 68, -6.699999999999992, 1027, 0.3107093952809503
619, 92, -9.099999999999984, 1061, 0.22005926231653783
620, 105, -10.399999999999979, 1023, 0.2911579445159749
621, 225, -22.40000000000005, 1022, 0.22685610953320667
622, 61, -5.999999999999995, 1023, 0.19740523397887566
623, 90, -8.899999999999984, 1052, 0.22199858322106358
624, 131, -12.99999999999997, 1034, 0.3778726453530329
625, 225, -22.40000000000005, 1061, 1.3915112360079835
626, 225, -22.40000000000005, 1008, 0.20875960765417023
627, 126, -12.499999999999972, 1045, 0.18938034526163872
628, 130, -12.89999999999997, 1033, 0.18301298743625383
629, 108, -10.699999999999978, 1037, 0.376272512323641
630, 47, -4.6, 1041, 0.21773628184891924
631, 122, -12.099999999999973, 1044, 0.3767818232030551
632, 177, -17.59999999999998, 1037, 0.26906407261166443
633, 116, -11.499999999999975, 1028, 0.19532186319899358
634, 116, -11.499999999999975, 1050, 0.23473596485754378
635, 218, -21.70000000000004, 1039, 0.2510492831255857
636, 194, -19.300000000000004, 1087, 0.2222010992368102
637, 163, -16.19999999999996, 1059, 0.3350471473782459
638, 225, -22.40000000000005, 1070, 0.2864125638521351
639, 131, -12.99999999999997, 1051, 0.2164574363196774
640, 159, -15.79999999999996, 1046, 0.25301070573881157
641, 193, -19.200000000000003, 1048, 0.3954877323290562
642, 76, -7.499999999999989, 1085, 0.23634958975318154
643, 77, -7.599999999999989, 1059, 0.2512266119213322
644, 189, -18.799999999999997, 1085, 1.5565978150827697
645, 225, -22.40000000000005, 1047, 0.20218714922432002
646, 225, -22.40000000000005, 1063, 0.35168241821844926
647, 91, -8.999999999999984, 1079, 0.2573102131550675
648, 80, -7.899999999999988, 1064, 0.216959757714712
649, 105, -10.399999999999979, 1089, 0.2237018999065309
650, 150, -14.899999999999963, 1066, 0.9705436574074033
651, 225, -22.40000000000005, 1121, 0.296178380376408
652, 153, -15.199999999999962, 1060, 0.2181656142972468
653, 225, -22.40000000000005, 1066, 0.2152273694204645
654, 195, -19.400000000000006, 1056, 0.2184913169553011
655, 145, -14.399999999999965, 1101, 0.25208768974629203
656, 144, -14.299999999999965, 1077, 0.2596258832364797
657, 225, -22.40000000000005, 1076, 0.22050563586160088
658, 124, -12.299999999999972, 1081, 0.24437875811684817
659, 100, -9.89999999999998, 1064, 0.2969200944764836
660, 84, -8.299999999999986, 1109, 0.17768920226482887
661, 169, -16.79999999999997, 1082, 0.21985938963550167
662, 225, -22.40000000000005, 1087, 0.19119047806243006
663, 185, -18.39999999999999, 1097, 0.30382239138446243
664, 125, -12.399999999999972, 1069, 0.21946429942507495
665, 64, -6.299999999999994, 1073, 1.346451465060035
666, 225, -22.40000000000005, 1107, 0.2874931160232981
667, 215, -21.400000000000034, 1122, 0.34001080200713885
668, 51, -4.999999999999998, 1088, 0.2103807290047357
669, 117, -11.599999999999975, 1136, 0.227422731333507
670, 91, -8.999999999999984, 1095, 0.2500018718552921
671, 155, -15.399999999999961, 1108, 0.19322222991761717
672, 225, -22.40000000000005, 1096, 0.20080041924847203
673, 133, -13.199999999999969, 1103, 0.1838662999717915
674, 96, -9.499999999999982, 1099, 0.26230559099760553
675, 104, -10.29999999999998, 1094, 0.313877768463112
676, 178, -17.69999999999998, 1108, 0.30208188434968464
677, 172, -17.099999999999973, 1088, 0.2540140932424333
678, 135, -13.399999999999968, 1076, 0.26029242965644195
679, 225, -22.40000000000005, 1122, 0.20587618685341225
680, 60, -5.899999999999995, 1132, 0.3808858793766374
681, 90, -8.899999999999984, 1138, 0.21917725211789474
682, 208, -20.700000000000024, 1083, 0.21926669484900496
683, 140, -13.899999999999967, 1120, 0.8686671533501444
684, 118, -11.699999999999974, 1099, 0.27725943737603
685, 164, -16.29999999999996, 1108, 0.22058241760957453
686, 82, -8.099999999999987, 1108, 0.22215459765427914
687, 82, -8.099999999999987, 1140, 0.19364449996437072
688, 184, -18.29999999999999, 1140, 0.27101432811110904
689, 171, -16.99999999999997, 1096, 0.3068497299670767
690, 115, -11.399999999999975, 1125, 0.25620057554946163
691, 225, -22.40000000000005, 1133, 0.346276907918859
692, 71, -6.999999999999991, 1143, 0.24990764476051952
693, 86, -8.499999999999986, 1144, 1.4297606106119403
694, 136, -13.499999999999968, 1140, 0.25552818383007514
695, 152, -15.099999999999962, 1134, 0.18734986536705178
696, 119, -11.799999999999974, 1137, 0.2064699837142836
697, 134, -13.299999999999969, 1159, 0.27316418486596095
698, 73, -7.19999999999999, 1125, 0.2645627614083885
699, 92, -9.099999999999984, 1163, 0.38835717492710353
700, 104, -10.29999999999998, 1163, 1.3948341966533306
701, 76, -7.499999999999989, 1114, 0.2751068783766848
702, 153, -15.199999999999962, 1150, 0.25407631791100505
703, 134, -13.299999999999969, 1131, 0.24652224076835028
704, 225, -22.40000000000005, 1139, 0.30740536373109517
705, 171, -16.99999999999997, 1147, 0.2679728486155182
706, 225, -22.40000000000005, 1121, 0.20000356625740312
707, 109, -10.799999999999978, 1159, 0.272368150872051
708, 127, -12.599999999999971, 1183, 0.2616199582479042
709, 214, -21.300000000000033, 1202, 0.38516797087817567
710, 218, -21.70000000000004, 1166, 0.27193393765668983
711, 225, -22.40000000000005, 1130, 0.25584494352845466
712, 225, -22.40000000000005, 1146, 0.25004650228710457
713, 225, -22.40000000000005, 1173, 0.24972694929945805
714, 143, -14.199999999999966, 1160, 0.3356864550509391
715, 83, -8.199999999999987, 1150, 0.19153266856053008
716, 225, -22.40000000000005, 1169, 0.28467637596782325
717, 120, -11.899999999999974, 1158, 0.2067414954942255
718, 85, -8.399999999999986, 1153, 0.2325335322498856
719, 225, -22.40000000000005, 1150, 0.1784561283496493
720, 134, -13.299999999999969, 1133, 0.298311637983965
721, 113, -11.199999999999976, 1170, 0.3040279440323017
722, 225, -22.40000000000005, 1172, 0.2460033939961579
723, 132, -13.09999999999997, 1163, 0.24511479487232068
724, 127, -12.599999999999971, 1174, 0.2633060302185122
725, 83, -8.199999999999987, 1181, 0.2958384220626087
726, 225, -22.40000000000005, 1179, 0.24458427510167846
727, 90, -8.899999999999984, 1201, 0.18828267350911077
728, 118, -11.699999999999974, 1155, 0.22248408570995215
729, 225, -22.40000000000005, 1176, 0.19938400068673556
730, 88, -8.699999999999985, 1189, 0.18057818408830317
731, 225, -22.40000000000005, 1191, 0.19857418184479458
732, 118, -11.699999999999974, 1208, 0.31780295287415816
733, 165, -16.399999999999963, 1224, 0.3119929803066095
734, 85, -8.399999999999986, 1195, 0.21240463879589244
735, 225, -22.40000000000005, 1197, 0.2594209229656246
736, 130, -12.89999999999997, 1199, 0.22328391893381472
737, 145, -14.399999999999965, 1182, 0.29563860051865376
738, 123, -12.199999999999973, 1189, 0.29339793531781755
739, 225, -22.40000000000005, 1205, 0.5870967719984073
740, 225, -22.40000000000005, 1186, 0.2437080143512591
741, 130, -12.89999999999997, 1166, 0.25213084512354733
742, 202, -20.100000000000016, 1206, 0.23237327437249755
743, 178, -17.69999999999998, 1206, 0.228196932008234
744, 175, -17.399999999999977, 1217, 0.23723789178990762
745, 78, -7.699999999999989, 1186, 0.26374151798686296
746, 119, -11.799999999999974, 1229, 0.27065270227980487
747, 225, -22.40000000000005, 1174, 0.2210771850373967
748, 157, -15.59999999999996, 1188, 0.23649344568568953
749, 108, -10.699999999999978, 1177, 0.1930513020914839
750, 169, -16.79999999999997, 1216, 0.2656572843605547
751, 138, -13.699999999999967, 1192, 0.34963683193618844
752, 65, -6.399999999999993, 1196, 0.1842596539160466
753, 225, -22.40000000000005, 1217, 0.2794373628586948
754, 142, -14.099999999999966, 1164, 0.2387299559671836
755, 225, -22.40000000000005, 1192, 0.25269512674905714
756, 110, -10.899999999999977, 1231, 0.2559205399376032
757, 186, -18.499999999999993, 1183, 0.2668276068229942
758, 191, -19.0, 1200, 0.3883269738107742
759, 126, -12.499999999999972, 1234, 0.30304413065875924
760, 126, -12.499999999999972, 1203, 0.2358800538441832
761, 91, -8.999999999999984, 1219, 0.167952915108724
762, 152, -15.099999999999962, 1207, 0.24022024753149473
763, 102, -10.09999999999998, 1216, 1.52958983701229
764, 124, -12.299999999999972, 1224, 0.24147708901367215
765, 225, -22.40000000000005, 1224, 0.31075645728787293
766, 68, -6.699999999999992, 1243, 0.2127691343897531
767, 75, -7.39999999999999, 1265, 0.2944830287027759
768, 225, -22.40000000000005, 1227, 1.4527296771404046
769, 219, -21.80000000000004, 1239, 0.25141671093154194
770, 96, -9.499999999999982, 1205, 0.268414592618079
771, 74, -7.29999999999999, 1259, 0.23107278897068328
772, 201, -20.000000000000014, 1245, 0.19109379894037581
773, 225, -22.40000000000005, 1237, 1.4810378580144854
774, 92, -9.099999999999984, 1238, 0.2509610572919301
775, 113, -11.199999999999976, 1231, 0.19302495502856631
776, 225, -22.40000000000005, 1240, 0.24496126842515586
777, 225, -22.40000000000005, 1252, 0.21749273658687107
778, 225, -22.40000000000005, 1246, 0.23836121497433727
779, 103, -10.19999999999998, 1259, 0.31160175592656825
780, 101, -9.99999999999998, 1266, 0.46121793594238003
781, 64, -6.299999999999994, 1218, 0.2020802393040042
782, 150, -14.899999999999963, 1237, 0.22530563011616556
783, 61, -5.999999999999995, 1269, 0.28064067017844563
784, 169, -16.79999999999997, 1222, 0.22222802887360915
785, 225, -22.40000000000005, 1240, 0.27570704892242626
786, 129, -12.79999999999997, 1262, 0.19274797471911975
787, 184, -18.29999999999999, 1255, 0.1863447342128332
788, 87, -8.599999999999985, 1300, 0.2145856231901293
789, 98, -9.699999999999982, 1272, 0.31842503592076077
790, 206, -20.50000000000002, 1301, 1.4402340397943225
791, 87, -8.599999999999985, 1253, 0.17229292660249262
792, 116, -11.499999999999975, 1244, 0.4031149101669671
793, 98, -9.699999999999982, 1258, 0.22495355946389517
794, 225, -22.40000000000005, 1231, 0.3117892459142697
795, 54, -5.299999999999997, 1288, 0.26459533295348914
796, 143, -14.199999999999966, 1289, 0.26385643084582355
797, 225, -22.40000000000005, 1279, 0.30890905696217485
798, 76, -7.499999999999989, 1309, 0.2924110946564573
799, 225, -22.40000000000005, 1264, 0.31699260685383934
800, 100, -9.89999999999998, 1285, 0.2660247806481857
801, 75, -7.39999999999999, 1282, 0.2641521443189756
802, 152, -15.099999999999962, 1287, 0.2348015284955003
803, 116, -11.499999999999975, 1258, 0.27183915465764086
804, 82, -8.099999999999987, 1276, 0.25626915241134807
805, 225, -22.40000000000005, 1278, 0.5983402652629168
806, 92, -9.099999999999984, 1291, 0.2791497930269362
807, 105, -10.399999999999979, 1293, 0.16217113571166086
808, 76, -7.499999999999989, 1284, 0.20944948171562672
809, 225, -22.40000000000005, 1270, 0.24688796753397968
810, 135, -13.399999999999968, 1290, 0.20248754487321774
811, 225, -22.40000000000005, 1265, 0.34112558444238017
812, 225, -22.40000000000005, 1311, 0.3136444852602328
813, 217, -21.600000000000037, 1270, 0.2992143694713363
814, 225, -22.40000000000005, 1292, 0.3371573625300526
815, 207, -20.600000000000023, 1314, 0.23448695870286151
816, 124, -12.299999999999972, 1302, 0.26777630152177095
817, 122, -12.099999999999973, 1327, 0.22473197002229295
818, 223, -22.200000000000045, 1293, 0.2256074671071484
819, 204, -20.30000000000002, 1314, 1.4070001846809659
820, 225, -22.40000000000005, 1294, 0.20451963300688636
821, 225, -22.40000000000005, 1307, 0.34003232599330335
822, 141, -13.999999999999966, 1331, 0.2523928752923448
823, 70, -6.8999999999999915, 1320, 0.1914277378502427
824, 225, -22.40000000000005, 1323, 0.35632588704735424
825, 65, -6.399999999999993, 1322, 0.22022936824949957
826, 129, -12.79999999999997, 1318, 0.9445874901931361
827, 225, -22.40000000000005, 1300, 0.2190107111430324
828, 225, -22.40000000000005, 1315, 0.23682695339404392
829, 225, -22.40000000000005, 1319, 0.28069633603816513
830, 75, -7.39999999999999, 1306, 0.19469047763561242
831, 225, -22.40000000000005, 1310, 0.15053459181418893
832, 99, -9.799999999999981, 1333, 0.24199155386061988
833, 225, -22.40000000000005, 1339, 0.19099049074146057
834, 224, -22.300000000000047, 1339, 0.1842286132599138
835, 225, -22.40000000000005, 1319, 0.23101252103321812
836, 225, -22.40000000000005, 1333, 0.24803532453288724
837, 225, -22.40000000000005, 1307, 0.2652256827090904
838, 95, -9.399999999999983, 1340, 0.2928395982936949
839, 165, -16.399999999999963, 1320, 0.25961251587431455
840, 180, -17.899999999999984, 1336, 0.20253876357375633
841, 197, -19.60000000000001, 1364, 0.21779455360727207
842, 83, -8.199999999999987, 1378, 0.2478385811778705
843, 112, -11.099999999999977, 1352, 0.19181191265840025
844, 225, -22.40000000000005, 1382, 0.2650135120508237
845, 225, -22.40000000000005, 1354, 0.28721711838288955
846, 225, -22.40000000000005, 1365, 0.18804751513507645
847, 225, -22.40000000000005, 1323, 0.3733478749517565
848, 89, -8.799999999999985, 1356, 0.26531990423898044
849, 225, -22.40000000000005, 1357, 0.27950101694194307
850, 55, -5.399999999999997, 1363, 0.2890870542698265
851, 225, -22.40000000000005, 1363, 0.4620109489728028
852, 222, -22.100000000000044, 1379, 0.2991484835272793
853, 63, -6.199999999999994, 1392, 0.295049665520009
854, 225, -22.40000000000005, 1329, 0.3289981653520879
855, 103, -10.19999999999998, 1354, 0.3181975832166761
856, 225, -22.40000000000005, 1341, 0.20242666711119206
857, 78, -7.699999999999989, 1353, 0.2685569978173046
858, 225, -22.40000000000005, 1341, 0.2718424368687876
859, 74, -7.29999999999999, 1349, 0.1950809566622138
860, 225, -22.40000000000005, 1349, 0.2696067619751048
861, 72, -7.099999999999991, 1349, 0.1464588585549979
862, 161, -15.99999999999996, 1372, 0.24718453448853195
863, 225, -22.40000000000005, 1395, 0.34185947489798996
864, 77, -7.599999999999989, 1368, 0.2246272297008709
865, 96, -9.499999999999982, 1374, 0.19402361212686214
866, 117, -11.599999999999975, 1356, 0.29175518861107497
867, 156, -15.499999999999961, 1369, 0.23791423303389214
868, 186, -18.499999999999993, 1370, 0.2508111966698998
869, 92, -9.099999999999984, 1359, 0.2446432453682741
870, 225, -22.40000000000005, 1359, 0.29784582846487373
871, 91, -8.999999999999984, 1345, 0.16449793112199007
872, 73, -7.19999999999999, 1389, 0.15368507458498226
873, 225, -22.40000000000005, 1384, 0.3172515534396778
874, 110, -10.899999999999977, 1399, 0.2867208018792562
875, 225, -22.40000000000005, 1392, 0.2050445286028988
876, 205, -20.40000000000002, 1425, 0.3989169264712329
877, 148, -14.699999999999964, 1404, 0.3578388337397953
878, 82, -8.099999999999987, 1406, 1.463908480481298
879, 154, -15.299999999999962, 1375, 0.23808829787527053
880, 192, -19.1, 1378, 0.21278602747660003
881, 109, -10.799999999999978, 1378, 1.5102964781444603
882, 55, -5.399999999999997, 1414, 0.2900901817541093
883, 111, -10.999999999999977, 1373, 0.2402138394634732
884, 225, -22.40000000000005, 1385, 0.2828647217480089
885, 193, -19.200000000000003, 1365, 0.29396857456435654
886, 225, -22.40000000000005, 1424, 0.28461042261774727
887, 225, -22.40000000000005, 1405, 0.21954755830523842
888, 126, -12.499999999999972, 1397, 0.2502595665031735
889, 159, -15.79999999999996, 1399, 0.2961932920014574
890, 225, -22.40000000000005, 1409, 0.36686526919904594
891, 225, -22.40000000000005, 1389, 0.1862489090800441
892, 108, -10.699999999999978, 1391, 0.17762714357255804
893, 215, -21.400000000000034, 1368, 0.2188358969163655
894, 133, -13.199999999999969, 1416, 0.24628686827284507
895, 95, -9.399999999999983, 1380, 1.3109211541881607
896, 98, -9.699999999999982, 1403, 0.23441178060682333
897, 225, -22.40000000000005, 1392, 0.20046284637975864
898, 71, -6.999999999999991, 1407, 1.2777400054712014
899, 58, -5.699999999999996, 1440, 0.23350924781595772
900, 113, -11.199999999999976, 1399, 0.32904096142769035
901, 146, -14.499999999999964, 1408, 0.2262990101278044
902, 60, -5.899999999999995, 1432, 0.31287510228515747
903, 51, -4.999999999999998, 1442, 0.28752844949930156
904, 198, -19.70000000000001, 1398, 0.2576279354273763
905, 225, -22.40000000000005, 1395, 0.2669766752844147
906, 88, -8.699999999999985, 1387, 0.20514209591686416
907, 112, -11.099999999999977, 1435, 0.33458680058188084
908, 106, -10.499999999999979, 1390, 0.21257883218224682
909, 203, -20.200000000000017, 1397, 0.20533416817996297
910, 225, -22.40000000000005, 1477, 0.2108747896779124
911, 123, -12.199999999999973, 1433, 0.18535594244322162
912, 170, -16.89999999999997, 1454, 0.2851905104439737
913, 225, -22.40000000000005, 1450, 1.2987910781149923
914, 79, -7.799999999999988, 1458, 0.20219549830185968
915, 139, -13.799999999999967, 1438, 0.21025456722185287
916, 225, -22.40000000000005, 1414, 0.194308764473901
917, 225, -22.40000000000005, 1484, 0.19481037317297895
918, 136, -13.499999999999968, 1453, 0.257809325615017
919, 225, -22.40000000000005, 1429, 1.5609579839451138
920, 123, -12.199999999999973, 1444, 0.16511896013744587
921, 225, -22.40000000000005, 1499, 0.14846305047451525
922, 197, -19.60000000000001, 1501, 0.27521068175066676
923, 212, -21.10000000000003, 1441, 0.24664808154785645
924, 146, -14.499999999999964, 1439, 0.19557243997073714
925, 191, -19.0, 1486, 0.24301815786746517
926, 225, -22.40000000000005, 1459, 0.34692308993423104
927, 225, -22.40000000000005, 1461, 0.27637811912285093
928, 225, -22.40000000000005, 1515, 0.2997589542808887
929, 225, -22.40000000000005, 1473, 0.19376036653638473
930, 146, -14.499999999999964, 1484, 1.4157623998650732
931, 133, -13.199999999999969, 1468, 0.2202351352157621
932, 225, -22.40000000000005, 1514, 0.2065635554652121
933, 132, -13.09999999999997, 1480, 0.22681507874009582
934, 216, -21.500000000000036, 1459, 0.25608439712519804
935, 225, -22.40000000000005, 1505, 0.2684493776755972
936, 96, -9.499999999999982, 1484, 0.18109337968464279
937, 225, -22.40000000000005, 1452, 0.2388241835774596
938, 146, -14.499999999999964, 1464, 0.3046228092159995
939, 225, -22.40000000000005, 1460, 0.32227716381840465
940, 225, -22.40000000000005, 1445, 0.16267997233135245
941, 225, -22.40000000000005, 1480, 0.3268416731801391
942, 83, -8.199999999999987, 1501, 0.2467348163890874
943, 166, -16.499999999999964, 1489, 0.3211666423634387
944, 157, -15.59999999999996, 1477, 0.1993917922110402
945, 103, -10.19999999999998, 1466, 0.2851942518277228
946, 225, -22.40000000000005, 1497, 0.23083777564432362
947, 139, -13.799999999999967, 1458, 1.1219276262435747
948, 225, -22.40000000000005, 1504, 0.30473110546623694
949, 216, -21.500000000000036, 1521, 0.21796357409511524
950, 77, -7.599999999999989, 1509, 0.3193352875796407
951, 85, -8.399999999999986, 1505, 0.17362183719940272
952, 130, -12.89999999999997, 1497, 0.26462513250946995
953, 102, -10.09999999999998, 1527, 0.2305904289243741
954, 88, -8.699999999999985, 1483, 0.19260684154207386
955, 118, -11.699999999999974, 1510, 0.29761907829840384
956, 126, -12.499999999999972, 1491, 0.24503802496685223
957, 168, -16.699999999999967, 1506, 0.2613100195121778
958, 107, -10.599999999999978, 1504, 0.21771875286260392
959, 225, -22.40000000000005, 1549, 0.3043313789766575
960, 174, -17.299999999999976, 1467, 0.16618489755321142
961, 225, -22.40000000000005, 1532, 0.3102347336172895
962, 225, -22.40000000000005, 1484, 0.2375921648664443
963, 81, -7.999999999999988, 1463, 0.2774056472683295
964, 91, -8.999999999999984, 1466, 0.2816447182718411
965, 105, -10.399999999999979, 1534, 0.244674847071102
966, 203, -20.200000000000017, 1506, 0.23701841753200836
967, 225, -22.40000000000005, 1507, 0.2503550408947538
968, 225, -22.40000000000005, 1493, 1.7394824186047515
969, 113, -11.199999999999976, 1507, 0.28612002908936995
970, 119, -11.799999999999974, 1533, 0.2516771067382646
971, 225, -22.40000000000005, 1501, 0.23036851032215055
972, 225, -22.40000000000005, 1515, 0.2798147326983249
973, 98, -9.699999999999982, 1530, 0.2659890318996858
974, 160, -15.89999999999996, 1532, 0.3089712762242629
975, 204, -20.30000000000002, 1537, 0.2878326748632536
976, 68, -6.699999999999992, 1521, 0.2086129739143
977, 52, -5.099999999999998, 1548, 0.1932400475263769
978, 225, -22.40000000000005, 1480, 0.23534925063492995
979, 56, -5.4999999999999964, 1536, 0.3454301945510137
980, 75, -7.39999999999999, 1534, 0.23907964340977683
981, 225, -22.40000000000005, 1543, 0.21904370726226574
982, 91, -8.999999999999984, 1495, 0.4216383669527355
983, 117, -11.599999999999975, 1526, 0.228989378932829
984, 225, -22.40000000000005, 1542, 0.37637339422055716
985, 225, -22.40000000000005, 1531, 0.23461083184874199
986, 63, -6.199999999999994, 1557, 0.25004867803115394
987, 180, -17.899999999999984, 1532, 0.25381611520430414
988, 67, -6.5999999999999925, 1543, 0.28252271782461724
989, 225, -22.40000000000005, 1522, 0.18893695495154006
990, 225, -22.40000000000005, 1528, 0.2163343383247085
991, 99, -9.799999999999981, 1514, 0.2458990030545225
992, 225, -22.40000000000005, 1559, 0.25700400587144967
993, 145, -14.399999999999965, 1533, 0.22604534781497354
994, 184, -18.29999999999999, 1522, 0.25963943830468317
995, 116, -11.499999999999975, 1564, 0.2742325327756555
996, 225, -22.40000000000005, 1599, 0.21939510102169502
997, 225, -22.40000000000005, 1550, 0.2551586075611909
998, 104, -10.29999999999998, 1529, 0.21386915127683137
999, 143, -14.199999999999966, 1564, 0.23421404026593606
1000, 81, -7.999999999999988, 1539, 0.18479980934851792
