Episode, Steps, Reward, Time (in milliseconds), Convergence
1, 225, -22.40000000000005, 25, 0.05799603454554125
2, 225, -22.40000000000005, 34, 0.05725958818323451
3, 225, -22.40000000000005, 69, 0.06423266913868625
4, 225, -22.40000000000005, 73, 0.058212685394294306
5, 225, -22.40000000000005, 90, 0.06439496045884441
6, 225, -22.40000000000005, 87, 0.0591338351816712
7, 225, -22.40000000000005, 82, 0.059594923730920235
8, 225, -22.40000000000005, 106, 0.058598571466655924
9, 225, -22.40000000000005, 100, 0.05778455617211453
10, 225, -22.40000000000005, 110, 0.04781687361082865
11, 225, -22.40000000000005, 117, 0.05387332247953558
12, 225, -22.40000000000005, 121, 0.052679575617559316
13, 225, -22.40000000000005, 130, 0.4504303948563415
14, 225, -22.40000000000005, 112, 0.05051925617439512
15, 225, -22.40000000000005, 127, 0.059066075204947
16, 225, -22.40000000000005, 147, 0.06888868314066898
17, 225, -22.40000000000005, 150, 0.050415387423195845
18, 225, -22.40000000000005, 132, 0.0665537321806228
19, 225, -22.40000000000005, 143, 0.05031383707679793
20, 225, -22.40000000000005, 158, 0.05916108605843595
21, 225, -22.40000000000005, 160, 0.055977052441611
22, 225, -22.40000000000005, 152, 0.05185942972265001
23, 225, -22.40000000000005, 164, 0.049390389898321674
24, 225, -22.40000000000005, 176, 0.09425803306434316
25, 225, -22.40000000000005, 177, 0.04939416810294017
26, 225, -22.40000000000005, 168, 0.07351365756273248
27, 225, -22.40000000000005, 174, 0.06298165213071605
28, 225, -22.40000000000005, 199, 0.04718039848698963
29, 225, -22.40000000000005, 188, 0.05088511956944375
30, 225, -22.40000000000005, 179, 0.05892103047664632
31, 225, -22.40000000000005, 206, 0.07691510471042196
32, 225, -22.40000000000005, 194, 0.04933349030313949
33, 225, -22.40000000000005, 201, 0.06419628177481607
34, 225, -22.40000000000005, 202, 0.05822441265348033
35, 225, -22.40000000000005, 195, 0.08325130838277017
36, 225, -22.40000000000005, 218, 0.060816212458195684
37, 225, -22.40000000000005, 199, 0.06380557043256374
38, 225, -22.40000000000005, 207, 0.040624196785293165
39, 225, -22.40000000000005, 210, 0.0668578855905371
40, 225, -22.40000000000005, 214, 0.05323523533921093
41, 225, -22.40000000000005, 213, 0.06286378303565643
42, 225, -22.40000000000005, 229, 0.056031527930820946
43, 225, -22.40000000000005, 230, 0.05604411369343687
44, 225, -22.40000000000005, 233, 0.08136698524937402
45, 225, -22.40000000000005, 226, 0.045994401618871805
46, 225, -22.40000000000005, 222, 0.05082553393049638
47, 225, -22.40000000000005, 246, 0.059506423763258764
48, 225, -22.40000000000005, 228, 0.06779753105823938
49, 225, -22.40000000000005, 251, 0.07240402901778803
50, 225, -22.40000000000005, 240, 0.0755805432808121
51, 225, -22.40000000000005, 245, 0.06713521182615884
52, 225, -22.40000000000005, 241, 0.0711799528036211
53, 225, -22.40000000000005, 260, 0.07001393498691078
54, 225, -22.40000000000005, 244, 0.07246595268080958
55, 225, -22.40000000000005, 259, 0.07435624975579536
56, 225, -22.40000000000005, 249, 0.5602665979349328
57, 197, -19.60000000000001, 243, 0.05038802595762881
58, 225, -22.40000000000005, 253, 0.07351591448237693
59, 225, -22.40000000000005, 269, 0.04878908402536908
60, 225, -22.40000000000005, 252, 0.07455478606765942
61, 225, -22.40000000000005, 266, 0.0660114430342944
62, 225, -22.40000000000005, 275, 0.061267920740553095
63, 225, -22.40000000000005, 282, 0.07410560643971853
64, 225, -22.40000000000005, 264, 0.0719187470614504
65, 225, -22.40000000000005, 272, 0.06076416869950618
66, 225, -22.40000000000005, 283, 0.04741246842639962
67, 225, -22.40000000000005, 271, 0.08868673449664621
68, 225, -22.40000000000005, 263, 0.06160385704711968
69, 225, -22.40000000000005, 271, 0.06456857247791176
70, 225, -22.40000000000005, 294, 0.05824684424842297
71, 113, -11.199999999999976, 278, 0.06965142658729606
72, 225, -22.40000000000005, 282, 0.051663548410984195
73, 225, -22.40000000000005, 282, 0.07568670576910996
74, 225, -22.40000000000005, 301, 0.07308405225776815
75, 225, -22.40000000000005, 308, 0.058388037850571006
76, 119, -11.799999999999974, 298, 0.08086665751818756
77, 225, -22.40000000000005, 281, 0.08756592186044831
78, 114, -11.299999999999976, 286, 0.079267374213574
79, 225, -22.40000000000005, 294, 0.07903219450991761
80, 143, -14.199999999999966, 291, 0.06974513081513756
81, 197, -19.60000000000001, 291, 0.058182296048608695
82, 225, -22.40000000000005, 304, 0.09793185269742422
83, 117, -11.599999999999975, 290, 0.08339603173126986
84, 116, -11.499999999999975, 315, 0.06573074896827114
85, 225, -22.40000000000005, 298, 0.05761464964144558
86, 128, -12.69999999999997, 301, 0.07098497665700432
87, 102, -10.09999999999998, 296, 0.07370180173242152
88, 96, -9.499999999999982, 294, 0.06876622961407097
89, 225, -22.40000000000005, 304, 0.05178334643887217
90, 177, -17.59999999999998, 294, 0.05785761115187604
91, 225, -22.40000000000005, 316, 0.08386631629100438
92, 146, -14.499999999999964, 323, 0.07625281848585352
93, 125, -12.399999999999972, 318, 0.6191180297222343
94, 225, -22.40000000000005, 310, 0.07967524297342943
95, 74, -7.29999999999999, 312, 0.06212794432987434
96, 106, -10.499999999999979, 304, 0.06367842194160805
97, 225, -22.40000000000005, 329, 0.07113527009337961
98, 86, -8.499999999999986, 315, 0.0745308270324084
99, 93, -9.199999999999983, 311, 0.07357116426654109
100, 129, -12.79999999999997, 325, 0.08337898621954576
101, 182, -18.099999999999987, 314, 0.05349157024490747
102, 225, -22.40000000000005, 329, 0.05241812970489407
103, 74, -7.29999999999999, 338, 0.0671257582601954
104, 225, -22.40000000000005, 308, 0.054431021209588426
105, 208, -20.700000000000024, 330, 0.062194304733260264
106, 183, -18.19999999999999, 323, 0.06547517616381615
107, 88, -8.699999999999985, 317, 0.07960516942731244
108, 45, -4.4, 321, 0.06917430408986203
109, 54, -5.299999999999997, 323, 0.043328569159462926
110, 101, -9.99999999999998, 331, 0.06734959303957921
111, 225, -22.40000000000005, 319, 0.0692793867232091
112, 143, -14.199999999999966, 331, 0.06428397134173758
113, 64, -6.299999999999994, 331, 0.04988809048353904
114, 69, -6.799999999999992, 326, 0.05541502489354866
115, 225, -22.40000000000005, 332, 0.08184116288767629
116, 176, -17.49999999999998, 332, 0.06352541435741332
117, 117, -11.599999999999975, 348, 0.06629056497352659
118, 54, -5.299999999999997, 331, 0.06453398111870756
119, 225, -22.40000000000005, 353, 0.08429859107523097
120, 69, -6.799999999999992, 340, 0.059412171185291074
121, 89, -8.799999999999985, 334, 0.05871136116993769
122, 50, -4.899999999999999, 345, 0.06595297750689166
123, 61, -5.999999999999995, 337, 0.05302683299207933
124, 225, -22.40000000000005, 344, 0.07134646463831024
125, 134, -13.299999999999969, 345, 0.07323452863823299
126, 225, -22.40000000000005, 360, 0.08604702180444779
127, 85, -8.399999999999986, 342, 0.07715753397074843
128, 61, -5.999999999999995, 343, 0.05523952252073716
129, 132, -13.09999999999997, 342, 0.06559731324162743
130, 84, -8.299999999999986, 350, 0.08078320753729953
131, 112, -11.099999999999977, 359, 0.06220019651099101
132, 91, -8.999999999999984, 352, 0.06720846979716388
133, 57, -5.599999999999996, 339, 0.07582663029704162
134, 79, -7.799999999999988, 361, 0.08264055822898642
135, 62, -6.099999999999994, 348, 0.05583994752747712
136, 225, -22.40000000000005, 361, 0.08647735644191812
137, 81, -7.999999999999988, 367, 0.08351553423563374
138, 59, -5.799999999999995, 357, 0.0699636483629813
139, 51, -4.999999999999998, 356, 0.06850950237897496
140, 58, -5.699999999999996, 356, 0.0897827592728977
141, 45, -4.4, 351, 0.06854759919452613
142, 116, -11.499999999999975, 357, 0.06932884775232617
143, 100, -9.89999999999998, 364, 0.09221735138250486
144, 86, -8.499999999999986, 359, 0.08468865226277789
145, 49, -4.799999999999999, 359, 0.0754186460066193
146, 82, -8.099999999999987, 357, 0.07419001771924494
147, 225, -22.40000000000005, 375, 0.08035391891263544
148, 61, -5.999999999999995, 356, 0.08739341894645647
149, 87, -8.599999999999985, 350, 0.09513426020426086
150, 67, -6.5999999999999925, 370, 0.09836989248180106
151, 59, -5.799999999999995, 364, 0.07069565510227416
152, 68, -6.699999999999992, 376, 0.06718996395771226
153, 41, -4.000000000000002, 379, 0.07117863607246999
154, 108, -10.699999999999978, 369, 0.08088019731484408
155, 113, -11.199999999999976, 363, 0.07153897627902223
156, 88, -8.699999999999985, 362, 0.055225601521102785
157, 62, -6.099999999999994, 354, 0.06098148974610762
158, 59, -5.799999999999995, 371, 0.07393414544231747
159, 57, -5.599999999999996, 360, 0.0630688515481676
160, 225, -22.40000000000005, 361, 0.0802925485174143
161, 57, -5.599999999999996, 377, 0.0693947104719439
162, 58, -5.699999999999996, 375, 0.07319588622735651
163, 139, -13.799999999999967, 380, 0.06879655485406655
164, 104, -10.29999999999998, 383, 0.07871646307596358
165, 64, -6.299999999999994, 371, 0.07384709643273801
166, 53, -5.1999999999999975, 369, 0.07227036914991247
167, 101, -9.99999999999998, 371, 0.07846577947753097
168, 55, -5.399999999999997, 373, 0.08675188672104683
169, 83, -8.199999999999987, 374, 0.06262996615195915
170, 68, -6.699999999999992, 379, 0.06429120733831661
171, 65, -6.399999999999993, 382, 0.07546228694946766
172, 75, -7.39999999999999, 371, 0.07335727619166943
173, 58, -5.699999999999996, 377, 0.07829262880087795
174, 48, -4.699999999999999, 383, 0.07930079626884856
175, 53, -5.1999999999999975, 381, 0.06766367874240942
176, 71, -6.999999999999991, 381, 0.07674863752141281
177, 114, -11.299999999999976, 375, 0.07605401723269445
178, 63, -6.199999999999994, 386, 0.049615818828804725
179, 66, -6.499999999999993, 379, 0.07364854348352368
180, 225, -22.40000000000005, 379, 0.07787584835895611
181, 55, -5.399999999999997, 378, 0.07725751945304138
182, 64, -6.299999999999994, 383, 0.06541781918550371
183, 54, -5.299999999999997, 387, 0.0668210220891412
184, 57, -5.599999999999996, 388, 0.07960246842113461
185, 57, -5.599999999999996, 375, 0.06956659331220227
186, 50, -4.899999999999999, 384, 0.057836867296341965
187, 62, -6.099999999999994, 386, 0.05604703546153145
188, 58, -5.699999999999996, 397, 0.07959269514139589
189, 74, -7.29999999999999, 387, 0.04986537703488492
190, 62, -6.099999999999994, 388, 0.06002462158560884
191, 61, -5.999999999999995, 393, 0.08486696870997834
192, 88, -8.699999999999985, 395, 0.07796806539582901
193, 54, -5.299999999999997, 408, 0.06263726242180656
194, 68, -6.699999999999992, 393, 0.06361317771796005
195, 52, -5.099999999999998, 404, 0.07592913590932326
196, 54, -5.299999999999997, 395, 0.08422477220834823
197, 75, -7.39999999999999, 397, 0.06527617622013518
198, 67, -6.5999999999999925, 402, 0.09699444438173899
199, 65, -6.399999999999993, 395, 0.06697688336371677
200, 53, -5.1999999999999975, 398, 0.0740659773867387
201, 48, -4.699999999999999, 408, 0.057616214831153645
202, 53, -5.1999999999999975, 404, 0.719868414855948
203, 49, -4.799999999999999, 401, 0.06419599104490237
204, 59, -5.799999999999995, 402, 0.07665632646973708
205, 58, -5.699999999999996, 401, 0.06623762373852493
206, 51, -4.999999999999998, 402, 0.06403587744510886
207, 63, -6.199999999999994, 414, 0.07609108460520453
208, 70, -6.8999999999999915, 403, 0.08259456706590074
209, 49, -4.799999999999999, 406, 0.07778857215733814
210, 54, -5.299999999999997, 407, 0.08215865019085422
211, 48, -4.699999999999999, 411, 0.042726033929324725
212, 63, -6.199999999999994, 419, 0.08020470639017985
213, 60, -5.899999999999995, 402, 0.07794990844730254
214, 197, -19.60000000000001, 407, 0.09287009942369706
215, 57, -5.599999999999996, 412, 0.06714147939564086
216, 60, -5.899999999999995, 406, 0.0753852319927899
217, 90, -8.899999999999984, 399, 0.07719070588417298
218, 58, -5.699999999999996, 427, 0.07372408876733427
219, 57, -5.599999999999996, 405, 0.06471585965929005
220, 46, -4.5, 422, 0.07396505556203925
221, 52, -5.099999999999998, 404, 0.06558697818799808
222, 54, -5.299999999999997, 415, 0.06102825944053447
223, 55, -5.399999999999997, 416, 0.06705309659123015
224, 69, -6.799999999999992, 415, 0.05992330163452306
225, 81, -7.999999999999988, 421, 0.05731829012612932
226, 64, -6.299999999999994, 410, 0.07106533868589349
227, 50, -4.899999999999999, 409, 0.08585097576977985
228, 63, -6.199999999999994, 416, 0.0440978197027464
229, 118, -11.699999999999974, 417, 0.07411353110147889
230, 59, -5.799999999999995, 420, 0.05569877340366647
231, 61, -5.999999999999995, 412, 0.08448703021632276
232, 72, -7.099999999999991, 426, 0.06768072158289273
233, 54, -5.299999999999997, 425, 0.0781959372361285
234, 63, -6.199999999999994, 412, 0.07087046017966658
235, 65, -6.399999999999993, 408, 0.5992104262814262
236, 55, -5.399999999999997, 427, 0.06559031969017703
237, 55, -5.399999999999997, 423, 0.07458105105350632
238, 58, -5.699999999999996, 412, 0.05593239711066289
239, 59, -5.799999999999995, 414, 0.07116360005991118
240, 56, -5.4999999999999964, 417, 0.06199032803906257
241, 56, -5.4999999999999964, 436, 0.05617120633700523
242, 58, -5.699999999999996, 422, 0.09332679993007709
243, 80, -7.899999999999988, 420, 0.0715222829210258
244, 60, -5.899999999999995, 429, 0.07453845756026833
245, 81, -7.999999999999988, 413, 0.06907365010317079
246, 58, -5.699999999999996, 431, 0.08090513301974411
247, 57, -5.599999999999996, 418, 0.07941738786651809
248, 59, -5.799999999999995, 422, 0.09283737745577747
249, 49, -4.799999999999999, 424, 0.042655003038091
250, 52, -5.099999999999998, 432, 0.09009554568582759
251, 60, -5.899999999999995, 431, 0.08926981814726831
252, 124, -12.299999999999972, 422, 0.06117767877773428
253, 56, -5.4999999999999964, 434, 0.07450122002584869
254, 62, -6.099999999999994, 423, 0.0606211112566617
255, 126, -12.499999999999972, 436, 0.08648394072559873
256, 53, -5.1999999999999975, 436, 0.05923460782917234
257, 58, -5.699999999999996, 436, 0.06588183118224245
258, 51, -4.999999999999998, 428, 0.09375457590495206
259, 120, -11.899999999999974, 433, 0.0670164684153145
260, 56, -5.4999999999999964, 435, 0.06902080868955196
261, 72, -7.099999999999991, 435, 0.08134789221861949
262, 143, -14.199999999999966, 440, 0.08296375008584933
263, 58, -5.699999999999996, 442, 0.0703631398711484
264, 57, -5.599999999999996, 442, 0.060169752624539496
265, 58, -5.699999999999996, 443, 0.051680519491879906
266, 52, -5.099999999999998, 436, 0.14691572355811555
267, 57, -5.599999999999996, 437, 0.05473310020436051
268, 50, -4.899999999999999, 445, 0.0645280195722534
269, 50, -4.899999999999999, 452, 0.08567862931276404
270, 57, -5.599999999999996, 434, 0.07858816215439246
271, 57, -5.599999999999996, 439, 0.05220559105575617
272, 50, -4.899999999999999, 447, 0.08991207728907225
273, 55, -5.399999999999997, 445, 0.06330503547930832
274, 61, -5.999999999999995, 442, 0.06420687230534905
275, 56, -5.4999999999999964, 443, 0.06940870326458959
276, 55, -5.399999999999997, 435, 0.09075703709946858
277, 58, -5.699999999999996, 445, 0.04529203272119586
278, 52, -5.099999999999998, 458, 0.08299102824057059
279, 64, -6.299999999999994, 452, 0.11129931463365983
280, 70, -6.8999999999999915, 456, 0.06650563519479658
281, 119, -11.799999999999974, 439, 0.061072058793635975
282, 56, -5.4999999999999964, 451, 0.0685163423657913
283, 67, -6.5999999999999925, 451, 0.060039227323306577
284, 67, -6.5999999999999925, 444, 0.07277263314891158
285, 59, -5.799999999999995, 451, 0.07786539094908645
286, 49, -4.799999999999999, 448, 0.08367635906489057
287, 77, -7.599999999999989, 449, 0.07638463912088866
288, 104, -10.29999999999998, 450, 0.07731740742700333
289, 51, -4.999999999999998, 458, 0.07392540915193191
290, 56, -5.4999999999999964, 451, 0.056716798933409
291, 61, -5.999999999999995, 457, 0.06243031495787221
292, 51, -4.999999999999998, 456, 0.05585224623965068
293, 56, -5.4999999999999964, 460, 0.07742145328297712
294, 52, -5.099999999999998, 459, 0.07616088084777717
295, 50, -4.899999999999999, 464, 0.09492566694420623
296, 95, -9.399999999999983, 471, 0.07345916807801833
297, 63, -6.199999999999994, 465, 0.0788931670896218
298, 61, -5.999999999999995, 470, 0.067276355664031
299, 107, -10.599999999999978, 454, 0.06649380164856655
300, 76, -7.499999999999989, 467, 0.08051289204706613
301, 60, -5.899999999999995, 469, 0.0675513805509469
302, 78, -7.699999999999989, 476, 0.0968187034269894
303, 43, -4.200000000000001, 466, 0.06730736033334472
304, 185, -18.39999999999999, 461, 0.0792996371711463
305, 54, -5.299999999999997, 450, 0.07723148729884155
306, 87, -8.599999999999985, 472, 0.10073529015355054
307, 58, -5.699999999999996, 470, 0.09837339449295501
308, 87, -8.599999999999985, 479, 0.07281581238760193
309, 58, -5.699999999999996, 471, 0.07195251402825997
310, 75, -7.39999999999999, 466, 0.5872190622260076
311, 69, -6.799999999999992, 458, 0.07918328567249944
312, 48, -4.699999999999999, 472, 0.06457236321943771
313, 71, -6.999999999999991, 461, 0.06744515292289943
314, 54, -5.299999999999997, 461, 0.0814858740618
315, 53, -5.1999999999999975, 477, 0.06241131749629636
316, 82, -8.099999999999987, 464, 0.11607263318073313
317, 80, -7.899999999999988, 468, 0.07324298946737762
318, 72, -7.099999999999991, 471, 0.07057973662562667
319, 68, -6.699999999999992, 467, 0.05589015193033253
320, 59, -5.799999999999995, 472, 0.07175368935564563
321, 55, -5.399999999999997, 473, 0.05913037572846602
322, 47, -4.6, 474, 0.07282946870658913
323, 58, -5.699999999999996, 468, 0.1239420147171637
324, 61, -5.999999999999995, 458, 0.0346673484619715
325, 80, -7.899999999999988, 478, 0.050994942602563986
326, 55, -5.399999999999997, 469, 0.07542406384976275
327, 64, -6.299999999999994, 478, 0.06697777024711038
328, 185, -18.39999999999999, 476, 0.09313557041955489
329, 69, -6.799999999999992, 472, 0.07274907486664373
330, 55, -5.399999999999997, 467, 0.08537427465366987
331, 54, -5.299999999999997, 472, 0.07530962848171141
332, 55, -5.399999999999997, 480, 0.08972113442304064
333, 67, -6.5999999999999925, 478, 0.07765273597898892
334, 66, -6.499999999999993, 489, 0.06843012374915025
335, 57, -5.599999999999996, 473, 0.07810962416258649
336, 52, -5.099999999999998, 478, 0.058971582249341736
337, 112, -11.099999999999977, 475, 0.0630404816758916
338, 72, -7.099999999999991, 476, 0.0739752504307542
339, 57, -5.599999999999996, 478, 0.05929149844345094
340, 76, -7.499999999999989, 482, 0.07623875063901053
341, 53, -5.1999999999999975, 475, 0.07882958673882845
342, 67, -6.5999999999999925, 472, 0.059892067789373726
343, 60, -5.899999999999995, 482, 0.09078625772071103
344, 50, -4.899999999999999, 493, 0.08519516861662652
345, 94, -9.299999999999983, 494, 0.06207676369664927
346, 50, -4.899999999999999, 483, 0.10476741272704415
347, 57, -5.599999999999996, 486, 0.0485158186952348
348, 51, -4.999999999999998, 490, 0.0800858882869338
349, 80, -7.899999999999988, 494, 0.08433047152333384
350, 66, -6.499999999999993, 499, 0.06788201389441761
351, 57, -5.599999999999996, 499, 0.08271882042750556
352, 60, -5.899999999999995, 489, 0.058181596514511824
353, 57, -5.599999999999996, 491, 0.06962866835823522
354, 59, -5.799999999999995, 486, 0.0789154322921447
355, 54, -5.299999999999997, 491, 0.07431601563730439
356, 62, -6.099999999999994, 496, 0.08908930629173772
357, 51, -4.999999999999998, 516, 0.07289713530636943
358, 52, -5.099999999999998, 496, 0.06818138879223912
359, 60, -5.899999999999995, 498, 0.09258082633844622
360, 52, -5.099999999999998, 500, 0.07080529033252858
361, 57, -5.599999999999996, 507, 0.08085901317383437
362, 51, -4.999999999999998, 495, 0.05407957450461387
363, 69, -6.799999999999992, 511, 0.07974626733537996
364, 52, -5.099999999999998, 515, 0.07714868952516996
365, 54, -5.299999999999997, 500, 0.07060555177860262
366, 60, -5.899999999999995, 497, 0.0836170221838648
367, 46, -4.5, 499, 0.052141653171020375
368, 54, -5.299999999999997, 492, 0.08895094388407809
369, 61, -5.999999999999995, 508, 0.08525373239881073
370, 59, -5.799999999999995, 503, 0.05367663341912743
371, 162, -16.09999999999996, 499, 0.06572858150260208
372, 46, -4.5, 517, 0.05210202624447691
373, 58, -5.699999999999996, 501, 0.0806471409741496
374, 55, -5.399999999999997, 504, 0.06637588516036486
375, 57, -5.599999999999996, 513, 0.08134404793919536
376, 75, -7.39999999999999, 511, 0.0666594238324687
377, 77, -7.599999999999989, 506, 0.04752950947529211
378, 57, -5.599999999999996, 498, 0.08049385139488052
379, 52, -5.099999999999998, 516, 0.06284919817882151
380, 47, -4.6, 517, 0.07736213536523007
381, 98, -9.699999999999982, 516, 0.06957522591077714
382, 66, -6.499999999999993, 508, 0.4829863614136576
383, 56, -5.4999999999999964, 497, 0.08299628390597436
384, 103, -10.19999999999998, 511, 0.0721194275150725
385, 61, -5.999999999999995, 513, 0.08703950352067391
386, 62, -6.099999999999994, 524, 0.04923864367260977
387, 53, -5.1999999999999975, 509, 0.05916767548066115
388, 53, -5.1999999999999975, 507, 0.08794492183443348
389, 51, -4.999999999999998, 505, 0.06742765250920768
390, 70, -6.8999999999999915, 504, 0.06545976198782721
391, 74, -7.29999999999999, 508, 0.06622245975612077
392, 55, -5.399999999999997, 509, 0.09427384088139079
393, 57, -5.599999999999996, 510, 0.06158146436691769
394, 87, -8.599999999999985, 516, 0.07972547288028009
395, 81, -7.999999999999988, 521, 0.056396560339006085
396, 57, -5.599999999999996, 513, 0.08473185691457386
397, 66, -6.499999999999993, 523, 0.09212840003963185
398, 55, -5.399999999999997, 516, 0.07673323303375246
399, 67, -6.5999999999999925, 523, 0.07616289692401934
400, 141, -13.999999999999966, 516, 0.05881167607554039
401, 58, -5.699999999999996, 523, 0.0702861404784576
402, 56, -5.4999999999999964, 535, 0.04256143368144283
403, 101, -9.99999999999998, 528, 0.06443416109653333
404, 47, -4.6, 535, 0.0675547793926694
405, 58, -5.699999999999996, 536, 0.05770229326940246
406, 54, -5.299999999999997, 535, 0.07427465522079091
407, 54, -5.299999999999997, 521, 0.07519209430034168
408, 49, -4.799999999999999, 515, 0.07786686600967141
409, 60, -5.899999999999995, 525, 0.08055584769332835
410, 57, -5.599999999999996, 526, 0.10289903757388608
411, 48, -4.699999999999999, 529, 0.07992904973613213
412, 53, -5.1999999999999975, 525, 0.09436078008341253
413, 126, -12.499999999999972, 531, 0.07102096587418039
414, 82, -8.099999999999987, 536, 0.06865951583371133
415, 55, -5.399999999999997, 530, 0.09132543404479598
416, 64, -6.299999999999994, 536, 0.08699156090193827
417, 64, -6.299999999999994, 528, 0.06686702872803729
418, 107, -10.599999999999978, 521, 0.06883779673955548
419, 156, -15.499999999999961, 539, 0.07689934801207066
420, 61, -5.999999999999995, 536, 0.07354925897691156
421, 51, -4.999999999999998, 550, 0.06928689207463012
422, 55, -5.399999999999997, 536, 0.06456248560130406
423, 47, -4.6, 534, 0.06817191371015024
424, 63, -6.199999999999994, 541, 0.0714892468003715
425, 47, -4.6, 547, 0.08151964628683164
426, 77, -7.599999999999989, 537, 0.08729148357858141
427, 43, -4.200000000000001, 547, 0.07056306699469217
428, 93, -9.199999999999983, 538, 0.08592541250600239
429, 78, -7.699999999999989, 546, 0.08756910573912147
430, 72, -7.099999999999991, 551, 0.09757695097204722
431, 69, -6.799999999999992, 552, 0.07685354931747623
432, 67, -6.5999999999999925, 538, 0.10454086813979346
433, 132, -13.09999999999997, 533, 0.07410347725458188
434, 85, -8.399999999999986, 538, 0.07457732239721304
435, 51, -4.999999999999998, 556, 0.08978505347598298
436, 52, -5.099999999999998, 544, 0.0776487831297887
437, 53, -5.1999999999999975, 539, 0.08436045619207144
438, 53, -5.1999999999999975, 545, 0.07117003891269286
439, 65, -6.399999999999993, 545, 0.06649504286537411
440, 90, -8.899999999999984, 548, 0.08331103154618602
441, 63, -6.199999999999994, 544, 0.06351621385528006
442, 61, -5.999999999999995, 543, 0.06826211250400416
443, 63, -6.199999999999994, 549, 0.06485136124040669
444, 54, -5.299999999999997, 557, 0.08131990643771347
445, 60, -5.899999999999995, 555, 0.0675371365885229
446, 54, -5.299999999999997, 555, 0.07568272543201449
447, 56, -5.4999999999999964, 539, 0.06947010975769574
448, 54, -5.299999999999997, 544, 0.049544821709573306
449, 66, -6.499999999999993, 551, 0.05175381460220385
450, 54, -5.299999999999997, 551, 0.08010156148296765
451, 51, -4.999999999999998, 555, 0.0646605827540383
452, 85, -8.399999999999986, 553, 0.08608762296667605
453, 51, -4.999999999999998, 555, 0.05666240483104534
454, 57, -5.599999999999996, 551, 0.07159185822071734
455, 51, -4.999999999999998, 556, 0.07686160350133422
456, 58, -5.699999999999996, 563, 0.08285796096867526
457, 73, -7.19999999999999, 546, 0.056901771103161414
458, 49, -4.799999999999999, 555, 0.08503794342589982
459, 49, -4.799999999999999, 559, 0.09482085510899643
460, 63, -6.199999999999994, 560, 0.061152545955745374
461, 60, -5.899999999999995, 559, 0.08080600446344466
462, 64, -6.299999999999994, 555, 0.06939384517910202
463, 62, -6.099999999999994, 563, 0.09030998656629552
464, 52, -5.099999999999998, 566, 0.07658860799641709
465, 59, -5.799999999999995, 558, 0.06227972417449168
466, 66, -6.499999999999993, 560, 0.07647846682842163
467, 62, -6.099999999999994, 571, 0.07002193519002753
468, 58, -5.699999999999996, 558, 0.06910090910873601
469, 49, -4.799999999999999, 559, 0.07082155322243328
470, 60, -5.899999999999995, 567, 0.07064961757654942
471, 51, -4.999999999999998, 563, 0.07538928577188742
472, 58, -5.699999999999996, 560, 0.06420293318632864
473, 57, -5.599999999999996, 564, 0.06587104169013025
474, 85, -8.399999999999986, 576, 0.0806454411119022
475, 57, -5.599999999999996, 573, 0.07136228173659998
476, 60, -5.899999999999995, 580, 0.06979795167464342
477, 71, -6.999999999999991, 573, 0.044404023624093014
478, 70, -6.8999999999999915, 559, 0.09017572355650683
479, 58, -5.699999999999996, 578, 0.0739570617813643
480, 45, -4.4, 563, 0.087778479671069
481, 71, -6.999999999999991, 580, 0.061389923271723656
482, 83, -8.199999999999987, 567, 0.07692727334798377
483, 63, -6.199999999999994, 578, 0.07324527646547851
484, 60, -5.899999999999995, 582, 0.07385754778036913
485, 78, -7.699999999999989, 584, 0.04894387698635594
486, 57, -5.599999999999996, 568, 0.0699814308691975
487, 61, -5.999999999999995, 581, 0.07538295870523548
488, 71, -6.999999999999991, 571, 0.08204669584224433
489, 55, -5.399999999999997, 570, 0.08722855928805728
490, 54, -5.299999999999997, 575, 0.05466209026194724
491, 54, -5.299999999999997, 581, 0.09104008115636664
492, 51, -4.999999999999998, 596, 0.09049728978177685
493, 54, -5.299999999999997, 579, 0.06753606725296013
494, 84, -8.299999999999986, 577, 0.08157844361315814
495, 52, -5.099999999999998, 562, 0.0662425115650973
496, 67, -6.5999999999999925, 578, 0.07571846600967813
497, 71, -6.999999999999991, 588, 0.07243729265286691
498, 59, -5.799999999999995, 583, 0.053772271330388755
499, 59, -5.799999999999995, 578, 0.09523108125405846
500, 53, -5.1999999999999975, 579, 0.08138099503806773
501, 71, -6.999999999999991, 584, 0.06337419932633814
502, 59, -5.799999999999995, 579, 0.07247503739523009
503, 66, -6.499999999999993, 571, 0.08990612136725451
504, 50, -4.899999999999999, 587, 0.08658251959547836
505, 87, -8.599999999999985, 576, 0.07251197088208294
506, 54, -5.299999999999997, 589, 0.06464845587329204
507, 61, -5.999999999999995, 594, 0.0641978941005783
508, 82, -8.099999999999987, 601, 0.07820306413120903
509, 53, -5.1999999999999975, 598, 0.08170158200759037
510, 62, -6.099999999999994, 594, 0.0818259433003119
511, 47, -4.6, 584, 0.08086096940502374
512, 60, -5.899999999999995, 587, 0.0913355167784915
513, 54, -5.299999999999997, 586, 0.055526284053600605
514, 52, -5.099999999999998, 591, 0.06295546552258369
515, 51, -4.999999999999998, 596, 0.07805300076607491
516, 106, -10.499999999999979, 593, 0.08061365273084409
517, 65, -6.399999999999993, 585, 0.08917244421340587
518, 52, -5.099999999999998, 590, 0.0691647112772209
519, 58, -5.699999999999996, 575, 0.07894039766267447
520, 53, -5.1999999999999975, 591, 0.06332662065402417
521, 62, -6.099999999999994, 589, 0.07805049437775552
522, 74, -7.29999999999999, 590, 0.09759610267640517
523, 62, -6.099999999999994, 596, 0.09878998202096723
524, 50, -4.899999999999999, 602, 0.08444862437733303
525, 86, -8.499999999999986, 606, 0.09100013681313923
526, 88, -8.699999999999985, 610, 0.0655265062746192
527, 46, -4.5, 592, 0.07285567622182121
528, 55, -5.399999999999997, 595, 0.06479407476290211
529, 51, -4.999999999999998, 599, 0.07262797453620728
530, 51, -4.999999999999998, 600, 0.08249172681049954
531, 57, -5.599999999999996, 600, 0.07535218914385866
532, 54, -5.299999999999997, 589, 0.10369730849197989
533, 67, -6.5999999999999925, 600, 0.0598947131851153
534, 135, -13.399999999999968, 595, 0.08145451527723813
535, 69, -6.799999999999992, 602, 0.06052717595268542
536, 80, -7.899999999999988, 609, 0.08569946768351477
537, 68, -6.699999999999992, 610, 0.06858898819218756
538, 64, -6.299999999999994, 614, 0.06574438614894795
539, 54, -5.299999999999997, 612, 0.07859386272731816
540, 52, -5.099999999999998, 615, 0.06894037396300878
541, 128, -12.69999999999997, 615, 0.06916901305678969
542, 54, -5.299999999999997, 604, 0.07798559608035638
543, 164, -16.29999999999996, 611, 0.06382001173828789
544, 55, -5.399999999999997, 604, 0.04845292086048736
545, 54, -5.299999999999997, 619, 0.06590906510236982
546, 70, -6.8999999999999915, 607, 0.07892612253677944
547, 71, -6.999999999999991, 604, 0.07539620219074816
548, 58, -5.699999999999996, 607, 0.06918233760770776
549, 62, -6.099999999999994, 616, 0.10070573826327145
550, 54, -5.299999999999997, 611, 0.04397724806078207
551, 51, -4.999999999999998, 616, 0.07495295027189575
552, 60, -5.899999999999995, 620, 0.07855331717632374
553, 66, -6.499999999999993, 616, 0.08011260300763667
554, 49, -4.799999999999999, 613, 0.06330947600670855
555, 66, -6.499999999999993, 606, 0.08898465668479583
556, 57, -5.599999999999996, 611, 0.057646312373305086
557, 52, -5.099999999999998, 610, 0.0888516474147718
558, 53, -5.1999999999999975, 614, 0.06228435960019785
559, 64, -6.299999999999994, 628, 0.05950649706597
560, 61, -5.999999999999995, 606, 0.05972987422506848
561, 76, -7.499999999999989, 621, 0.08789765791228854
562, 53, -5.1999999999999975, 618, 0.06763530885869731
563, 52, -5.099999999999998, 621, 0.09454133365365935
564, 62, -6.099999999999994, 615, 0.0691683342610272
565, 72, -7.099999999999991, 620, 0.06740594440577441
566, 54, -5.299999999999997, 647, 0.07295871142691612
567, 49, -4.799999999999999, 676, 0.07183512923877755
568, 55, -5.399999999999997, 630, 0.08010428293381167
569, 48, -4.699999999999999, 617, 0.06132029438775499
570, 63, -6.199999999999994, 627, 0.06368018328956865
571, 76, -7.499999999999989, 620, 0.08316025549033723
572, 75, -7.39999999999999, 633, 0.09177149783482469
573, 57, -5.599999999999996, 624, 0.06020229066165417
574, 61, -5.999999999999995, 643, 0.0668607397133214
575, 79, -7.799999999999988, 642, 0.07601965176995051
576, 47, -4.6, 625, 0.07131853611827266
577, 66, -6.499999999999993, 621, 0.06854628938944773
578, 51, -4.999999999999998, 617, 0.06386295523657326
579, 48, -4.699999999999999, 630, 0.06639508976490438
580, 81, -7.999999999999988, 640, 0.10238697177018607
581, 61, -5.999999999999995, 635, 0.06380334049889047
582, 57, -5.599999999999996, 623, 0.05446270843433543
583, 59, -5.799999999999995, 628, 0.07455518895339086
584, 60, -5.899999999999995, 630, 0.05382843004876303
585, 139, -13.799999999999967, 642, 0.06644437516968749
586, 60, -5.899999999999995, 630, 0.0956385981058041
587, 57, -5.599999999999996, 633, 0.06952564533807859
588, 56, -5.4999999999999964, 648, 0.07919301232036968
589, 59, -5.799999999999995, 642, 0.06608010247343787
590, 52, -5.099999999999998, 632, 0.05423608001227698
591, 50, -4.899999999999999, 631, 0.05469446514553744
592, 58, -5.699999999999996, 629, 0.057065858934513436
593, 59, -5.799999999999995, 637, 0.07828173539135425
594, 60, -5.899999999999995, 632, 0.057709144092530806
595, 63, -6.199999999999994, 641, 0.060842734549883315
596, 62, -6.099999999999994, 646, 0.0682997634393483
597, 52, -5.099999999999998, 636, 0.06615303498904868
598, 74, -7.29999999999999, 635, 0.07282105717518461
599, 57, -5.599999999999996, 649, 0.06784516097092147
600, 49, -4.799999999999999, 644, 0.094404677252514
601, 66, -6.499999999999993, 632, 0.0802997646420408
602, 56, -5.4999999999999964, 634, 0.07236359386077246
603, 101, -9.99999999999998, 641, 0.07026445682517168
604, 65, -6.399999999999993, 637, 0.08286046915504164
605, 61, -5.999999999999995, 639, 0.09570233927343175
606, 69, -6.799999999999992, 633, 0.06129815982345144
607, 51, -4.999999999999998, 646, 0.08750824417838077
608, 51, -4.999999999999998, 646, 0.09189440951652861
609, 57, -5.599999999999996, 627, 0.07416990494998021
610, 129, -12.79999999999997, 640, 0.0916543758692765
611, 58, -5.699999999999996, 649, 0.08399264711446175
612, 58, -5.699999999999996, 651, 0.05634187995834017
613, 62, -6.099999999999994, 651, 0.0705270975597691
614, 57, -5.599999999999996, 646, 0.08728391119103751
615, 98, -9.699999999999982, 664, 0.08958075096802276
616, 57, -5.599999999999996, 659, 0.0937322114532897
617, 82, -8.099999999999987, 662, 0.07552208647256187
618, 60, -5.899999999999995, 652, 0.06717209030209981
619, 107, -10.599999999999978, 659, 0.07091318496214427
620, 67, -6.5999999999999925, 654, 0.0748799116465736
621, 68, -6.699999999999992, 664, 0.060191554508194134
622, 45, -4.4, 654, 0.0758681393852485
623, 95, -9.399999999999983, 646, 0.06998005522470674
624, 55, -5.399999999999997, 672, 0.07498142051771906
625, 48, -4.699999999999999, 658, 0.07046117539062602
626, 54, -5.299999999999997, 655, 0.09580211740834521
627, 57, -5.599999999999996, 661, 0.07998727679554962
628, 64, -6.299999999999994, 657, 0.07717971809252229
629, 205, -20.40000000000002, 665, 0.07460713569610444
630, 54, -5.299999999999997, 659, 0.07553604327540198
631, 59, -5.799999999999995, 658, 0.07529942409429968
632, 55, -5.399999999999997, 668, 0.06371357084860599
633, 57, -5.599999999999996, 667, 0.07730867424580135
634, 71, -6.999999999999991, 680, 0.0693533810417819
635, 56, -5.4999999999999964, 672, 0.0692998858429068
636, 59, -5.799999999999995, 654, 0.07309057348041059
637, 66, -6.499999999999993, 662, 0.08500668199209338
638, 143, -14.199999999999966, 659, 0.0676909072936599
639, 54, -5.299999999999997, 673, 0.08668814612354103
640, 88, -8.699999999999985, 670, 0.08800012898555454
641, 61, -5.999999999999995, 659, 0.07400993286033786
642, 53, -5.1999999999999975, 655, 0.1012312882309789
643, 79, -7.799999999999988, 657, 0.06352272859876917
644, 56, -5.4999999999999964, 666, 0.06350079741872872
645, 56, -5.4999999999999964, 662, 0.07321840903503674
646, 51, -4.999999999999998, 663, 0.07275624725963714
647, 54, -5.299999999999997, 671, 0.056025511749117074
648, 60, -5.899999999999995, 674, 0.06340084787974987
649, 59, -5.799999999999995, 660, 0.06319586838215607
650, 59, -5.799999999999995, 666, 0.09075115267349759
651, 77, -7.599999999999989, 674, 0.12797046684465974
652, 64, -6.299999999999994, 660, 0.07264470127978884
653, 55, -5.399999999999997, 667, 0.094722070237228
654, 64, -6.299999999999994, 666, 0.07573984734754968
655, 59, -5.799999999999995, 678, 0.0773281531664981
656, 64, -6.299999999999994, 669, 0.08281513683336594
657, 59, -5.799999999999995, 671, 0.08416264584710564
658, 57, -5.599999999999996, 688, 0.08627935126925923
659, 60, -5.899999999999995, 674, 0.09359688571666047
660, 95, -9.399999999999983, 684, 0.07637388104279291
661, 55, -5.399999999999997, 692, 0.07183852264692692
662, 50, -4.899999999999999, 682, 0.05623398417642789
663, 53, -5.1999999999999975, 676, 0.06710593479562954
664, 61, -5.999999999999995, 670, 0.08376249926499624
665, 61, -5.999999999999995, 681, 0.049665158649129015
666, 64, -6.299999999999994, 679, 0.054718819700553034
667, 54, -5.299999999999997, 683, 0.06907033289915665
668, 52, -5.099999999999998, 679, 0.049746079918082664
669, 61, -5.999999999999995, 688, 0.0685792763451154
670, 60, -5.899999999999995, 680, 0.0732143423459441
671, 53, -5.1999999999999975, 680, 0.06340251131171712
672, 53, -5.1999999999999975, 679, 0.07941723065432549
673, 57, -5.599999999999996, 700, 0.08149609768210642
674, 55, -5.399999999999997, 692, 0.0731910569562707
675, 57, -5.599999999999996, 685, 0.07036770778094326
676, 60, -5.899999999999995, 678, 0.07357884542197946
677, 59, -5.799999999999995, 681, 0.08410540478357387
678, 55, -5.399999999999997, 681, 0.06266683108748117
679, 52, -5.099999999999998, 693, 0.07221788969968657
680, 70, -6.8999999999999915, 707, 0.10017665160426975
681, 62, -6.099999999999994, 692, 0.09708630876988877
682, 58, -5.699999999999996, 676, 0.07540993055004241
683, 58, -5.699999999999996, 682, 0.0628921736115898
684, 56, -5.4999999999999964, 678, 0.06563362656025173
685, 63, -6.199999999999994, 683, 0.06878279099017903
686, 57, -5.599999999999996, 694, 0.06800106810794393
687, 68, -6.699999999999992, 697, 0.055666387339770695
688, 55, -5.399999999999997, 702, 0.06627513279526709
689, 73, -7.19999999999999, 697, 0.07776217493305915
690, 69, -6.799999999999992, 691, 0.08100750458200556
691, 58, -5.699999999999996, 695, 0.07557752256915751
692, 59, -5.799999999999995, 702, 0.07282332565014871
693, 58, -5.699999999999996, 687, 0.08531328943342764
694, 88, -8.699999999999985, 701, 0.05572592705600776
695, 56, -5.4999999999999964, 702, 0.06503402345699505
696, 55, -5.399999999999997, 697, 0.05419336660722429
697, 73, -7.19999999999999, 693, 0.06847839409453038
698, 63, -6.199999999999994, 699, 0.08995761224669985
699, 59, -5.799999999999995, 702, 0.055831969622577304
700, 54, -5.299999999999997, 714, 0.08807855230963169
701, 56, -5.4999999999999964, 700, 0.06361732489445782
702, 48, -4.699999999999999, 704, 0.11633761925038022
703, 43, -4.200000000000001, 700, 0.09105910752651658
704, 70, -6.8999999999999915, 701, 0.08386684322089133
705, 58, -5.699999999999996, 702, 0.06710186604656432
706, 56, -5.4999999999999964, 699, 0.06387823516822921
707, 69, -6.799999999999992, 710, 0.078027286650872
708, 67, -6.5999999999999925, 706, 0.06305673332081119
709, 47, -4.6, 706, 0.05924591281787972
710, 91, -8.999999999999984, 695, 0.07765549039503661
711, 45, -4.4, 691, 0.08189063294089483
712, 61, -5.999999999999995, 710, 0.06477632513601606
713, 66, -6.499999999999993, 716, 0.060841302311625434
714, 225, -22.40000000000005, 712, 0.06847881134457201
715, 48, -4.699999999999999, 705, 0.07862727982855722
716, 82, -8.099999999999987, 712, 0.07006341001908956
717, 58, -5.699999999999996, 718, 0.08985274077846217
718, 81, -7.999999999999988, 711, 0.06857469608006062
719, 64, -6.299999999999994, 717, 0.07000008505956545
720, 59, -5.799999999999995, 713, 0.06566745979382876
721, 54, -5.299999999999997, 713, 0.07727076164646729
722, 58, -5.699999999999996, 720, 0.07014596922931182
723, 59, -5.799999999999995, 724, 0.07218014685339824
724, 70, -6.8999999999999915, 716, 0.06029449519362595
725, 82, -8.099999999999987, 715, 0.06390850737281228
726, 55, -5.399999999999997, 714, 0.07867999173819745
727, 57, -5.599999999999996, 720, 0.049359092305652386
728, 58, -5.699999999999996, 729, 0.07741092935783778
729, 68, -6.699999999999992, 719, 0.08497324640546439
730, 52, -5.099999999999998, 721, 0.07041205721430266
731, 54, -5.299999999999997, 713, 0.08060357336466595
732, 48, -4.699999999999999, 725, 0.06959640847771831
733, 58, -5.699999999999996, 725, 0.08492755614706826
734, 66, -6.499999999999993, 721, 0.06041513508091667
735, 50, -4.899999999999999, 737, 0.06783343559333987
736, 50, -4.899999999999999, 732, 0.08189065485335267
737, 59, -5.799999999999995, 737, 0.08564057354257626
738, 52, -5.099999999999998, 719, 0.09425876133664435
739, 78, -7.699999999999989, 717, 0.07406417267164267
740, 65, -6.399999999999993, 715, 0.06866972898499801
741, 65, -6.399999999999993, 726, 0.07168103213321753
742, 89, -8.799999999999985, 727, 0.06876692261949957
743, 63, -6.199999999999994, 724, 0.07449573720585989
744, 62, -6.099999999999994, 729, 0.05859794436518273
745, 68, -6.699999999999992, 738, 0.06562411175979932
746, 68, -6.699999999999992, 733, 0.06697770579878914
747, 54, -5.299999999999997, 734, 0.10060417548086109
748, 66, -6.499999999999993, 726, 0.06711005591834945
749, 67, -6.5999999999999925, 724, 0.08942580411026357
750, 51, -4.999999999999998, 729, 0.07100113061456859
751, 61, -5.999999999999995, 728, 0.08618023785425111
752, 57, -5.599999999999996, 729, 0.08460379205328272
753, 51, -4.999999999999998, 727, 0.07340865728985468
754, 67, -6.5999999999999925, 734, 0.07324559866200575
755, 60, -5.899999999999995, 724, 0.05769002386880029
756, 62, -6.099999999999994, 727, 0.07931383910479939
757, 42, -4.100000000000001, 729, 0.04913445680338757
758, 62, -6.099999999999994, 721, 0.08175960236777469
759, 52, -5.099999999999998, 740, 0.04425564506402946
760, 54, -5.299999999999997, 731, 0.09162496646741913
761, 57, -5.599999999999996, 732, 0.07132027749251213
762, 61, -5.999999999999995, 727, 0.08287677919109449
763, 71, -6.999999999999991, 751, 0.07320269643960864
764, 63, -6.199999999999994, 733, 0.08912749806186904
765, 90, -8.899999999999984, 739, 0.061580924210315136
766, 74, -7.29999999999999, 744, 0.08722259811115218
767, 49, -4.799999999999999, 740, 0.07235791416925119
768, 60, -5.899999999999995, 745, 0.08580487587351326
769, 68, -6.699999999999992, 733, 0.05666266369623019
770, 80, -7.899999999999988, 742, 0.0857796988600702
771, 56, -5.4999999999999964, 736, 0.05792492496410517
772, 65, -6.399999999999993, 733, 0.058220906025301056
773, 57, -5.599999999999996, 746, 0.0982085226327567
774, 67, -6.5999999999999925, 746, 0.07463457133712675
775, 223, -22.200000000000045, 742, 0.07092199793364062
776, 57, -5.599999999999996, 746, 0.06856377187968477
777, 85, -8.399999999999986, 738, 0.1039954772982199
778, 55, -5.399999999999997, 749, 0.07806550329594164
779, 54, -5.299999999999997, 743, 0.07447361208859465
780, 51, -4.999999999999998, 745, 0.0915349730631837
781, 59, -5.799999999999995, 733, 0.07322867807458211
782, 78, -7.699999999999989, 753, 0.062157613910464704
783, 75, -7.39999999999999, 747, 0.08972484982301432
784, 75, -7.39999999999999, 741, 0.07045532341573502
785, 103, -10.19999999999998, 761, 0.07964019395703881
786, 50, -4.899999999999999, 736, 0.10484285217139844
787, 55, -5.399999999999997, 755, 0.06736186063782845
788, 64, -6.299999999999994, 754, 0.07310718909975478
789, 94, -9.299999999999983, 752, 0.10932669176880339
790, 55, -5.399999999999997, 744, 0.09221647804711364
791, 60, -5.899999999999995, 745, 0.05816562391934932
792, 72, -7.099999999999991, 752, 0.0694819234603341
793, 54, -5.299999999999997, 761, 0.077301172875609
794, 62, -6.099999999999994, 750, 0.06989703169289019
795, 86, -8.499999999999986, 747, 0.08095541751569785
796, 57, -5.599999999999996, 760, 0.08504280077514448
797, 51, -4.999999999999998, 755, 0.06373448435050078
798, 62, -6.099999999999994, 753, 0.06762907310585459
799, 67, -6.5999999999999925, 752, 0.07101998592062797
800, 75, -7.39999999999999, 765, 0.07367736844130568
801, 50, -4.899999999999999, 757, 0.08150526436102623
802, 59, -5.799999999999995, 761, 0.119434502162446
803, 63, -6.199999999999994, 780, 0.08844626917170939
804, 81, -7.999999999999988, 762, 0.06875193985873729
805, 49, -4.799999999999999, 770, 0.10102920138101701
806, 57, -5.599999999999996, 772, 0.08610383867505478
807, 49, -4.799999999999999, 771, 0.06885347452002843
808, 72, -7.099999999999991, 770, 0.1310685115823409
809, 76, -7.499999999999989, 759, 0.07556226045881442
810, 73, -7.19999999999999, 758, 0.10232583433749376
811, 49, -4.799999999999999, 772, 0.07680012308934914
812, 64, -6.299999999999994, 772, 0.06991124863897658
813, 53, -5.1999999999999975, 766, 0.07270889787494728
814, 72, -7.099999999999991, 779, 0.10805647270549007
815, 49, -4.799999999999999, 776, 0.07307463352744081
816, 63, -6.199999999999994, 759, 0.09876661666866593
817, 57, -5.599999999999996, 780, 0.07473800454915525
818, 75, -7.39999999999999, 774, 0.08240028456122728
819, 68, -6.699999999999992, 782, 0.06345769595311368
820, 61, -5.999999999999995, 764, 0.08085270795886812
821, 71, -6.999999999999991, 776, 0.08864761211933825
822, 50, -4.899999999999999, 768, 0.07323808133975307
823, 56, -5.4999999999999964, 759, 0.07641636725423995
824, 51, -4.999999999999998, 782, 0.04079916749448409
825, 51, -4.999999999999998, 764, 0.07423178713980072
826, 53, -5.1999999999999975, 774, 0.0935696840721757
827, 60, -5.899999999999995, 769, 0.08384259941672373
828, 84, -8.299999999999986, 772, 0.11173824849858338
829, 84, -8.299999999999986, 776, 0.0749342291395857
830, 63, -6.199999999999994, 780, 0.07553188360716057
831, 68, -6.699999999999992, 772, 0.08075594012295051
832, 50, -4.899999999999999, 765, 0.07750829313675167
833, 53, -5.1999999999999975, 770, 0.08259048165057492
834, 49, -4.799999999999999, 780, 0.09977772507562899
835, 50, -4.899999999999999, 797, 0.08958871116839351
836, 52, -5.099999999999998, 776, 0.1066334616727409
837, 59, -5.799999999999995, 776, 0.07589776397140158
838, 55, -5.399999999999997, 775, 0.06171371157690553
839, 55, -5.399999999999997, 783, 0.08909592402644584
840, 49, -4.799999999999999, 780, 0.06723033444406612
841, 54, -5.299999999999997, 780, 0.08480390211388356
842, 63, -6.199999999999994, 798, 0.08621815490600859
843, 46, -4.5, 787, 0.05746599314651912
844, 50, -4.899999999999999, 783, 0.08907447923874834
845, 112, -11.099999999999977, 798, 0.07258412938807446
846, 59, -5.799999999999995, 784, 0.0967299947262501
847, 124, -12.299999999999972, 783, 0.05097240806676928
848, 53, -5.1999999999999975, 780, 0.07114151824096854
849, 58, -5.699999999999996, 787, 0.06190095143233698
850, 64, -6.299999999999994, 801, 0.056145009449926064
851, 68, -6.699999999999992, 790, 0.07882616987093938
852, 55, -5.399999999999997, 788, 0.0894567947030997
853, 62, -6.099999999999994, 787, 0.07628411318258621
854, 52, -5.099999999999998, 789, 0.07070210861935478
855, 54, -5.299999999999997, 776, 0.08681699374120067
856, 64, -6.299999999999994, 806, 0.08135359833483569
857, 52, -5.099999999999998, 782, 0.06753879526967133
858, 51, -4.999999999999998, 789, 0.07012873774854289
859, 54, -5.299999999999997, 782, 0.0593609806737736
860, 57, -5.599999999999996, 790, 0.08273019750041888
861, 60, -5.899999999999995, 779, 0.07439517343584034
862, 59, -5.799999999999995, 798, 0.0892018791464495
863, 54, -5.299999999999997, 780, 0.0683349803677713
864, 54, -5.299999999999997, 797, 0.0721725968908542
865, 62, -6.099999999999994, 788, 0.0787371516155757
866, 59, -5.799999999999995, 783, 0.10974500065276893
867, 71, -6.999999999999991, 797, 0.08759128376629777
868, 77, -7.599999999999989, 800, 0.07519404480220881
869, 53, -5.1999999999999975, 801, 0.10281682637264278
870, 47, -4.6, 797, 0.05691932107447828
871, 62, -6.099999999999994, 803, 0.0691841867660914
872, 59, -5.799999999999995, 811, 0.07880590693442666
873, 57, -5.599999999999996, 790, 0.08661877175576338
874, 58, -5.699999999999996, 797, 0.07553126849683789
875, 52, -5.099999999999998, 801, 0.08963956636346715
876, 50, -4.899999999999999, 798, 0.08357645871831476
877, 55, -5.399999999999997, 806, 0.07254547132082201
878, 132, -13.09999999999997, 831, 0.062436044449284855
879, 85, -8.399999999999986, 807, 0.05421111056835104
880, 95, -9.399999999999983, 800, 0.5844051845646538
881, 61, -5.999999999999995, 808, 0.08106838929649252
882, 55, -5.399999999999997, 803, 0.06060823528473014
883, 60, -5.899999999999995, 805, 0.06700415653448138
884, 53, -5.1999999999999975, 804, 0.10383326466273513
885, 56, -5.4999999999999964, 825, 0.06087250220304963
886, 104, -10.29999999999998, 801, 0.09728705478400368
887, 61, -5.999999999999995, 802, 0.07141658330726253
888, 132, -13.09999999999997, 816, 0.07295982475007223
889, 54, -5.299999999999997, 805, 0.08184517684456116
890, 78, -7.699999999999989, 804, 0.08753862199469936
891, 56, -5.4999999999999964, 819, 0.087879759791889
892, 57, -5.599999999999996, 806, 0.07572149882835921
893, 64, -6.299999999999994, 816, 0.06845721589553566
894, 48, -4.699999999999999, 813, 0.08792179534604916
895, 60, -5.899999999999995, 812, 0.08618307399189318
896, 56, -5.4999999999999964, 833, 0.0845398815512508
897, 63, -6.199999999999994, 820, 0.058985890250747186
898, 79, -7.799999999999988, 823, 0.07267702216344246
899, 63, -6.199999999999994, 822, 0.07497455362122407
900, 48, -4.699999999999999, 833, 0.06344039083641739
901, 57, -5.599999999999996, 812, 0.0713875681798557
902, 79, -7.799999999999988, 818, 0.07281129759330196
903, 61, -5.999999999999995, 824, 0.07754532713952822
904, 62, -6.099999999999994, 805, 0.08940036438366897
905, 67, -6.5999999999999925, 833, 0.08155101254384478
906, 52, -5.099999999999998, 817, 0.07144945110964174
907, 63, -6.199999999999994, 833, 0.05678132061995511
908, 47, -4.6, 822, 0.08771917661027717
909, 60, -5.899999999999995, 812, 0.0768611752422822
910, 73, -7.19999999999999, 827, 0.07399628711907402
911, 60, -5.899999999999995, 825, 0.07733519367048958
912, 61, -5.999999999999995, 822, 0.07251320819351909
913, 62, -6.099999999999994, 834, 0.0646870756958885
914, 53, -5.1999999999999975, 828, 0.08552966470762502
915, 50, -4.899999999999999, 826, 0.08643809652139828
916, 50, -4.899999999999999, 821, 0.07439981831205777
917, 54, -5.299999999999997, 829, 0.06641229474776167
918, 73, -7.19999999999999, 833, 0.06074883337094117
919, 53, -5.1999999999999975, 825, 0.052545006150809925
920, 55, -5.399999999999997, 818, 0.0617901100835736
921, 67, -6.5999999999999925, 818, 0.07708033442038076
922, 62, -6.099999999999994, 835, 0.07026196360350545
923, 80, -7.899999999999988, 837, 0.08336490875596447
924, 67, -6.5999999999999925, 836, 0.05189124811347723
925, 56, -5.4999999999999964, 832, 0.056230613118534056
926, 52, -5.099999999999998, 828, 0.08020413567915352
927, 53, -5.1999999999999975, 833, 0.0698292914019254
928, 66, -6.499999999999993, 819, 0.06486141350747121
929, 46, -4.5, 830, 0.07269267435005755
930, 59, -5.799999999999995, 822, 0.09028681013449869
931, 77, -7.599999999999989, 843, 0.08642078369718398
932, 50, -4.899999999999999, 829, 0.07896013605732266
933, 67, -6.5999999999999925, 825, 0.07085857333205592
934, 51, -4.999999999999998, 827, 0.0664365425596003
935, 49, -4.799999999999999, 834, 0.08187567413352781
936, 55, -5.399999999999997, 834, 0.09195719175701456
937, 57, -5.599999999999996, 832, 0.07504619918944178
938, 53, -5.1999999999999975, 828, 0.08420425654497032
939, 52, -5.099999999999998, 828, 0.06682023189197106
940, 54, -5.299999999999997, 827, 0.06762533910741031
941, 52, -5.099999999999998, 840, 0.06354008949253309
942, 53, -5.1999999999999975, 840, 0.07248863430435892
943, 67, -6.5999999999999925, 833, 0.07667600927464924
944, 58, -5.699999999999996, 843, 0.0919041044422404
945, 67, -6.5999999999999925, 848, 0.1077273061237316
946, 77, -7.599999999999989, 855, 0.07061821921117506
947, 71, -6.999999999999991, 845, 0.0904871799238105
948, 112, -11.099999999999977, 866, 0.06329156256676927
949, 51, -4.999999999999998, 857, 0.07905944732643228
950, 70, -6.8999999999999915, 858, 0.08713440381649251
951, 52, -5.099999999999998, 843, 0.08091347126302706
952, 51, -4.999999999999998, 854, 0.1074334905146972
953, 74, -7.29999999999999, 842, 0.08439662595674413
954, 53, -5.1999999999999975, 849, 0.0770149193916212
955, 56, -5.4999999999999964, 851, 0.07104338355018625
956, 90, -8.899999999999984, 860, 0.07893015947442139
957, 60, -5.899999999999995, 835, 0.07542296400251924
958, 56, -5.4999999999999964, 845, 0.07452043277317336
959, 52, -5.099999999999998, 855, 0.09186034129728404
960, 65, -6.399999999999993, 842, 0.09809598888535698
961, 53, -5.1999999999999975, 859, 0.08715568790995798
962, 49, -4.799999999999999, 855, 0.0980463112904228
963, 47, -4.6, 853, 0.07576533850046774
964, 56, -5.4999999999999964, 856, 0.09456864988733771
965, 64, -6.299999999999994, 851, 0.06977306043387022
966, 49, -4.799999999999999, 858, 0.05185641389373474
967, 63, -6.199999999999994, 868, 0.08399737004225877
968, 61, -5.999999999999995, 861, 0.07143892072036195
969, 52, -5.099999999999998, 859, 0.06415352847565314
970, 50, -4.899999999999999, 872, 0.08484299603598944
971, 66, -6.499999999999993, 868, 0.07837918262909249
972, 60, -5.899999999999995, 856, 0.09347722699206418
973, 50, -4.899999999999999, 869, 0.06845192466515337
974, 82, -8.099999999999987, 861, 0.0815482603531067
975, 68, -6.699999999999992, 864, 0.05456516368135267
976, 54, -5.299999999999997, 881, 0.06887350272081116
977, 67, -6.5999999999999925, 880, 0.073061908270464
978, 67, -6.5999999999999925, 865, 0.09174107240696372
979, 98, -9.699999999999982, 858, 0.0778826535323936
980, 58, -5.699999999999996, 862, 0.07529190982186762
981, 58, -5.699999999999996, 871, 0.08326811810625978
982, 62, -6.099999999999994, 859, 0.07392779403271466
983, 63, -6.199999999999994, 866, 0.0606721647991435
984, 58, -5.699999999999996, 858, 0.05451848103930734
985, 58, -5.699999999999996, 873, 0.059035020340918676
986, 81, -7.999999999999988, 852, 0.09458365873235897
987, 76, -7.499999999999989, 874, 0.07538816147128602
988, 70, -6.8999999999999915, 860, 0.07311073575935345
989, 50, -4.899999999999999, 878, 0.07243040571460613
990, 66, -6.499999999999993, 868, 0.09954545256484382
991, 82, -8.099999999999987, 885, 0.06716731204075699
992, 52, -5.099999999999998, 880, 0.06347481840955949
993, 58, -5.699999999999996, 880, 0.07280229800825389
994, 52, -5.099999999999998, 865, 0.0681206190713215
995, 54, -5.299999999999997, 866, 0.058724664685103956
996, 43, -4.200000000000001, 861, 0.06424774454926663
997, 51, -4.999999999999998, 868, 0.06620907451284164
998, 110, -10.899999999999977, 873, 0.06741373888450575
999, 63, -6.199999999999994, 876, 0.08209111875416175
1000, 56, -5.4999999999999964, 875, 0.05861309234655421
