Episode, Steps, Reward, Time (in milliseconds), Convergence
1, 225, -22.40000000000005, 43, 0.12973242528486773
2, 225, -22.40000000000005, 65, 0.1991014990000003
3, 225, -22.40000000000005, 127, 0.0151988464761722
4, 225, -22.40000000000005, 105, 0.19848030891409207
5, 225, -22.40000000000005, 98, 0.015982826242496834
6, 225, -22.40000000000005, 130, 0.014645332914187958
7, 225, -22.40000000000005, 116, 0.1991297132947829
8, 225, -22.40000000000005, 109, 0.01507738314013398
9, 225, -22.40000000000005, 140, 0.19845870239408492
10, 225, -22.40000000000005, 175, 0.014227626248924735
11, 225, -22.40000000000005, 169, 0.01630417249432961
12, 225, -22.40000000000005, 178, 0.1981054989334523
13, 225, -22.40000000000005, 193, 0.015593194392185428
14, 225, -22.40000000000005, 186, 0.015118751458040924
15, 225, -22.40000000000005, 220, 0.1978684119801648
16, 225, -22.40000000000005, 193, 0.1982002985492337
17, 225, -22.40000000000005, 210, 0.015562974063695001
18, 225, -22.40000000000005, 233, 0.1268260379936086
19, 225, -22.40000000000005, 235, 0.1634492245300655
20, 225, -22.40000000000005, 243, 0.016882504473085536
21, 225, -22.40000000000005, 239, 0.016664138767771286
22, 225, -22.40000000000005, 240, 0.19816569950128082
23, 225, -22.40000000000005, 250, 0.027858591846551484
24, 225, -22.40000000000005, 251, 0.01532209602550838
25, 225, -22.40000000000005, 270, 0.01684542482455384
26, 225, -22.40000000000005, 279, 0.0867312514748324
27, 225, -22.40000000000005, 273, 0.02025856874609505
28, 225, -22.40000000000005, 283, 0.014495285883462161
29, 225, -22.40000000000005, 314, 0.019648296222507633
30, 225, -22.40000000000005, 291, 0.01635573294570808
31, 225, -22.40000000000005, 310, 0.0198461620468372
32, 225, -22.40000000000005, 305, 0.018429289187465725
33, 225, -22.40000000000005, 318, 0.019441858315564886
34, 225, -22.40000000000005, 320, 0.01718560644817635
35, 225, -22.40000000000005, 324, 0.018912805574978264
36, 225, -22.40000000000005, 337, 0.02267291223822901
37, 225, -22.40000000000005, 330, 0.015578389572572293
38, 225, -22.40000000000005, 340, 0.017642162570750353
39, 225, -22.40000000000005, 346, 0.01675903379680621
40, 225, -22.40000000000005, 363, 0.021077363242406055
41, 225, -22.40000000000005, 359, 0.016051661344293144
42, 225, -22.40000000000005, 351, 0.016191408055646783
43, 225, -22.40000000000005, 369, 0.017370281744380378
44, 225, -22.40000000000005, 370, 0.017522789324385973
45, 225, -22.40000000000005, 354, 0.01605892588170199
46, 225, -22.40000000000005, 376, 0.02026785290850963
47, 225, -22.40000000000005, 396, 0.016376689499273067
48, 225, -22.40000000000005, 379, 0.021642322381193485
49, 225, -22.40000000000005, 372, 0.017996254758117725
50, 225, -22.40000000000005, 385, 0.19086557837901053
51, 225, -22.40000000000005, 421, 0.016669595483824795
52, 225, -22.40000000000005, 400, 0.016131274093797665
53, 225, -22.40000000000005, 414, 0.016023094118446046
54, 225, -22.40000000000005, 419, 0.02248128370475222
55, 225, -22.40000000000005, 402, 0.01833266935427147
56, 225, -22.40000000000005, 424, 0.0208713702790308
57, 225, -22.40000000000005, 417, 0.015648659366248818
58, 225, -22.40000000000005, 410, 0.01725698176242374
59, 225, -22.40000000000005, 423, 0.017588029596012467
60, 225, -22.40000000000005, 429, 0.018808607688134082
61, 225, -22.40000000000005, 435, 0.17211503507635018
62, 225, -22.40000000000005, 444, 0.02143002881897263
63, 225, -22.40000000000005, 440, 0.021397832345332934
64, 225, -22.40000000000005, 451, 0.019755470003988224
65, 225, -22.40000000000005, 450, 0.022501239456536384
66, 225, -22.40000000000005, 459, 0.01424646217088088
67, 225, -22.40000000000005, 450, 0.02051633033177619
68, 225, -22.40000000000005, 439, 0.015761388789380604
69, 225, -22.40000000000005, 460, 0.0187355106775855
70, 225, -22.40000000000005, 473, 0.016519275026862346
71, 225, -22.40000000000005, 470, 0.018149922898891724
72, 225, -22.40000000000005, 477, 0.027923203666584295
73, 225, -22.40000000000005, 462, 0.023776475826696508
74, 225, -22.40000000000005, 496, 0.017853257425069047
75, 225, -22.40000000000005, 485, 0.019059929890615113
76, 225, -22.40000000000005, 486, 0.020466155128107344
77, 225, -22.40000000000005, 482, 0.018826370880736187
78, 225, -22.40000000000005, 476, 0.0218892967462318
79, 225, -22.40000000000005, 495, 0.02249028877683862
80, 225, -22.40000000000005, 504, 0.017214427354495854
81, 225, -22.40000000000005, 487, 0.01622304053122625
82, 225, -22.40000000000005, 505, 0.021802639592582718
83, 225, -22.40000000000005, 501, 0.017671759416316657
84, 225, -22.40000000000005, 532, 0.022489118247759676
85, 225, -22.40000000000005, 513, 0.018377364109156913
86, 225, -22.40000000000005, 523, 0.01607670833819852
87, 225, -22.40000000000005, 531, 0.018778085825087665
88, 225, -22.40000000000005, 518, 0.016817392876228965
89, 225, -22.40000000000005, 543, 0.020844583892878576
90, 225, -22.40000000000005, 543, 0.01842784489799032
91, 225, -22.40000000000005, 517, 0.01948772247510211
92, 225, -22.40000000000005, 534, 0.01827472423244081
93, 225, -22.40000000000005, 545, 0.021297074950777095
94, 225, -22.40000000000005, 553, 0.01678125362841476
95, 225, -22.40000000000005, 537, 0.015089157426668498
96, 225, -22.40000000000005, 532, 0.01839057541446243
97, 225, -22.40000000000005, 545, 0.18817960787359056
98, 225, -22.40000000000005, 558, 0.024418294354113745
99, 225, -22.40000000000005, 550, 0.02189085622377157
100, 225, -22.40000000000005, 542, 0.020773415575607967
101, 225, -22.40000000000005, 574, 0.02082339735709493
102, 225, -22.40000000000005, 555, 0.016413432501212855
103, 225, -22.40000000000005, 555, 0.019348838809967905
104, 225, -22.40000000000005, 557, 0.02945985843843041
105, 225, -22.40000000000005, 568, 0.19732756279225683
106, 225, -22.40000000000005, 586, 0.017958188360261973
107, 225, -22.40000000000005, 586, 0.023881280608312516
108, 225, -22.40000000000005, 573, 0.02074238378719695
109, 225, -22.40000000000005, 598, 0.017512822042358822
110, 225, -22.40000000000005, 580, 0.019346555101503404
111, 225, -22.40000000000005, 593, 0.020371504369708665
112, 225, -22.40000000000005, 568, 0.02537820008376307
113, 225, -22.40000000000005, 587, 0.024010079773079007
114, 225, -22.40000000000005, 588, 0.020407337003684967
115, 225, -22.40000000000005, 611, 0.01634872244674801
116, 225, -22.40000000000005, 585, 0.022341595822099602
117, 225, -22.40000000000005, 605, 0.019528748115881622
118, 225, -22.40000000000005, 587, 0.017081910305281056
119, 225, -22.40000000000005, 591, 0.018923860256484015
120, 225, -22.40000000000005, 601, 0.020796561718530393
121, 225, -22.40000000000005, 596, 0.02112191447074796
122, 225, -22.40000000000005, 588, 0.02102819950171475
123, 225, -22.40000000000005, 612, 0.01753900835287836
124, 150, -14.899999999999963, 626, 0.028820605564985863
125, 225, -22.40000000000005, 599, 0.17925847262870298
126, 225, -22.40000000000005, 642, 0.015561288608403112
127, 225, -22.40000000000005, 607, 0.02600468521421878
128, 225, -22.40000000000005, 641, 0.027491589242945036
129, 225, -22.40000000000005, 637, 0.018773019334189733
130, 225, -22.40000000000005, 621, 0.01988872562530375
131, 225, -22.40000000000005, 642, 0.01913810829245044
132, 225, -22.40000000000005, 626, 0.015445259420903135
133, 225, -22.40000000000005, 627, 0.020982990355299047
134, 225, -22.40000000000005, 643, 0.014874286014131766
135, 225, -22.40000000000005, 652, 0.024933013107017565
136, 225, -22.40000000000005, 648, 0.017204045543119606
137, 225, -22.40000000000005, 645, 0.021985579737268557
138, 225, -22.40000000000005, 633, 0.017767444141713606
139, 131, -12.99999999999997, 639, 0.01482593619550343
140, 225, -22.40000000000005, 643, 0.01514292669871331
141, 225, -22.40000000000005, 629, 0.017286188452594553
142, 225, -22.40000000000005, 660, 0.017361145668413736
143, 225, -22.40000000000005, 646, 0.01749054081715018
144, 225, -22.40000000000005, 661, 0.026586670225751452
145, 225, -22.40000000000005, 653, 0.017515447939219442
146, 225, -22.40000000000005, 648, 0.016364843056103417
147, 225, -22.40000000000005, 664, 0.021116291753423333
148, 225, -22.40000000000005, 651, 0.020689700762226593
149, 179, -17.799999999999983, 660, 0.016831766861952424
150, 225, -22.40000000000005, 654, 0.021678234878730412
151, 225, -22.40000000000005, 657, 0.021600942262626655
152, 225, -22.40000000000005, 680, 0.021444604155061997
153, 225, -22.40000000000005, 664, 0.019860885386025817
154, 225, -22.40000000000005, 664, 0.02730770185217779
155, 225, -22.40000000000005, 662, 0.1935398595863833
156, 225, -22.40000000000005, 672, 0.03236273280356805
157, 225, -22.40000000000005, 678, 0.017221207172582798
158, 225, -22.40000000000005, 670, 0.025939394370103508
159, 225, -22.40000000000005, 668, 0.012804830997196204
160, 225, -22.40000000000005, 675, 0.020044754712447488
161, 225, -22.40000000000005, 671, 0.021471892493802214
162, 225, -22.40000000000005, 716, 0.017429033228378632
163, 225, -22.40000000000005, 744, 0.022478394090322484
164, 225, -22.40000000000005, 674, 0.013438979749537339
165, 225, -22.40000000000005, 683, 0.024865341565581622
166, 225, -22.40000000000005, 689, 0.017193133340902556
167, 225, -22.40000000000005, 680, 0.024382551570702238
168, 225, -22.40000000000005, 699, 0.02248400181303778
169, 225, -22.40000000000005, 709, 0.014574258133330353
170, 225, -22.40000000000005, 699, 0.018670945948823015
171, 225, -22.40000000000005, 670, 0.022287808586891833
172, 225, -22.40000000000005, 712, 0.015583843378787599
173, 225, -22.40000000000005, 709, 0.02232441759958831
174, 225, -22.40000000000005, 693, 0.021437384993599984
175, 225, -22.40000000000005, 723, 0.01776295980391529
176, 225, -22.40000000000005, 704, 0.01633982775989029
177, 225, -22.40000000000005, 710, 0.025973846566226255
178, 225, -22.40000000000005, 696, 0.018284653549988983
179, 225, -22.40000000000005, 720, 0.019177300328272473
180, 225, -22.40000000000005, 743, 0.018854699844770506
181, 225, -22.40000000000005, 703, 0.01610146004248625
182, 225, -22.40000000000005, 709, 0.016990386020248938
183, 225, -22.40000000000005, 695, 0.02463223176248025
184, 225, -22.40000000000005, 717, 0.018820372812317243
185, 225, -22.40000000000005, 711, 0.024867577505418015
186, 225, -22.40000000000005, 742, 0.017937233275718167
187, 225, -22.40000000000005, 731, 0.018211840268691937
188, 225, -22.40000000000005, 723, 0.021026965498702532
189, 225, -22.40000000000005, 710, 0.013711918991267558
190, 225, -22.40000000000005, 741, 0.019890851143286148
191, 225, -22.40000000000005, 730, 0.020772779555789045
192, 225, -22.40000000000005, 726, 0.017990499916220593
193, 225, -22.40000000000005, 727, 0.022667768429253998
194, 225, -22.40000000000005, 722, 0.021148664508178427
195, 225, -22.40000000000005, 730, 0.02228819821516792
196, 225, -22.40000000000005, 730, 0.015386085060199228
197, 225, -22.40000000000005, 730, 0.018155618245860428
198, 225, -22.40000000000005, 740, 0.19701171106590776
199, 225, -22.40000000000005, 753, 0.024254235346474223
200, 225, -22.40000000000005, 736, 0.01842772197231901
201, 225, -22.40000000000005, 740, 0.02245064715371825
202, 169, -16.79999999999997, 756, 0.01702314896543866
203, 225, -22.40000000000005, 730, 0.024836318786183087
204, 225, -22.40000000000005, 766, 0.02535754927839401
205, 186, -18.499999999999993, 739, 0.019390912925522197
206, 225, -22.40000000000005, 746, 0.026590391552701043
207, 161, -15.99999999999996, 752, 0.02350028148573624
208, 209, -20.800000000000026, 754, 0.02645960945813236
209, 225, -22.40000000000005, 755, 0.015145544194952398
210, 225, -22.40000000000005, 751, 0.015228780768249628
211, 88, -8.699999999999985, 743, 0.022498624531669065
212, 225, -22.40000000000005, 760, 0.017433150323650892
213, 225, -22.40000000000005, 770, 0.01578033912723198
214, 225, -22.40000000000005, 794, 0.02513882902874523
215, 225, -22.40000000000005, 766, 0.018525211049206514
216, 225, -22.40000000000005, 760, 0.018964638276755985
217, 225, -22.40000000000005, 764, 0.017062891736632446
218, 83, -8.199999999999987, 760, 0.02072760943636731
219, 225, -22.40000000000005, 770, 0.01947434747630572
220, 225, -22.40000000000005, 772, 0.02142120361794908
221, 225, -22.40000000000005, 756, 0.021344929335318508
222, 225, -22.40000000000005, 758, 0.023761272900894026
223, 225, -22.40000000000005, 766, 0.022972976988018146
224, 183, -18.19999999999999, 770, 0.024589029559308473
225, 200, -19.900000000000013, 769, 0.022069967342234542
226, 144, -14.299999999999965, 799, 0.017994384244234052
227, 225, -22.40000000000005, 778, 0.024286529708594018
228, 225, -22.40000000000005, 775, 0.021242351098345713
229, 225, -22.40000000000005, 767, 0.02553106376435038
230, 225, -22.40000000000005, 762, 0.01988895968303228
231, 225, -22.40000000000005, 773, 0.024027371160723468
232, 225, -22.40000000000005, 772, 0.016641048623594834
233, 225, -22.40000000000005, 773, 0.021813431806927297
234, 225, -22.40000000000005, 768, 0.01994351684878165
235, 199, -19.80000000000001, 769, 0.026769330665947527
236, 225, -22.40000000000005, 778, 0.024639991879868206
237, 225, -22.40000000000005, 781, 0.021389757280874333
238, 225, -22.40000000000005, 771, 0.023715762420089104
239, 225, -22.40000000000005, 775, 0.026279798818697575
240, 225, -22.40000000000005, 780, 0.02288988127946112
241, 129, -12.79999999999997, 795, 0.018605121422584414
242, 225, -22.40000000000005, 798, 0.024478757751392743
243, 100, -9.89999999999998, 784, 0.019472499898778306
244, 225, -22.40000000000005, 785, 0.01784531154593416
245, 225, -22.40000000000005, 786, 0.015304885736846963
246, 225, -22.40000000000005, 777, 0.025383463755227487
247, 122, -12.099999999999973, 780, 0.014466035414847589
248, 99, -9.799999999999981, 796, 0.020561379741342423
249, 225, -22.40000000000005, 778, 0.020160803704574626
250, 225, -22.40000000000005, 807, 0.017765115607672577
251, 225, -22.40000000000005, 787, 0.014762477997437129
252, 225, -22.40000000000005, 803, 0.020050844332216267
253, 225, -22.40000000000005, 807, 0.024089422558407986
254, 225, -22.40000000000005, 829, 0.018911671235092742
255, 225, -22.40000000000005, 806, 0.02428137860562507
256, 225, -22.40000000000005, 798, 0.02291215018564488
257, 225, -22.40000000000005, 813, 0.026195200982159716
258, 149, -14.799999999999963, 813, 0.017951323947472453
259, 98, -9.699999999999982, 814, 0.020266972462172017
260, 94, -9.299999999999983, 805, 0.024364096783392353
261, 225, -22.40000000000005, 811, 0.017958995984005632
262, 225, -22.40000000000005, 805, 0.01815566348317299
263, 225, -22.40000000000005, 811, 0.018362024873212812
264, 138, -13.699999999999967, 808, 0.022255020882568033
265, 225, -22.40000000000005, 816, 0.02027440286557458
266, 225, -22.40000000000005, 818, 0.022800882823301172
267, 225, -22.40000000000005, 819, 0.017184639617583652
268, 129, -12.79999999999997, 813, 0.10742855121098183
269, 225, -22.40000000000005, 808, 0.01993905663789919
270, 225, -22.40000000000005, 822, 0.01683261880537179
271, 150, -14.899999999999963, 806, 0.023298457336063505
272, 164, -16.29999999999996, 815, 0.028888073988938945
273, 91, -8.999999999999984, 823, 0.020516915063627517
274, 87, -8.599999999999985, 819, 0.023027861880135836
275, 105, -10.399999999999979, 833, 0.02190855765316868
276, 225, -22.40000000000005, 833, 0.02018552396920903
277, 225, -22.40000000000005, 813, 0.022403176840279038
278, 225, -22.40000000000005, 831, 0.022326294783622025
279, 62, -6.099999999999994, 826, 0.023437966977071012
280, 225, -22.40000000000005, 830, 0.013136295625680194
281, 225, -22.40000000000005, 837, 0.021033156489026705
282, 225, -22.40000000000005, 819, 0.02551706689772837
283, 99, -9.799999999999981, 810, 0.02078956786102304
284, 137, -13.599999999999968, 816, 0.017596226160937256
285, 88, -8.699999999999985, 823, 0.02470077868087095
286, 105, -10.399999999999979, 837, 0.023397321354052814
287, 225, -22.40000000000005, 831, 0.021489019741083748
288, 225, -22.40000000000005, 840, 0.023813836431513802
289, 225, -22.40000000000005, 846, 0.021505671755360944
290, 213, -21.20000000000003, 859, 0.02182251695007409
291, 225, -22.40000000000005, 842, 0.02092814186943981
292, 118, -11.699999999999974, 860, 0.019019539777440198
293, 123, -12.199999999999973, 834, 0.020703953973651545
294, 225, -22.40000000000005, 840, 0.022038358090256394
295, 225, -22.40000000000005, 841, 0.02345942299467224
296, 62, -6.099999999999994, 836, 0.02339433200826313
297, 71, -6.999999999999991, 832, 0.022874943182486174
298, 225, -22.40000000000005, 842, 0.014491159590138913
299, 51, -4.999999999999998, 860, 0.02155555369966322
300, 167, -16.599999999999966, 848, 0.018663072780431555
301, 215, -21.400000000000034, 842, 0.024629020722105543
302, 225, -22.40000000000005, 865, 0.027017808746108762
303, 225, -22.40000000000005, 872, 0.023120335766638855
304, 225, -22.40000000000005, 841, 0.022006606257563455
305, 225, -22.40000000000005, 852, 0.0228735883738736
306, 143, -14.199999999999966, 859, 0.019113241317747942
307, 92, -9.099999999999984, 849, 0.024258877733446704
308, 87, -8.599999999999985, 854, 0.02329575323640734
309, 123, -12.199999999999973, 866, 0.020909881617475867
310, 200, -19.900000000000013, 851, 0.020545123907994567
311, 225, -22.40000000000005, 864, 0.021313489901395588
312, 225, -22.40000000000005, 851, 0.02141096331449599
313, 225, -22.40000000000005, 842, 0.02040213616380726
314, 88, -8.699999999999985, 849, 0.022304525201681358
315, 124, -12.299999999999972, 871, 0.017400044821220595
316, 57, -5.599999999999996, 866, 0.023537502612350325
317, 58, -5.699999999999996, 851, 0.02063194709395888
318, 162, -16.09999999999996, 862, 0.023924901109665386
319, 225, -22.40000000000005, 870, 0.020419258226959114
320, 122, -12.099999999999973, 872, 0.022115797032264295
321, 90, -8.899999999999984, 866, 0.022306738317858565
322, 89, -8.799999999999985, 849, 0.1971533548167037
323, 59, -5.799999999999995, 859, 0.022651688418358185
324, 104, -10.29999999999998, 871, 0.02019572717572493
325, 60, -5.899999999999995, 882, 0.02222378332219993
326, 106, -10.499999999999979, 862, 0.023965755025594282
327, 225, -22.40000000000005, 870, 0.02098990085494712
328, 88, -8.699999999999985, 886, 0.016382813269396834
329, 149, -14.799999999999963, 856, 0.0221262696152692
330, 105, -10.399999999999979, 878, 0.01392015593657181
331, 120, -11.899999999999974, 862, 0.01918509146720948
332, 225, -22.40000000000005, 871, 0.0249637755503217
333, 112, -11.099999999999977, 885, 0.017321794402147095
334, 225, -22.40000000000005, 899, 0.019674884999403064
335, 225, -22.40000000000005, 887, 0.013864996865719625
336, 225, -22.40000000000005, 880, 0.023627632449111147
337, 225, -22.40000000000005, 874, 0.02319741220778937
338, 225, -22.40000000000005, 884, 0.018120555247341796
339, 103, -10.19999999999998, 902, 0.025541392660218376
340, 70, -6.8999999999999915, 870, 0.023384188627711966
341, 225, -22.40000000000005, 906, 0.025427612233224206
342, 212, -21.10000000000003, 871, 0.022553819904281736
343, 99, -9.799999999999981, 873, 0.023455791970378836
344, 65, -6.399999999999993, 879, 0.0191046990459951
345, 225, -22.40000000000005, 878, 0.022448248014811156
346, 86, -8.499999999999986, 886, 0.01966008430924937
347, 58, -5.699999999999996, 897, 0.019960855983205406
348, 180, -17.899999999999984, 884, 0.02451542834945042
349, 158, -15.69999999999996, 892, 0.020052716263091463
350, 82, -8.099999999999987, 904, 0.026764578735776645
351, 86, -8.499999999999986, 884, 0.021879774792691764
352, 225, -22.40000000000005, 888, 0.017106926398134714
353, 98, -9.699999999999982, 881, 0.024535390174243332
354, 141, -13.999999999999966, 884, 0.022408411517136795
355, 225, -22.40000000000005, 886, 0.015112469239105142
356, 225, -22.40000000000005, 896, 0.025390115596664153
357, 95, -9.399999999999983, 885, 0.025400539629671592
358, 72, -7.099999999999991, 894, 0.020519113621669804
359, 98, -9.699999999999982, 894, 0.02379988685648704
360, 225, -22.40000000000005, 900, 0.020680344462002287
361, 225, -22.40000000000005, 902, 0.026841183968921767
362, 74, -7.29999999999999, 903, 0.023259262193315866
363, 225, -22.40000000000005, 882, 0.021356829386806275
364, 225, -22.40000000000005, 898, 0.026818233858740603
365, 122, -12.099999999999973, 899, 0.01663238305650605
366, 93, -9.199999999999983, 903, 0.02632084413636139
367, 137, -13.599999999999968, 901, 0.021261681507668273
368, 109, -10.799999999999978, 901, 0.024042005742656025
369, 68, -6.699999999999992, 898, 0.02182065953058543
370, 89, -8.799999999999985, 914, 0.021630295246931053
371, 225, -22.40000000000005, 904, 0.022314395498203243
372, 63, -6.199999999999994, 903, 0.02444753372551539
373, 58, -5.699999999999996, 893, 0.02249476162452191
374, 70, -6.8999999999999915, 918, 0.026757526016743194
375, 108, -10.699999999999978, 887, 0.02090658483034491
376, 72, -7.099999999999991, 903, 0.015594389909981743
377, 225, -22.40000000000005, 895, 0.022862783911844375
378, 55, -5.399999999999997, 908, 0.01797102987587129
379, 52, -5.099999999999998, 906, 0.017438333323547717
380, 65, -6.399999999999993, 909, 0.018084317598076716
381, 92, -9.099999999999984, 912, 0.1970599988243662
382, 153, -15.199999999999962, 921, 0.0232215906871579
383, 60, -5.899999999999995, 918, 0.018336965076537926
384, 90, -8.899999999999984, 910, 0.01908211264522225
385, 68, -6.699999999999992, 899, 0.024233725724710053
386, 225, -22.40000000000005, 905, 0.02175794074921278
387, 83, -8.199999999999987, 907, 0.02231789927579242
388, 225, -22.40000000000005, 914, 0.022186053342629464
389, 86, -8.499999999999986, 916, 0.02509183118872582
390, 196, -19.500000000000007, 930, 0.023179804137833715
391, 225, -22.40000000000005, 916, 0.025907275848507105
392, 98, -9.699999999999982, 915, 0.018230207319878122
393, 52, -5.099999999999998, 915, 0.018618428975011092
394, 60, -5.899999999999995, 921, 0.01705181706415415
395, 84, -8.299999999999986, 934, 0.018677781252255166
396, 126, -12.499999999999972, 932, 0.020276591690159024
397, 67, -6.5999999999999925, 930, 0.020487334568119853
398, 52, -5.099999999999998, 908, 0.02594261687957744
399, 225, -22.40000000000005, 904, 0.019656185915970514
400, 124, -12.299999999999972, 910, 0.020376017735264984
401, 59, -5.799999999999995, 926, 0.022105986821078227
402, 138, -13.699999999999967, 940, 0.019853092754001045
403, 57, -5.599999999999996, 955, 0.024078066498897877
404, 55, -5.399999999999997, 930, 0.016181764895867534
405, 110, -10.899999999999977, 934, 0.016866152859649652
406, 79, -7.799999999999988, 925, 0.01630693935611438
407, 65, -6.399999999999993, 922, 0.022192743221400857
408, 162, -16.09999999999996, 924, 0.02405107839167664
409, 59, -5.799999999999995, 921, 0.01818027755094409
410, 116, -11.499999999999975, 918, 0.02174428351647939
411, 65, -6.399999999999993, 921, 0.022370494540731922
412, 48, -4.699999999999999, 922, 0.022989982364799877
413, 180, -17.899999999999984, 940, 0.02339105986779688
414, 62, -6.099999999999994, 924, 0.020273224439976256
415, 48, -4.699999999999999, 927, 0.022534427508703603
416, 47, -4.6, 930, 0.02031220453245486
417, 108, -10.699999999999978, 928, 0.026259187838994613
418, 91, -8.999999999999984, 918, 0.026100821179971367
419, 218, -21.70000000000004, 924, 0.019647637174995403
420, 63, -6.199999999999994, 938, 0.025842164226052122
421, 225, -22.40000000000005, 910, 0.02198748129670125
422, 69, -6.799999999999992, 937, 0.02425894173605536
423, 66, -6.499999999999993, 925, 0.021759966977757284
424, 55, -5.399999999999997, 919, 0.02301289521623051
425, 66, -6.499999999999993, 923, 0.020132131478910797
426, 97, -9.599999999999982, 926, 0.021618997584275546
427, 94, -9.299999999999983, 937, 0.018190663815578434
428, 55, -5.399999999999997, 959, 0.01683132308604307
429, 225, -22.40000000000005, 928, 0.021716889064819722
430, 76, -7.499999999999989, 942, 0.023086792798030054
431, 50, -4.899999999999999, 946, 0.023353984035177078
432, 78, -7.699999999999989, 938, 0.021621134789569396
433, 52, -5.099999999999998, 927, 0.022996373628759142
434, 103, -10.19999999999998, 952, 0.026010338533133615
435, 67, -6.5999999999999925, 938, 0.17676558578089518
436, 109, -10.799999999999978, 950, 0.02385019046530723
437, 71, -6.999999999999991, 950, 0.01603282093162317
438, 88, -8.699999999999985, 948, 0.01860586168881384
439, 225, -22.40000000000005, 936, 0.01967535924944408
440, 49, -4.799999999999999, 935, 0.02603296402034161
441, 225, -22.40000000000005, 950, 0.026780498895399685
442, 71, -6.999999999999991, 960, 0.018388747391144378
443, 66, -6.499999999999993, 953, 0.0142689049488256
444, 225, -22.40000000000005, 960, 0.020183021425575598
445, 225, -22.40000000000005, 971, 0.025109973095989835
446, 225, -22.40000000000005, 949, 0.027366697291787756
447, 77, -7.599999999999989, 964, 0.022066817983902143
448, 58, -5.699999999999996, 946, 0.025942760745550575
449, 69, -6.799999999999992, 942, 0.02351074316415558
450, 58, -5.699999999999996, 942, 0.021743162718441233
451, 52, -5.099999999999998, 942, 0.02763090283658798
452, 58, -5.699999999999996, 941, 0.019385119839048226
453, 63, -6.199999999999994, 953, 0.016413776274945224
454, 63, -6.199999999999994, 950, 0.02153650721128031
455, 67, -6.5999999999999925, 939, 0.022252645077453392
456, 78, -7.699999999999989, 973, 0.02074425774206956
457, 76, -7.499999999999989, 942, 0.020259482619960023
458, 51, -4.999999999999998, 950, 0.01634181152905123
459, 94, -9.299999999999983, 956, 0.022037428850204988
460, 70, -6.8999999999999915, 969, 0.022054309944041117
461, 225, -22.40000000000005, 945, 0.02310562773328728
462, 53, -5.1999999999999975, 946, 0.023523714741250146
463, 50, -4.899999999999999, 956, 0.022041500670364256
464, 49, -4.799999999999999, 958, 0.02263375933478065
465, 51, -4.999999999999998, 960, 0.023179661699287868
466, 117, -11.599999999999975, 983, 0.021573684404374793
467, 68, -6.699999999999992, 946, 0.02689603068689106
468, 59, -5.799999999999995, 976, 0.023097634521655586
469, 52, -5.099999999999998, 959, 0.019481277304344458
470, 57, -5.599999999999996, 956, 0.02506986863837135
471, 56, -5.4999999999999964, 951, 0.022519252790047073
472, 71, -6.999999999999991, 950, 0.02860686847401378
473, 53, -5.1999999999999975, 966, 0.020422265274051887
474, 72, -7.099999999999991, 965, 0.024664318662214413
475, 64, -6.299999999999994, 955, 0.021078159210598635
476, 58, -5.699999999999996, 971, 0.020020207629801667
477, 113, -11.199999999999976, 974, 0.02175496399994392
478, 79, -7.799999999999988, 967, 0.022309741184132537
479, 108, -10.699999999999978, 965, 0.027460037012413757
480, 87, -8.599999999999985, 978, 0.020137275144899158
481, 62, -6.099999999999994, 970, 0.021406018277501992
482, 67, -6.5999999999999925, 988, 0.021289740963142956
483, 63, -6.199999999999994, 970, 0.021639867334540153
484, 49, -4.799999999999999, 977, 0.025641390700327976
485, 55, -5.399999999999997, 973, 0.02282390362749709
486, 59, -5.799999999999995, 999, 0.026461758763707516
487, 58, -5.699999999999996, 971, 0.02513972454404695
488, 91, -8.999999999999984, 964, 0.026361530170847747
489, 62, -6.099999999999994, 979, 0.016872179455983627
490, 60, -5.899999999999995, 978, 0.017766188149069162
491, 62, -6.099999999999994, 970, 0.022981489624831708
492, 53, -5.1999999999999975, 970, 0.024972834712350372
493, 94, -9.299999999999983, 980, 0.023240012444016467
494, 64, -6.299999999999994, 984, 0.02587027349086224
495, 50, -4.899999999999999, 990, 0.03020988776787714
496, 60, -5.899999999999995, 982, 0.026628179567772636
497, 72, -7.099999999999991, 984, 0.027883194101254172
498, 50, -4.899999999999999, 982, 0.020675820478701867
499, 225, -22.40000000000005, 984, 0.021347833739772948
500, 65, -6.399999999999993, 986, 0.020211158880433233
501, 61, -5.999999999999995, 971, 0.022686483391819223
502, 60, -5.899999999999995, 978, 0.025926499808439862
503, 86, -8.499999999999986, 998, 0.02033863526663482
504, 50, -4.899999999999999, 977, 0.021803084222803415
505, 66, -6.499999999999993, 979, 0.021558823618876177
506, 51, -4.999999999999998, 978, 0.020942271968072523
507, 48, -4.699999999999999, 974, 0.02355047996529014
508, 51, -4.999999999999998, 984, 0.020386724699351877
509, 60, -5.899999999999995, 975, 0.021949288298004688
510, 59, -5.799999999999995, 975, 0.025910422314335824
511, 57, -5.599999999999996, 980, 0.01917411602713992
512, 57, -5.599999999999996, 980, 0.01902852153624046
513, 54, -5.299999999999997, 993, 0.022698420718515244
514, 53, -5.1999999999999975, 982, 0.021808743357681237
515, 57, -5.599999999999996, 984, 0.019518632086594767
516, 52, -5.099999999999998, 987, 0.020811195485894718
517, 54, -5.299999999999997, 983, 0.022238672303288354
518, 225, -22.40000000000005, 986, 0.016397780816452767
519, 56, -5.4999999999999964, 1005, 0.022933676667590053
520, 64, -6.299999999999994, 997, 0.01821411012152141
521, 50, -4.899999999999999, 1005, 0.023558901673694982
522, 225, -22.40000000000005, 1003, 0.021892596035279432
523, 51, -4.999999999999998, 990, 0.02104444661026239
524, 61, -5.999999999999995, 979, 0.020491327444159158
525, 66, -6.499999999999993, 1001, 0.02086331076861292
526, 56, -5.4999999999999964, 982, 0.022430704855044503
527, 64, -6.299999999999994, 1006, 0.025989940872650996
528, 70, -6.8999999999999915, 993, 0.02101808623269341
529, 49, -4.799999999999999, 980, 0.02123727515093976
530, 63, -6.199999999999994, 978, 0.022711497342213727
531, 60, -5.899999999999995, 1009, 0.020372770735558543
532, 51, -4.999999999999998, 986, 0.02057239633487573
533, 81, -7.999999999999988, 991, 0.02105019697820465
534, 72, -7.099999999999991, 1003, 0.023657704382264444
535, 58, -5.699999999999996, 1005, 0.02035836485359166
536, 55, -5.399999999999997, 996, 0.02355830870974071
537, 65, -6.399999999999993, 1001, 0.022045517812679827
538, 65, -6.399999999999993, 1000, 0.021376068740753762
539, 97, -9.599999999999982, 1015, 0.02384441424082895
540, 51, -4.999999999999998, 986, 0.025681601825808476
541, 225, -22.40000000000005, 998, 0.02739784289843472
542, 107, -10.599999999999978, 996, 0.02192179443505171
543, 57, -5.599999999999996, 996, 0.023202795786994912
544, 57, -5.599999999999996, 1002, 0.01900221435330307
545, 56, -5.4999999999999964, 1000, 0.02100420322326113
546, 61, -5.999999999999995, 1002, 0.022172957397224025
547, 59, -5.799999999999995, 1011, 0.01926797210964315
548, 57, -5.599999999999996, 1014, 0.024849821638867897
549, 58, -5.699999999999996, 997, 0.020973968847537883
550, 58, -5.699999999999996, 1005, 0.021655658992972393
551, 49, -4.799999999999999, 999, 0.02041022849534313
552, 53, -5.1999999999999975, 1001, 0.020431852462972078
553, 57, -5.599999999999996, 996, 0.025428875369701842
554, 225, -22.40000000000005, 1017, 0.01855180184512406
555, 55, -5.399999999999997, 1015, 0.024514425349154045
556, 73, -7.19999999999999, 990, 0.026642489853157647
557, 60, -5.899999999999995, 995, 0.0230867605844165
558, 51, -4.999999999999998, 1018, 0.021483645741815938
559, 70, -6.8999999999999915, 1007, 0.022926590577825867
560, 60, -5.899999999999995, 1019, 0.016887893950726873
561, 66, -6.499999999999993, 1004, 0.023544625206026515
562, 58, -5.699999999999996, 1016, 0.022108101889752874
563, 58, -5.699999999999996, 1016, 0.02520994839840618
564, 59, -5.799999999999995, 1008, 0.02440255826378701
565, 57, -5.599999999999996, 1004, 0.022295183218855374
566, 53, -5.1999999999999975, 999, 0.024046769613002672
567, 59, -5.799999999999995, 1009, 0.01992636069616971
568, 60, -5.899999999999995, 1022, 0.024749483326074406
569, 56, -5.4999999999999964, 1012, 0.026623555167293478
570, 58, -5.699999999999996, 1023, 0.023579854080047813
571, 54, -5.299999999999997, 1011, 0.015756491802807915
572, 63, -6.199999999999994, 1007, 0.022405846600080048
573, 69, -6.799999999999992, 1029, 0.025418251893186472
574, 65, -6.399999999999993, 1017, 0.023482595418945706
575, 57, -5.599999999999996, 1025, 0.02303258373723227
576, 48, -4.699999999999999, 1019, 0.02814747096060244
577, 54, -5.299999999999997, 1019, 0.019624041879288123
578, 57, -5.599999999999996, 1025, 0.025317584507798974
579, 55, -5.399999999999997, 1012, 0.009394532112387388
580, 59, -5.799999999999995, 1018, 0.024069111342846172
581, 43, -4.200000000000001, 1022, 0.01919008538656164
582, 51, -4.999999999999998, 1024, 0.023219885884600666
583, 64, -6.299999999999994, 1025, 0.022463467224889566
584, 43, -4.200000000000001, 1000, 0.020693427448216783
585, 59, -5.799999999999995, 1024, 0.020568171997546986
586, 55, -5.399999999999997, 1021, 0.021786721589549196
587, 51, -4.999999999999998, 1026, 0.020881364118696233
588, 69, -6.799999999999992, 1029, 0.020852571767587258
589, 54, -5.299999999999997, 1023, 0.022050482215548284
590, 47, -4.6, 1025, 0.022746451441146842
591, 55, -5.399999999999997, 1025, 0.019350001666747163
592, 57, -5.599999999999996, 1016, 0.023394879186055872
593, 55, -5.399999999999997, 1028, 0.027897238537534508
594, 56, -5.4999999999999964, 1031, 0.022583415589943145
595, 51, -4.999999999999998, 1012, 0.022405057213161994
596, 56, -5.4999999999999964, 1012, 0.024238728675507956
597, 52, -5.099999999999998, 998, 0.02524286646394902
598, 64, -6.299999999999994, 1026, 0.01871908867001315
599, 49, -4.799999999999999, 1040, 0.021903198061727802
600, 74, -7.29999999999999, 1028, 0.02225001362849388
601, 55, -5.399999999999997, 1023, 0.02602368110195208
602, 52, -5.099999999999998, 1024, 0.025041359020593124
603, 225, -22.40000000000005, 1035, 0.026478153250054648
604, 68, -6.699999999999992, 1028, 0.023618384868521414
605, 50, -4.899999999999999, 1025, 0.021114293637435
606, 50, -4.899999999999999, 1040, 0.02415780627650599
607, 60, -5.899999999999995, 1031, 0.026531171485688454
608, 53, -5.1999999999999975, 1024, 0.018042325437256146
609, 55, -5.399999999999997, 1026, 0.025000908735026695
610, 225, -22.40000000000005, 1042, 0.018482259126227252
611, 61, -5.999999999999995, 1026, 0.022693226100043873
612, 54, -5.299999999999997, 1030, 0.018946384352244827
613, 51, -4.999999999999998, 1039, 0.024726369513009105
614, 76, -7.499999999999989, 1030, 0.022841865508706982
615, 62, -6.099999999999994, 1043, 0.024854593744400466
616, 62, -6.099999999999994, 1024, 0.023255898824480037
617, 66, -6.499999999999993, 1043, 0.019437846481053622
618, 51, -4.999999999999998, 1040, 0.022844580773057732
619, 55, -5.399999999999997, 1031, 0.020021684489279545
620, 53, -5.1999999999999975, 1020, 0.02288575865392381
621, 55, -5.399999999999997, 1042, 0.020426454061526655
622, 58, -5.699999999999996, 1033, 0.0231784160848737
623, 61, -5.999999999999995, 1039, 0.025371782525491993
624, 56, -5.4999999999999964, 1034, 0.016392304468420438
625, 48, -4.699999999999999, 1039, 0.022065379164406096
626, 56, -5.4999999999999964, 1039, 0.01800732968555252
627, 69, -6.799999999999992, 1042, 0.024215933905005538
628, 94, -9.299999999999983, 1030, 0.02978518587150364
629, 59, -5.799999999999995, 1027, 0.024696400431098997
630, 132, -13.09999999999997, 1032, 0.025820191102008616
631, 52, -5.099999999999998, 1038, 0.024963415749431173
632, 61, -5.999999999999995, 1028, 0.026589887875223372
633, 58, -5.699999999999996, 1024, 0.024926443090382333
634, 61, -5.999999999999995, 1051, 0.020983566660363273
635, 46, -4.5, 1038, 0.020695544865312887
636, 55, -5.399999999999997, 1028, 0.021445890191523542
637, 46, -4.5, 1031, 0.02322704102071224
638, 62, -6.099999999999994, 1036, 0.021739488247507044
639, 49, -4.799999999999999, 1037, 0.021580919894829464
640, 49, -4.799999999999999, 1045, 0.021181587544123914
641, 58, -5.699999999999996, 1049, 0.025100212177999737
642, 57, -5.599999999999996, 1033, 0.02188457562392221
643, 58, -5.699999999999996, 1033, 0.027432420560571796
644, 55, -5.399999999999997, 1033, 0.02400045183438304
645, 51, -4.999999999999998, 1034, 0.016891084638065212
646, 70, -6.8999999999999915, 1040, 0.01787245981699348
647, 66, -6.499999999999993, 1038, 0.027157714718770487
648, 47, -4.6, 1046, 0.020268225983456345
649, 61, -5.999999999999995, 1042, 0.02704560453956295
650, 57, -5.599999999999996, 1048, 0.020809416585344298
651, 57, -5.599999999999996, 1054, 0.019174337350319703
652, 63, -6.199999999999994, 1054, 0.024239832733785133
653, 59, -5.799999999999995, 1059, 0.020390943287961205
654, 53, -5.1999999999999975, 1052, 0.0188948999674865
655, 59, -5.799999999999995, 1050, 0.018163782007980744
656, 51, -4.999999999999998, 1028, 0.024579513246865137
657, 53, -5.1999999999999975, 1030, 0.023820172981539045
658, 56, -5.4999999999999964, 1042, 0.025075137217384635
659, 56, -5.4999999999999964, 1043, 0.019297262002563542
660, 58, -5.699999999999996, 1046, 0.018260571369794754
661, 52, -5.099999999999998, 1040, 0.02353701401311259
662, 60, -5.899999999999995, 1046, 0.01936506849897368
663, 54, -5.299999999999997, 1053, 0.023571268180240912
664, 66, -6.499999999999993, 1042, 0.02165070790469914
665, 225, -26.20000000000008, 1035, 0.026902223329251074
666, 57, -5.599999999999996, 1043, 0.02407027018997593
667, 64, -6.299999999999994, 1051, 0.022144942635634157
668, 53, -5.1999999999999975, 1045, 0.024264855372433947
669, 59, -5.799999999999995, 1056, 0.02459998620293563
670, 61, -5.999999999999995, 1048, 0.016337589205270175
671, 56, -5.4999999999999964, 1058, 0.02357290629244635
672, 56, -5.4999999999999964, 1043, 0.019925537608427746
673, 48, -4.699999999999999, 1046, 0.018259395482449037
674, 66, -6.499999999999993, 1059, 0.02726990700071527
675, 60, -5.899999999999995, 1049, 0.019182404293222266
676, 60, -5.899999999999995, 1056, 0.02785085208859467
677, 51, -4.999999999999998, 1059, 0.023676304148167793
678, 106, -10.499999999999979, 1062, 0.02543599346503614
679, 59, -5.799999999999995, 1073, 0.013555839750885923
680, 55, -5.399999999999997, 1050, 0.02044672340018061
681, 54, -5.299999999999997, 1055, 0.02573193585554523
682, 57, -5.599999999999996, 1078, 0.02372443287281978
683, 50, -4.899999999999999, 1079, 0.025007551804612005
684, 57, -5.599999999999996, 1064, 0.02191945157633879
685, 63, -6.199999999999994, 1037, 0.022489056403909136
686, 60, -5.899999999999995, 1060, 0.01938031540129259
687, 46, -4.5, 1051, 0.023380648839110285
688, 53, -5.1999999999999975, 1064, 0.024575120096600123
689, 65, -6.399999999999993, 1048, 0.024133905603125116
690, 62, -6.099999999999994, 1066, 0.01650490176964814
691, 53, -5.1999999999999975, 1060, 0.020364698819234306
692, 52, -5.099999999999998, 1059, 0.031414591293489544
693, 51, -4.999999999999998, 1068, 0.023213939456550703
694, 76, -7.499999999999989, 1064, 0.022521092974421952
695, 57, -5.599999999999996, 1069, 0.019716759040430354
696, 57, -5.599999999999996, 1072, 0.019392694906661845
697, 64, -6.299999999999994, 1060, 0.023240459195986052
698, 57, -5.599999999999996, 1082, 0.020413661855837262
699, 67, -6.5999999999999925, 1074, 0.018931091143216783
700, 56, -5.4999999999999964, 1049, 0.024009511235588143
701, 225, -28.100000000000115, 1069, 0.023308356318058054
702, 57, -5.599999999999996, 1073, 0.020700531979457093
703, 55, -5.399999999999997, 1063, 0.02359182658684711
704, 54, -5.299999999999997, 1068, 0.02038577595429336
705, 69, -6.799999999999992, 1072, 0.022566005934144096
706, 54, -5.299999999999997, 1089, 0.009639430449856157
707, 63, -6.199999999999994, 1083, 0.021967201966264893
708, 53, -5.1999999999999975, 1082, 0.02805717829480936
709, 57, -5.599999999999996, 1072, 0.02244430904299155
710, 58, -5.699999999999996, 1077, 0.021276631038577465
711, 58, -5.699999999999996, 1081, 0.019965975043188866
712, 64, -6.299999999999994, 1064, 0.022123287885667198
713, 52, -5.099999999999998, 1069, 0.023344401883173216
714, 57, -5.599999999999996, 1089, 0.02190906717914065
715, 50, -4.899999999999999, 1065, 0.02413352035613625
716, 54, -5.299999999999997, 1070, 0.0247093651629392
717, 59, -5.799999999999995, 1075, 0.021558597786661915
718, 53, -5.1999999999999975, 1085, 0.023317414607935738
719, 58, -5.699999999999996, 1075, 0.02058298801769487
720, 47, -4.6, 1078, 0.01935375482823609
721, 66, -6.499999999999993, 1076, 0.018948182184356455
722, 57, -5.599999999999996, 1080, 0.021467655699953125
723, 53, -5.1999999999999975, 1067, 0.02585183786208034
724, 49, -4.799999999999999, 1083, 0.019935407800276472
725, 58, -5.699999999999996, 1083, 0.020017091138408105
726, 55, -5.399999999999997, 1079, 0.026182642528432387
727, 57, -5.599999999999996, 1078, 0.02282588338201573
728, 46, -4.5, 1070, 0.019309432514403424
729, 63, -6.199999999999994, 1084, 0.025104875512137914
730, 106, -10.499999999999979, 1090, 0.02234721618156521
731, 59, -5.799999999999995, 1076, 0.02624872185604571
732, 59, -5.799999999999995, 1078, 0.0213730073598013
733, 69, -6.799999999999992, 1086, 0.024481818940067734
734, 50, -4.899999999999999, 1087, 0.019851102201367432
735, 60, -5.899999999999995, 1074, 0.022616783651202343
736, 47, -4.6, 1066, 0.015272983074044344
737, 52, -5.099999999999998, 1088, 0.023884168688620422
738, 49, -4.799999999999999, 1096, 0.0174818429332273
739, 70, -6.8999999999999915, 1079, 0.026764292537341694
740, 53, -5.1999999999999975, 1071, 0.02488309502426289
741, 62, -6.099999999999994, 1073, 0.024928045011292754
742, 47, -4.6, 1087, 0.023362979474513046
743, 46, -4.5, 1076, 0.01131887585268787
744, 52, -5.099999999999998, 1071, 0.019774376356732626
745, 60, -5.899999999999995, 1087, 0.022607666014444305
746, 60, -5.899999999999995, 1080, 0.021128728276296527
747, 49, -4.799999999999999, 1094, 0.02022436044610365
748, 67, -6.5999999999999925, 1089, 0.01738932421428352
749, 64, -6.299999999999994, 1101, 0.02175182394949271
750, 58, -5.699999999999996, 1115, 0.018427735449670912
751, 51, -4.999999999999998, 1097, 0.015585791201447208
752, 59, -5.799999999999995, 1100, 0.0253380391075696
753, 54, -5.299999999999997, 1084, 0.026255812622632657
754, 46, -4.5, 1087, 0.021086499909962697
755, 59, -5.799999999999995, 1098, 0.023665925413800526
756, 55, -5.399999999999997, 1098, 0.02292033260315418
757, 52, -5.099999999999998, 1085, 0.02369074388692982
758, 53, -5.1999999999999975, 1095, 0.019550976676337317
759, 46, -4.5, 1078, 0.021117892070231348
760, 49, -4.799999999999999, 1087, 0.012419571457954692
761, 51, -4.999999999999998, 1088, 0.01916477057658339
762, 57, -5.599999999999996, 1087, 0.010258325689751935
763, 99, -9.799999999999981, 1088, 0.02564171096453083
764, 54, -5.299999999999997, 1102, 0.016290666048645708
765, 77, -7.599999999999989, 1091, 0.01998981776349673
766, 53, -5.1999999999999975, 1097, 0.02321535641742714
767, 54, -5.299999999999997, 1101, 0.02265741685864653
768, 49, -4.799999999999999, 1115, 0.021162330463793233
769, 65, -6.399999999999993, 1120, 0.023718252467935352
770, 54, -5.299999999999997, 1106, 0.024546445038400422
771, 60, -5.899999999999995, 1101, 0.024538216580873587
772, 58, -5.699999999999996, 1088, 0.019960042052326266
773, 52, -5.099999999999998, 1097, 0.02524514789881649
774, 56, -5.4999999999999964, 1093, 0.021037973836971702
775, 46, -4.5, 1094, 0.023326218461424852
776, 62, -6.099999999999994, 1104, 0.025190977095408407
777, 70, -6.8999999999999915, 1106, 0.019626434904440604
778, 58, -5.699999999999996, 1099, 0.019113075047378913
779, 47, -4.6, 1109, 0.023777938066991577
780, 65, -6.399999999999993, 1103, 0.025333061007180913
781, 58, -5.699999999999996, 1096, 0.02417500009550322
782, 52, -5.099999999999998, 1119, 0.028644283571543278
783, 54, -5.299999999999997, 1109, 0.023637132714018905
784, 49, -4.799999999999999, 1103, 0.020480671001850137
785, 50, -4.899999999999999, 1108, 0.022116372643661508
786, 57, -5.599999999999996, 1115, 0.0195639146230282
787, 50, -4.899999999999999, 1094, 0.01684356241001339
788, 50, -4.899999999999999, 1112, 0.024465073963349182
789, 55, -5.399999999999997, 1103, 0.020177686705924458
790, 55, -5.399999999999997, 1116, 0.017996524375833545
791, 51, -4.999999999999998, 1105, 0.020562494442727786
792, 58, -5.699999999999996, 1098, 0.021708011847322073
793, 60, -5.899999999999995, 1097, 0.01915358043190707
794, 57, -5.599999999999996, 1102, 0.016745764057526813
795, 58, -5.699999999999996, 1095, 0.026647302204132223
796, 98, -9.699999999999982, 1098, 0.021535733206375307
797, 56, -5.4999999999999964, 1094, 0.024971618453976774
798, 86, -8.499999999999986, 1109, 0.029028406133051243
799, 49, -4.799999999999999, 1106, 0.023944082385882415
800, 53, -5.1999999999999975, 1110, 0.021345995751904656
801, 55, -5.399999999999997, 1124, 0.01976290071535225
802, 54, -5.299999999999997, 1118, 0.02461890239294086
803, 61, -5.999999999999995, 1106, 0.022934670409402003
804, 69, -6.799999999999992, 1131, 0.02433604955845564
805, 54, -5.299999999999997, 1090, 0.026004670994201923
806, 57, -5.599999999999996, 1122, 0.028225777737523633
807, 67, -6.5999999999999925, 1108, 0.021796266565462297
808, 59, -5.799999999999995, 1105, 0.02627423453811828
809, 84, -8.299999999999986, 1125, 0.01995713501116292
810, 62, -6.099999999999994, 1105, 0.01924337372102647
811, 59, -5.799999999999995, 1111, 0.022470888022006474
812, 62, -6.099999999999994, 1132, 0.016856933789766604
813, 67, -6.5999999999999925, 1123, 0.019490750752851893
814, 54, -5.299999999999997, 1119, 0.01808564042390559
815, 61, -5.999999999999995, 1118, 0.02151983360241161
816, 56, -5.4999999999999964, 1121, 0.024745669866888864
817, 51, -4.999999999999998, 1121, 0.02011346599127317
818, 64, -6.299999999999994, 1109, 0.020857000867557485
819, 51, -4.999999999999998, 1126, 0.019322740753891732
820, 51, -4.999999999999998, 1107, 0.02236566472012891
821, 50, -4.899999999999999, 1119, 0.01765303862459211
822, 49, -4.799999999999999, 1132, 0.020859844905724678
823, 61, -5.999999999999995, 1121, 0.023958584049755483
824, 64, -6.299999999999994, 1115, 0.025454475236253216
825, 103, -10.19999999999998, 1131, 0.02682404012087547
826, 59, -5.799999999999995, 1126, 0.0227554247823174
827, 64, -6.299999999999994, 1103, 0.024648733737018036
828, 47, -4.6, 1122, 0.02350819198655041
829, 56, -5.4999999999999964, 1133, 0.024742982333092745
830, 56, -5.4999999999999964, 1123, 0.02195715540487697
831, 58, -5.699999999999996, 1125, 0.020448928896177
832, 50, -4.899999999999999, 1117, 0.022999211500679184
833, 60, -5.899999999999995, 1119, 0.02369414898163552
834, 57, -5.599999999999996, 1132, 0.022567860480906754
835, 64, -6.299999999999994, 1126, 0.01785362795606682
836, 54, -5.299999999999997, 1132, 0.021676217969480494
837, 65, -6.399999999999993, 1120, 0.025822939616586993
838, 55, -5.399999999999997, 1121, 0.021476582957289825
839, 69, -6.799999999999992, 1142, 0.031091710212416857
840, 56, -5.4999999999999964, 1141, 0.02120150443482438
841, 65, -6.399999999999993, 1129, 0.0248623434588644
842, 53, -5.1999999999999975, 1136, 0.02189141354428481
843, 56, -5.4999999999999964, 1130, 0.014064571373587409
844, 53, -5.1999999999999975, 1127, 0.022411331024488557
845, 63, -6.199999999999994, 1121, 0.02115212276297762
846, 56, -5.4999999999999964, 1129, 0.025507197106465762
847, 52, -5.099999999999998, 1117, 0.02222547402446695
848, 56, -5.4999999999999964, 1135, 0.017560968550218714
849, 53, -5.1999999999999975, 1139, 0.02179204477606378
850, 59, -5.799999999999995, 1135, 0.018401778126054147
851, 53, -5.1999999999999975, 1139, 0.02597675986422915
852, 54, -5.299999999999997, 1142, 0.022234484969720025
853, 48, -4.699999999999999, 1125, 0.021956566960888546
854, 50, -4.899999999999999, 1139, 0.017737021296600375
855, 47, -4.6, 1154, 0.018271961188672914
856, 48, -4.699999999999999, 1196, 0.02415176989633472
857, 56, -5.4999999999999964, 1267, 0.0261960544075186
858, 57, -5.599999999999996, 1177, 0.021163214637486327
859, 59, -5.799999999999995, 1218, 0.024048278418538627
860, 63, -6.199999999999994, 1156, 0.022605809804938648
861, 53, -5.1999999999999975, 1138, 0.02155685088694298
862, 69, -6.799999999999992, 1150, 0.02469864074059025
863, 57, -5.599999999999996, 1131, 0.021631953307490015
864, 62, -6.099999999999994, 1145, 0.01986798941749557
865, 60, -5.899999999999995, 1149, 0.021123040496856982
866, 62, -6.099999999999994, 1158, 0.019670660621931013
867, 53, -5.1999999999999975, 1183, 0.022892261249522705
868, 48, -4.699999999999999, 1140, 0.020262288791208727
869, 52, -5.099999999999998, 1178, 0.023726178903008183
870, 56, -5.4999999999999964, 1137, 0.025984770343049468
871, 60, -5.899999999999995, 1142, 0.024947311417830687
872, 54, -5.299999999999997, 1138, 0.016120479147129885
873, 63, -6.199999999999994, 1152, 0.019487724843031407
874, 52, -5.099999999999998, 1142, 0.022338355469402105
875, 48, -4.699999999999999, 1151, 0.023634147085205726
876, 54, -5.299999999999997, 1138, 0.017106574929844687
877, 52, -5.099999999999998, 1144, 0.024575317917570727
878, 66, -6.499999999999993, 1147, 0.017268980792847444
879, 51, -4.999999999999998, 1142, 0.028775537811414398
880, 57, -5.599999999999996, 1150, 0.02384573718431382
881, 53, -5.1999999999999975, 1162, 0.025623157045134737
882, 54, -5.299999999999997, 1152, 0.015446337751172212
883, 56, -5.4999999999999964, 1148, 0.022905255353323106
884, 72, -7.099999999999991, 1154, 0.020711112130784137
885, 55, -5.399999999999997, 1135, 0.02211888604424539
886, 60, -5.899999999999995, 1147, 0.03043494045939077
887, 51, -4.999999999999998, 1154, 0.020804594474398197
888, 58, -5.699999999999996, 1158, 0.025967657449629034
889, 51, -4.999999999999998, 1144, 0.019233787817922288
890, 57, -5.599999999999996, 1152, 0.02698315523626249
891, 48, -4.699999999999999, 1149, 0.022072453855690455
892, 53, -5.1999999999999975, 1140, 0.009214216291460464
893, 51, -4.999999999999998, 1156, 0.020011706530571494
894, 56, -5.4999999999999964, 1135, 0.022237550455569632
895, 63, -6.199999999999994, 1149, 0.019932368879842954
896, 51, -4.999999999999998, 1151, 0.02259339579575015
897, 54, -5.299999999999997, 1162, 0.017201389878854334
898, 46, -4.5, 1154, 0.020314154961720288
899, 54, -5.299999999999997, 1146, 0.024034503896939285
900, 55, -5.399999999999997, 1143, 0.018203761000140317
901, 65, -6.399999999999993, 1152, 0.028032828982113456
902, 50, -4.899999999999999, 1168, 0.022957392781579378
903, 57, -5.599999999999996, 1140, 0.024459497433561128
904, 55, -5.399999999999997, 1164, 0.0218010048612316
905, 54, -5.299999999999997, 1146, 0.025843545769968723
906, 55, -5.399999999999997, 1161, 0.0211170732812076
907, 66, -6.499999999999993, 1177, 0.02164341011685389
908, 47, -4.6, 1170, 0.019356203746844436
909, 49, -4.799999999999999, 1155, 0.011594103419781066
910, 63, -6.199999999999994, 1153, 0.01714858271164088
911, 68, -6.699999999999992, 1159, 0.022456760299798706
912, 58, -5.699999999999996, 1154, 0.02155139049129451
913, 69, -6.799999999999992, 1155, 0.024451953664514692
914, 60, -5.899999999999995, 1166, 0.02390745666128069
915, 76, -7.499999999999989, 1167, 0.02095715526801767
916, 49, -4.799999999999999, 1167, 0.020405063743577312
917, 60, -5.899999999999995, 1166, 0.01991515126324095
918, 53, -5.1999999999999975, 1156, 0.018450320244185026
919, 42, -4.100000000000001, 1157, 0.022892326390093087
920, 53, -5.1999999999999975, 1160, 0.024104130720119563
921, 67, -6.5999999999999925, 1146, 0.026800643081547726
922, 51, -4.999999999999998, 1167, 0.021920309819043027
923, 59, -5.799999999999995, 1171, 0.02044351058937366
924, 62, -6.099999999999994, 1161, 0.02738203765701075
925, 53, -5.1999999999999975, 1159, 0.022550247795210088
926, 49, -4.799999999999999, 1167, 0.024315856181193363
927, 64, -6.299999999999994, 1176, 0.02341111534474799
928, 53, -5.1999999999999975, 1150, 0.026476442073619433
929, 58, -5.699999999999996, 1163, 0.025744315479912072
930, 57, -5.599999999999996, 1158, 0.01678441907782613
931, 55, -5.399999999999997, 1155, 0.020815556272588964
932, 60, -5.899999999999995, 1169, 0.025093860876856056
933, 51, -4.999999999999998, 1162, 0.02514751545521504
934, 69, -6.799999999999992, 1178, 0.02063506453528996
935, 50, -4.899999999999999, 1180, 0.025629695368523886
936, 56, -5.4999999999999964, 1174, 0.019913521690879232
937, 63, -6.199999999999994, 1169, 0.019138817786329643
938, 68, -6.699999999999992, 1180, 0.019231535109325737
939, 62, -6.099999999999994, 1166, 0.025646856292355746
940, 56, -5.4999999999999964, 1160, 0.024803947014534033
941, 58, -5.699999999999996, 1169, 0.02196772380077916
942, 50, -4.899999999999999, 1169, 0.022635579025890973
943, 46, -4.5, 1158, 0.019941149541112146
944, 56, -5.4999999999999964, 1166, 0.021711561996144546
945, 52, -5.099999999999998, 1163, 0.023868428166301414
946, 56, -5.4999999999999964, 1178, 0.015642569962835307
947, 59, -5.799999999999995, 1179, 0.025508779323513697
948, 63, -6.199999999999994, 1177, 0.02482578201705743
949, 55, -5.399999999999997, 1168, 0.021911508551648584
950, 55, -5.399999999999997, 1174, 0.022009289042168145
951, 50, -4.899999999999999, 1175, 0.021158142285699788
952, 50, -4.899999999999999, 1187, 0.01691013049262846
953, 70, -6.8999999999999915, 1176, 0.01992846797804315
954, 58, -5.699999999999996, 1169, 0.026020270900349918
955, 49, -4.799999999999999, 1171, 0.024925010002836645
956, 54, -5.299999999999997, 1168, 0.024114935587886077
957, 61, -5.999999999999995, 1166, 0.02121783559190793
958, 71, -6.999999999999991, 1176, 0.027753369420540297
959, 61, -5.999999999999995, 1173, 0.02235283523441195
960, 56, -5.4999999999999964, 1183, 0.018230963231327113
961, 53, -5.1999999999999975, 1174, 0.021381651870870932
962, 74, -7.29999999999999, 1171, 0.019279007280469163
963, 62, -6.099999999999994, 1171, 0.0244416470019031
964, 53, -5.1999999999999975, 1169, 0.024165740740484165
965, 58, -5.699999999999996, 1181, 0.02018541841981858
966, 58, -5.699999999999996, 1174, 0.02326215294190881
967, 52, -5.099999999999998, 1182, 0.025527581952026424
968, 50, -4.899999999999999, 1183, 0.021051482031431368
969, 51, -4.999999999999998, 1176, 0.021968970433325463
970, 57, -5.599999999999996, 1174, 0.02277106862650058
971, 60, -5.899999999999995, 1167, 0.021401077257374057
972, 53, -5.1999999999999975, 1180, 0.02129594625147857
973, 53, -5.1999999999999975, 1181, 0.020359045544560472
974, 55, -5.399999999999997, 1191, 0.019712987379444158
975, 53, -5.1999999999999975, 1190, 0.027029839700220437
976, 53, -5.1999999999999975, 1194, 0.025906673135889235
977, 53, -5.1999999999999975, 1183, 0.019896738385916324
978, 51, -4.999999999999998, 1191, 0.020194363430894757
979, 69, -6.799999999999992, 1191, 0.02353231047080473
980, 70, -6.8999999999999915, 1190, 0.022548208261274127
981, 50, -4.899999999999999, 1179, 0.022947100135312315
982, 53, -5.1999999999999975, 1191, 0.027849580605430857
983, 55, -5.399999999999997, 1189, 0.023346477263626042
984, 50, -4.899999999999999, 1188, 0.026369897841429124
985, 53, -5.1999999999999975, 1187, 0.024292421753960874
986, 72, -7.099999999999991, 1192, 0.021855760913231437
987, 47, -4.6, 1184, 0.023491228219576055
988, 54, -5.299999999999997, 1178, 0.02678470696392854
989, 67, -6.5999999999999925, 1191, 0.02480539738004231
990, 53, -5.1999999999999975, 1189, 0.020200126774128524
991, 51, -4.999999999999998, 1193, 0.024673802943383727
992, 48, -4.699999999999999, 1187, 0.019911877955726798
993, 50, -4.899999999999999, 1187, 0.023325474867196383
994, 58, -5.699999999999996, 1186, 0.02047979187433402
995, 57, -5.599999999999996, 1193, 0.022525279309237645
996, 57, -5.599999999999996, 1174, 0.023884997961563403
997, 58, -5.699999999999996, 1186, 0.02046102519283166
998, 60, -5.899999999999995, 1186, 0.012808428637312907
999, 67, -6.5999999999999925, 1194, 0.008625747915932847
1000, 58, -5.699999999999996, 1196, 0.02036771803967502
