Episode, Steps, Reward, Time (in milliseconds), Convergence
1, 225, -22.40000000000005, 30, 0.06425935890993535
2, 225, -22.40000000000005, 63, 0.6359156696849937
3, 225, -22.40000000000005, 67, 0.05886339329556456
4, 225, -22.40000000000005, 74, 0.06494697926598142
5, 225, -22.40000000000005, 82, 0.2754062171587641
6, 225, -22.40000000000005, 79, 0.6159805941563328
7, 225, -22.40000000000005, 102, 0.6011224798556831
8, 225, -22.40000000000005, 114, 0.07740068101616626
9, 225, -22.40000000000005, 106, 0.05642691344348286
10, 225, -22.40000000000005, 126, 0.055045639647508304
11, 225, -22.40000000000005, 139, 0.05885573797645505
12, 225, -22.40000000000005, 122, 0.05610445232882655
13, 225, -22.40000000000005, 139, 0.24973791592147032
14, 225, -22.40000000000005, 146, 0.0610909372033302
15, 225, -22.40000000000005, 147, 0.06272519951934297
16, 225, -22.40000000000005, 171, 0.07397067042564176
17, 225, -22.40000000000005, 157, 0.04717300443859673
18, 225, -22.40000000000005, 167, 0.044902629782372694
19, 225, -22.40000000000005, 180, 0.06271852206066653
20, 225, -22.40000000000005, 179, 0.05930176510735358
21, 225, -22.40000000000005, 194, 0.05993618571902162
22, 225, -22.40000000000005, 187, 0.5914909570614473
23, 225, -22.40000000000005, 205, 0.057151093087707494
24, 225, -22.40000000000005, 205, 0.06391072171425682
25, 225, -22.40000000000005, 192, 0.050439650006091075
26, 225, -22.40000000000005, 235, 0.0749360143564638
27, 225, -22.40000000000005, 198, 0.08011251481536447
28, 225, -22.40000000000005, 232, 0.081782401092859
29, 225, -22.40000000000005, 215, 0.04562310581890733
30, 225, -22.40000000000005, 225, 0.6200718650114174
31, 225, -22.40000000000005, 233, 0.06387548203122684
32, 225, -22.40000000000005, 245, 0.08491385956208042
33, 225, -22.40000000000005, 250, 0.08100479577823058
34, 225, -22.40000000000005, 232, 0.2436595062885374
35, 225, -22.40000000000005, 228, 0.08245933074599611
36, 225, -22.40000000000005, 252, 0.05645635832074247
37, 225, -22.40000000000005, 243, 0.078169689568654
38, 225, -22.40000000000005, 272, 0.07256738831011122
39, 225, -22.40000000000005, 236, 0.05965110824147485
40, 225, -22.40000000000005, 268, 0.09816610510726131
41, 225, -22.40000000000005, 271, 0.06469980282490284
42, 225, -22.40000000000005, 254, 0.0738504783882945
43, 225, -22.40000000000005, 261, 0.07032880994684498
44, 225, -22.40000000000005, 290, 0.06734827808464261
45, 225, -22.40000000000005, 273, 0.6556891958518689
46, 225, -22.40000000000005, 262, 0.06824221115237528
47, 225, -22.40000000000005, 290, 0.061972993497815654
48, 225, -22.40000000000005, 293, 0.07344090176851364
49, 225, -22.40000000000005, 277, 0.07902343128076306
50, 225, -22.40000000000005, 294, 0.07290014296824587
51, 225, -22.40000000000005, 290, 0.0794330806432979
52, 193, -19.200000000000003, 307, 0.05006590713640957
53, 225, -22.40000000000005, 301, 0.05726267581847133
54, 204, -20.30000000000002, 303, 0.04533504234950936
55, 225, -22.40000000000005, 300, 0.06017895851545507
56, 225, -22.40000000000005, 302, 0.0699816056132398
57, 62, -6.099999999999994, 306, 0.05660986022337067
58, 114, -11.299999999999976, 311, 0.09177110137660582
59, 172, -17.099999999999973, 308, 0.09902502204237562
60, 225, -22.40000000000005, 298, 0.04099268678698542
61, 225, -22.40000000000005, 308, 0.07637165465417739
62, 225, -22.40000000000005, 310, 0.06387520029211124
63, 225, -22.40000000000005, 325, 0.06091195327859378
64, 225, -22.40000000000005, 334, 0.09994755709678338
65, 212, -21.10000000000003, 310, 0.08983467303418997
66, 96, -9.499999999999982, 320, 0.07412240241791967
67, 118, -11.699999999999974, 330, 0.07270259589352335
68, 128, -12.69999999999997, 314, 0.0860906937131719
69, 225, -22.40000000000005, 326, 0.055205278500177424
70, 225, -22.40000000000005, 352, 0.05968353158454909
71, 178, -17.69999999999998, 340, 0.067669086216947
72, 106, -10.499999999999979, 336, 0.10072720953626124
73, 223, -22.200000000000045, 318, 0.04297412115439281
74, 78, -7.699999999999989, 329, 0.0728003435312358
75, 117, -11.599999999999975, 351, 0.07510383979715574
76, 225, -22.40000000000005, 323, 0.0747904406720864
77, 111, -10.999999999999977, 355, 0.05866870917417932
78, 146, -14.499999999999964, 363, 0.06504777072667811
79, 225, -22.40000000000005, 338, 0.07175588165273483
80, 79, -7.799999999999988, 360, 0.08182545275903819
81, 152, -15.099999999999962, 364, 0.1073175420024921
82, 158, -15.69999999999996, 362, 0.07776669285916943
83, 45, -4.4, 362, 0.06919751089200199
84, 225, -22.40000000000005, 380, 0.09986063672227485
85, 70, -6.8999999999999915, 344, 0.08176449695685961
86, 84, -8.299999999999986, 366, 0.09150268420073115
87, 218, -21.70000000000004, 371, 0.06425857731429696
88, 68, -6.699999999999992, 370, 0.07323463540021308
89, 119, -11.799999999999974, 354, 0.06590399465673746
90, 163, -16.19999999999996, 357, 0.06856057567165774
91, 171, -16.99999999999997, 366, 0.08482331116677451
92, 63, -6.199999999999994, 364, 0.07244557719462907
93, 61, -5.999999999999995, 377, 0.08149279893691608
94, 225, -22.40000000000005, 373, 0.06247004169167436
95, 109, -10.799999999999978, 363, 0.49378325731734174
96, 128, -12.69999999999997, 379, 0.08182948826822978
97, 225, -22.40000000000005, 392, 0.607471961791614
98, 59, -5.799999999999995, 389, 0.05476556444892999
99, 94, -9.299999999999983, 394, 0.090460587783046
100, 225, -22.40000000000005, 384, 0.0595757198195801
101, 66, -6.499999999999993, 404, 0.0975795882019661
102, 225, -22.40000000000005, 374, 0.06765407787133082
103, 81, -7.999999999999988, 406, 0.07562242542369024
104, 225, -22.40000000000005, 391, 0.08327063743364316
105, 52, -5.099999999999998, 402, 0.08448022800843935
106, 225, -22.40000000000005, 394, 0.0892432133976
107, 56, -5.4999999999999964, 388, 0.07139197436891198
108, 83, -8.199999999999987, 411, 0.07783084137236074
109, 52, -5.099999999999998, 393, 0.07796457304255244
110, 51, -4.999999999999998, 411, 0.06418027251047187
111, 103, -10.19999999999998, 394, 0.08534184834928937
112, 62, -6.099999999999994, 380, 0.06339473553115282
113, 141, -13.999999999999966, 419, 0.057712812948039094
114, 81, -7.999999999999988, 404, 0.0711092882739861
115, 114, -11.299999999999976, 405, 0.06855526040730264
116, 71, -6.999999999999991, 400, 0.08209756086341943
117, 55, -5.399999999999997, 407, 0.052248738201162936
118, 66, -6.499999999999993, 407, 0.09093801623059705
119, 47, -4.6, 422, 0.07789084055843576
120, 153, -15.199999999999962, 413, 0.058185486021427035
121, 62, -6.099999999999994, 409, 0.07565036270724401
122, 82, -8.099999999999987, 414, 0.07710371780263037
123, 55, -5.399999999999997, 411, 0.0708207568033874
124, 82, -8.099999999999987, 410, 0.06843093885646523
125, 225, -22.40000000000005, 424, 0.34159010269525236
126, 67, -6.5999999999999925, 419, 0.07561433250231353
127, 53, -5.1999999999999975, 427, 0.062290261076969
128, 51, -4.999999999999998, 415, 0.07789812565591747
129, 225, -22.40000000000005, 421, 0.07772586319842745
130, 62, -6.099999999999994, 428, 0.07550428011059146
131, 102, -10.09999999999998, 440, 0.07905349911424064
132, 123, -12.199999999999973, 430, 0.07125337486653377
133, 60, -5.899999999999995, 424, 0.10615073028433097
134, 77, -7.599999999999989, 420, 0.0978060410251822
135, 50, -4.899999999999999, 434, 0.08219372623627286
136, 61, -5.999999999999995, 419, 0.5890212806620356
137, 100, -9.89999999999998, 457, 0.07348472162026431
138, 51, -4.999999999999998, 444, 0.06934401692861991
139, 49, -4.799999999999999, 433, 0.07983369003159879
140, 225, -22.40000000000005, 437, 0.09429635383459611
141, 81, -7.999999999999988, 447, 0.06966717406525413
142, 99, -9.799999999999981, 434, 0.07716031114545507
143, 73, -7.19999999999999, 436, 0.5614383988450626
144, 55, -5.399999999999997, 445, 0.07229928342340614
145, 56, -5.4999999999999964, 435, 0.08037664056785787
146, 51, -4.999999999999998, 444, 0.08069458988082889
147, 102, -10.09999999999998, 430, 0.11299559172224849
148, 54, -5.299999999999997, 455, 0.08383056072522632
149, 73, -7.19999999999999, 456, 0.07656779874977804
150, 111, -10.999999999999977, 450, 0.08539048611058031
151, 57, -5.599999999999996, 447, 0.09108453826921425
152, 58, -5.699999999999996, 449, 0.07808564396224926
153, 122, -12.099999999999973, 460, 0.07205155879708203
154, 48, -4.699999999999999, 455, 0.06843433514553254
155, 57, -5.599999999999996, 443, 0.08926504651286549
156, 60, -5.899999999999995, 451, 0.07875218416398932
157, 225, -22.40000000000005, 465, 0.08958612025161994
158, 65, -6.399999999999993, 476, 0.10257775288508397
159, 55, -5.399999999999997, 460, 0.07414618061381795
160, 50, -4.899999999999999, 469, 0.10781090697767581
161, 64, -6.299999999999994, 456, 0.05815086583722184
162, 50, -4.899999999999999, 458, 0.07189534554727195
163, 183, -18.19999999999999, 472, 0.6499495430266684
164, 64, -6.299999999999994, 461, 0.0769580550547081
165, 63, -6.199999999999994, 455, 0.07263886123189378
166, 57, -5.599999999999996, 463, 0.05607530130228522
167, 50, -4.899999999999999, 454, 0.07587819996974554
168, 52, -5.099999999999998, 469, 0.07835499229622622
169, 83, -8.199999999999987, 471, 0.09106039641575014
170, 59, -5.799999999999995, 459, 0.075551145808061
171, 57, -5.599999999999996, 478, 0.0836015943286732
172, 100, -9.89999999999998, 475, 0.06610881655561351
173, 58, -5.699999999999996, 478, 0.07584465023102838
174, 104, -10.29999999999998, 478, 0.0700410123119144
175, 58, -5.699999999999996, 484, 0.08882833823275438
176, 71, -6.999999999999991, 467, 0.0757506203840741
177, 59, -5.799999999999995, 484, 0.07350042664930001
178, 78, -7.699999999999989, 491, 0.08386577084246971
179, 65, -6.399999999999993, 476, 0.0686769346343219
180, 55, -5.399999999999997, 471, 0.08342419720146665
181, 55, -5.399999999999997, 487, 0.09654339084349634
182, 64, -6.299999999999994, 472, 0.09229548375883495
183, 84, -8.299999999999986, 491, 0.08883562434059078
184, 66, -6.499999999999993, 486, 0.08348059262005014
185, 85, -8.399999999999986, 488, 0.06484336526699616
186, 129, -12.79999999999997, 485, 0.06684807009063376
187, 79, -7.799999999999988, 482, 0.07060568810201229
188, 52, -5.099999999999998, 484, 0.0980996586242231
189, 65, -6.399999999999993, 498, 0.06784883404017772
190, 60, -5.899999999999995, 489, 0.0690313759423975
191, 119, -11.799999999999974, 493, 0.07514200739778087
192, 61, -5.999999999999995, 491, 0.10657665052346266
193, 62, -6.099999999999994, 499, 0.07841725629423779
194, 48, -4.699999999999999, 497, 0.10121146091579836
195, 62, -6.099999999999994, 493, 0.09786590743302082
196, 65, -6.399999999999993, 490, 0.056586193268605145
197, 98, -9.699999999999982, 512, 0.08790532017497515
198, 63, -6.199999999999994, 504, 0.07397238511055804
199, 56, -5.4999999999999964, 509, 0.09870274224898834
200, 78, -7.699999999999989, 507, 0.06499915673226919
201, 46, -4.5, 505, 0.08845974080577723
202, 59, -5.799999999999995, 500, 0.47927794392238
203, 55, -5.399999999999997, 521, 0.10036903691885513
204, 141, -13.999999999999966, 508, 0.07810886248992377
205, 74, -7.29999999999999, 509, 0.08392981616410555
206, 57, -5.599999999999996, 525, 0.08434338691418786
207, 58, -5.699999999999996, 511, 0.07267827009817385
208, 58, -5.699999999999996, 504, 0.06307712315919523
209, 95, -9.399999999999983, 510, 0.06959375119762123
210, 60, -5.899999999999995, 515, 0.09803476979883463
211, 65, -6.399999999999993, 519, 0.09074845727972436
212, 98, -9.699999999999982, 506, 0.6104934358052427
213, 123, -12.199999999999973, 514, 0.07750271714912471
214, 86, -8.499999999999986, 529, 0.0678656750904379
215, 54, -5.299999999999997, 528, 0.09345719752816573
216, 54, -5.299999999999997, 514, 0.11920926738068882
217, 94, -9.299999999999983, 506, 0.08375675717180281
218, 56, -5.4999999999999964, 531, 0.06750691749576276
219, 59, -5.799999999999995, 519, 0.05918335906665306
220, 61, -5.999999999999995, 529, 0.07537349035538432
221, 52, -5.099999999999998, 533, 0.08348652325840945
222, 79, -7.799999999999988, 516, 0.09948282575162981
223, 106, -10.499999999999979, 526, 0.10627924296807434
224, 86, -8.499999999999986, 527, 0.06742411092531331
225, 77, -7.599999999999989, 525, 0.09567174382813359
226, 53, -5.1999999999999975, 535, 0.05970491896635388
227, 60, -5.899999999999995, 527, 0.07661291400120662
228, 53, -5.1999999999999975, 545, 0.058668000183124125
229, 95, -9.399999999999983, 519, 0.06327140236288153
230, 52, -5.099999999999998, 525, 0.09841390606495315
231, 68, -6.699999999999992, 524, 0.08232412714083415
232, 84, -8.299999999999986, 542, 0.0847775115425291
233, 72, -7.099999999999991, 549, 0.10626201995884843
234, 49, -4.799999999999999, 538, 0.09402782903176421
235, 108, -10.699999999999978, 539, 0.07973877193052425
236, 80, -7.899999999999988, 545, 0.0797838967999629
237, 48, -4.699999999999999, 524, 0.07264128315435531
238, 54, -5.299999999999997, 546, 0.06997520561668313
239, 53, -5.1999999999999975, 544, 0.06993142785624085
240, 64, -6.299999999999994, 549, 0.11003046241441083
241, 68, -6.699999999999992, 562, 0.10456505212493328
242, 66, -6.499999999999993, 534, 0.09193953313520153
243, 53, -5.1999999999999975, 550, 0.07332468162892036
244, 55, -5.399999999999997, 542, 0.07559072255927957
245, 51, -4.999999999999998, 557, 0.07100614801961136
246, 59, -5.799999999999995, 561, 0.06794791177180959
247, 55, -5.399999999999997, 550, 0.07322825035802161
248, 58, -5.699999999999996, 570, 0.0702364898648149
249, 53, -5.1999999999999975, 546, 0.07060188365253417
250, 52, -5.099999999999998, 569, 0.07987400632718278
251, 60, -5.899999999999995, 567, 0.058243004871533666
252, 47, -4.6, 580, 0.06646320825497076
253, 59, -5.799999999999995, 550, 0.07556370447411709
254, 91, -8.999999999999984, 558, 0.06200940376128994
255, 57, -5.599999999999996, 567, 0.09861914731601429
256, 62, -6.099999999999994, 566, 0.10488610644962071
257, 88, -8.699999999999985, 577, 0.06856074300109549
258, 57, -5.599999999999996, 560, 0.06123855294779723
259, 148, -14.699999999999964, 566, 0.07830803541824127
260, 50, -4.899999999999999, 572, 0.07937727427180619
261, 55, -5.399999999999997, 570, 0.05293113815214312
262, 55, -5.399999999999997, 563, 0.05536378177748924
263, 54, -5.299999999999997, 568, 0.06660160197570208
264, 59, -5.799999999999995, 577, 0.05033837679834097
265, 50, -4.899999999999999, 565, 0.060118677763125294
266, 75, -7.39999999999999, 578, 0.07389130229191476
267, 58, -5.699999999999996, 573, 0.09421752541034589
268, 57, -5.599999999999996, 579, 0.07609721940475023
269, 89, -8.799999999999985, 580, 0.09281490596834541
270, 67, -6.5999999999999925, 566, 0.08227883841808192
271, 62, -6.099999999999994, 591, 0.06888263222810587
272, 76, -7.499999999999989, 576, 0.08205960832002579
273, 74, -7.29999999999999, 577, 0.07188853156621966
274, 62, -6.099999999999994, 588, 0.06642807191372202
275, 80, -7.899999999999988, 581, 0.08719514412835505
276, 76, -7.499999999999989, 591, 0.07150837068301286
277, 63, -6.199999999999994, 586, 0.08520473093670011
278, 54, -5.299999999999997, 572, 0.09619699406501026
279, 72, -7.099999999999991, 597, 0.0651622719111149
280, 56, -5.4999999999999964, 602, 0.08553802581697578
281, 73, -7.19999999999999, 602, 0.0660584201928458
282, 53, -5.1999999999999975, 593, 0.06951746406660986
283, 71, -6.999999999999991, 599, 0.06851113899396899
284, 70, -6.8999999999999915, 592, 0.0917146676085554
285, 127, -12.599999999999971, 589, 0.0875399096042192
286, 77, -7.599999999999989, 601, 0.06683047406176379
287, 56, -5.4999999999999964, 595, 0.06244869699206339
288, 56, -5.4999999999999964, 607, 0.09062999964517426
289, 70, -6.8999999999999915, 598, 0.12414234456241346
290, 51, -4.999999999999998, 597, 0.08270664205449085
291, 57, -5.599999999999996, 601, 0.08045599414921578
292, 73, -7.19999999999999, 589, 0.08689507670316443
293, 71, -6.999999999999991, 622, 0.07708453164933604
294, 57, -5.599999999999996, 607, 0.07092681813392554
295, 57, -5.599999999999996, 596, 0.07508643566050699
296, 52, -5.099999999999998, 610, 0.07153848453238576
297, 57, -5.599999999999996, 606, 0.06415391085785183
298, 143, -14.199999999999966, 619, 0.0877264665665643
299, 75, -7.39999999999999, 610, 0.06318422958055514
300, 59, -5.799999999999995, 618, 0.06326247435838717
301, 52, -5.099999999999998, 623, 0.07215092838616521
302, 71, -6.999999999999991, 613, 0.0743219596925524
303, 52, -5.099999999999998, 612, 0.10262234218635058
304, 54, -5.299999999999997, 604, 0.08386819819368974
305, 61, -5.999999999999995, 612, 0.08064553271071839
306, 57, -5.599999999999996, 602, 0.06563261577295154
307, 59, -5.799999999999995, 618, 0.09032090931135217
308, 59, -5.799999999999995, 625, 0.07849426843846685
309, 95, -9.399999999999983, 631, 0.08960894544770848
310, 60, -5.899999999999995, 628, 0.06627691344543485
311, 61, -5.999999999999995, 628, 0.07317603578013471
312, 69, -6.799999999999992, 612, 0.08212961611284303
313, 128, -12.69999999999997, 615, 0.06757066667319567
314, 50, -4.899999999999999, 621, 0.07308114893534778
315, 48, -4.699999999999999, 622, 0.07724834880741382
316, 69, -6.799999999999992, 642, 0.11265983441799077
317, 69, -6.799999999999992, 630, 0.08983741463576855
318, 54, -5.299999999999997, 628, 0.08371178872324947
319, 107, -10.599999999999978, 637, 0.0773364548163169
320, 66, -6.499999999999993, 648, 0.08773366707376407
321, 57, -5.599999999999996, 635, 0.10457623174175135
322, 67, -6.5999999999999925, 641, 0.0698231224000927
323, 120, -11.899999999999974, 645, 0.08261181020636221
324, 52, -5.099999999999998, 638, 0.07472861175294687
325, 52, -5.099999999999998, 657, 0.09183124807339071
326, 50, -4.899999999999999, 625, 0.06347090465850691
327, 51, -4.999999999999998, 645, 0.0735614634080125
328, 70, -6.8999999999999915, 657, 0.08334771849997924
329, 61, -5.999999999999995, 652, 0.061318620243247635
330, 65, -6.399999999999993, 644, 0.07200362815146932
331, 67, -6.5999999999999925, 647, 0.09771752756547714
332, 62, -6.099999999999994, 665, 0.07323187747039883
333, 61, -5.999999999999995, 657, 0.07220652692520035
334, 49, -4.799999999999999, 644, 0.07316787485216925
335, 48, -4.699999999999999, 655, 0.05776310376291427
336, 51, -4.999999999999998, 671, 0.6167043067973887
337, 56, -5.4999999999999964, 642, 0.09426198971953031
338, 54, -5.299999999999997, 657, 0.0656407538282735
339, 51, -4.999999999999998, 667, 0.10483533992021588
340, 52, -5.099999999999998, 644, 0.08245959018328808
341, 62, -6.099999999999994, 656, 0.06774734286657536
342, 59, -5.799999999999995, 667, 0.06975703174628389
343, 72, -7.099999999999991, 660, 0.09385124643798548
344, 61, -5.999999999999995, 654, 0.08176283747801882
345, 139, -13.799999999999967, 673, 0.08370224857847575
346, 47, -4.6, 659, 0.09370713309473822
347, 47, -4.6, 680, 0.08573238701575736
348, 51, -4.999999999999998, 686, 0.06692224807141844
349, 56, -5.4999999999999964, 660, 0.07843910744654092
350, 106, -10.499999999999979, 673, 0.0614428933486888
351, 108, -10.699999999999978, 678, 0.07190630384380792
352, 59, -5.799999999999995, 676, 0.09081573190825765
353, 62, -6.099999999999994, 681, 0.07624980782430546
354, 112, -11.099999999999977, 674, 0.09002910284358379
355, 133, -13.199999999999969, 686, 0.08307753595830636
356, 51, -4.999999999999998, 646, 0.06100312688570009
357, 66, -6.499999999999993, 674, 0.0941483692271825
358, 47, -4.6, 681, 0.08401528173866213
359, 80, -7.899999999999988, 685, 0.08018484015775795
360, 54, -5.299999999999997, 685, 0.0641605973550069
361, 64, -6.299999999999994, 670, 0.08542104468718825
362, 57, -5.599999999999996, 690, 0.07709285265033383
363, 57, -5.599999999999996, 679, 0.0825150473589149
364, 58, -5.699999999999996, 683, 0.10311596186368854
365, 56, -5.4999999999999964, 693, 0.06628023963867691
366, 64, -6.299999999999994, 677, 0.06793900909111117
367, 59, -5.799999999999995, 687, 0.08691405034086652
368, 76, -7.499999999999989, 677, 0.6664771253774173
369, 57, -5.599999999999996, 699, 0.07313997635510505
370, 67, -6.5999999999999925, 699, 0.0885579464954444
371, 52, -5.099999999999998, 682, 0.06524230654641361
372, 60, -5.899999999999995, 696, 0.07728699080881163
373, 67, -6.5999999999999925, 693, 0.07612678708095011
374, 61, -5.999999999999995, 703, 0.0840629711352816
375, 71, -6.999999999999991, 684, 0.05982399558650142
376, 57, -5.599999999999996, 702, 0.08462656824839954
377, 53, -5.1999999999999975, 688, 0.0742573112292737
378, 97, -9.599999999999982, 704, 0.08079451541548255
379, 58, -5.699999999999996, 680, 0.07547419371732289
380, 52, -5.099999999999998, 690, 0.07883628673308257
381, 50, -4.899999999999999, 679, 0.05934163780493584
382, 45, -4.4, 693, 0.08666256894209856
383, 57, -5.599999999999996, 714, 0.06618260554093425
384, 51, -4.999999999999998, 704, 0.08179057175684434
385, 51, -4.999999999999998, 696, 0.08442308036000878
386, 51, -4.999999999999998, 693, 0.06621725529412137
387, 72, -7.099999999999991, 709, 0.09279230268046579
388, 69, -6.799999999999992, 706, 0.07962375985265602
389, 116, -11.499999999999975, 700, 0.06537765094872006
390, 51, -4.999999999999998, 695, 0.0916662452055168
391, 52, -5.099999999999998, 725, 0.09243315757357973
392, 57, -5.599999999999996, 705, 0.09180583844124035
393, 150, -14.899999999999963, 724, 0.08103292672593332
394, 55, -5.399999999999997, 711, 0.0830233533728495
395, 49, -4.799999999999999, 711, 0.08549061739973851
396, 58, -5.699999999999996, 707, 0.09272472983065905
397, 47, -4.6, 710, 0.06937032724866743
398, 51, -4.999999999999998, 713, 0.07678725761265287
399, 111, -10.999999999999977, 729, 0.08213742903146803
400, 48, -4.699999999999999, 729, 0.09418715926862387
401, 61, -5.999999999999995, 728, 0.08258058962607162
402, 87, -8.599999999999985, 719, 0.09886015874973264
403, 47, -4.6, 721, 0.6428825839391767
404, 74, -7.29999999999999, 738, 0.5889278389769381
405, 66, -6.499999999999993, 715, 0.0741568156028869
406, 49, -4.799999999999999, 722, 0.10951362080252025
407, 73, -7.19999999999999, 720, 0.08813899391836788
408, 59, -5.799999999999995, 727, 0.07205407696546484
409, 147, -14.599999999999964, 722, 0.07890718052230916
410, 75, -7.39999999999999, 730, 0.08120248090613813
411, 64, -6.299999999999994, 725, 0.09191556127995093
412, 55, -5.399999999999997, 726, 0.05764461643767649
413, 66, -6.499999999999993, 751, 0.08142745395740592
414, 63, -6.199999999999994, 726, 0.09581678521560621
415, 48, -4.699999999999999, 735, 0.07249747190862244
416, 93, -9.199999999999983, 733, 0.07604259321016582
417, 54, -5.299999999999997, 755, 0.07436106125744768
418, 62, -6.099999999999994, 762, 0.0768828311868055
419, 56, -5.4999999999999964, 751, 0.07982111690959615
420, 57, -5.599999999999996, 729, 0.0686856777928622
421, 58, -5.699999999999996, 746, 0.0636512392436992
422, 56, -5.4999999999999964, 750, 0.10217683902799712
423, 50, -4.899999999999999, 740, 0.07440475678221059
424, 66, -6.499999999999993, 735, 0.09087290283328997
425, 54, -5.299999999999997, 740, 0.06395043195773686
426, 66, -6.499999999999993, 747, 0.577957558993544
427, 55, -5.399999999999997, 747, 0.08289069886489986
428, 43, -4.200000000000001, 725, 0.07774247154250413
429, 67, -6.5999999999999925, 740, 0.08714747635898779
430, 50, -4.899999999999999, 752, 0.08695160269836544
431, 66, -6.499999999999993, 749, 0.08509370537039063
432, 53, -5.1999999999999975, 759, 0.07735650364559055
433, 62, -6.099999999999994, 755, 0.08248676635103436
434, 56, -5.4999999999999964, 764, 0.08625747928076533
435, 79, -7.799999999999988, 749, 0.06604698890274419
436, 97, -9.599999999999982, 755, 0.08919703442381222
437, 54, -5.299999999999997, 756, 0.08156991732946783
438, 55, -5.399999999999997, 758, 0.0778362007229565
439, 53, -5.1999999999999975, 767, 0.07605332418340849
440, 65, -6.399999999999993, 744, 0.05919659566046276
441, 72, -7.099999999999991, 753, 0.05853613961582371
442, 75, -7.39999999999999, 766, 0.07651358617093706
443, 59, -5.799999999999995, 764, 0.0662191085678221
444, 55, -5.399999999999997, 765, 0.08584918265945296
445, 96, -9.499999999999982, 762, 0.0804016272521304
446, 54, -5.299999999999997, 764, 0.08152750441132478
447, 52, -5.099999999999998, 775, 0.08370102912760002
448, 67, -6.5999999999999925, 775, 0.07203227049841754
449, 52, -5.099999999999998, 768, 0.07388600573632598
450, 58, -5.699999999999996, 775, 0.07222585217890343
451, 76, -7.499999999999989, 794, 0.07829358938358544
452, 53, -5.1999999999999975, 769, 0.08226198243053306
453, 57, -5.599999999999996, 781, 0.08192877921877717
454, 63, -6.199999999999994, 787, 0.09036631644398341
455, 58, -5.699999999999996, 764, 0.07427771878011558
456, 77, -7.599999999999989, 773, 0.08479140855469192
457, 55, -5.399999999999997, 774, 0.08775884046626636
458, 56, -5.4999999999999964, 774, 0.07934260770600576
459, 46, -4.5, 795, 0.07352581520070128
460, 69, -6.799999999999992, 775, 0.07950096667634043
461, 52, -5.099999999999998, 778, 0.06870186715289295
462, 138, -13.699999999999967, 785, 0.08337336497274439
463, 83, -8.199999999999987, 775, 0.0729613938353797
464, 64, -6.299999999999994, 805, 0.09193079923870906
465, 48, -4.699999999999999, 794, 0.06962027717990737
466, 76, -7.499999999999989, 779, 0.08768585179109001
467, 76, -7.499999999999989, 796, 0.07784484143548931
468, 61, -5.999999999999995, 788, 0.0740945346918993
469, 53, -5.1999999999999975, 800, 0.07342749000224913
470, 54, -5.299999999999997, 810, 0.06817837341634658
471, 54, -5.299999999999997, 803, 0.09912717842365082
472, 131, -12.99999999999997, 798, 0.07900742122901594
473, 57, -5.599999999999996, 776, 0.06892455030897926
474, 55, -5.399999999999997, 787, 0.06778669145460714
475, 53, -5.1999999999999975, 776, 0.062492207224749796
476, 56, -5.4999999999999964, 799, 0.08947064397953652
477, 65, -6.399999999999993, 792, 0.08415101193472574
478, 85, -8.399999999999986, 811, 0.07127565836061311
479, 57, -5.599999999999996, 815, 0.07183710729900072
480, 61, -5.999999999999995, 804, 0.08314459121623985
481, 86, -8.499999999999986, 796, 0.07149306692835422
482, 65, -6.399999999999993, 813, 0.08425694762890013
483, 48, -4.699999999999999, 802, 0.07612065632076526
484, 62, -6.099999999999994, 819, 0.06886579830151052
485, 65, -6.399999999999993, 811, 0.07291180004790476
486, 50, -4.899999999999999, 822, 0.10875407785967939
487, 54, -5.299999999999997, 800, 0.08787078696434303
488, 67, -6.5999999999999925, 816, 0.05214915263868258
489, 57, -5.599999999999996, 825, 0.08074124187563214
490, 53, -5.1999999999999975, 817, 0.07195837718066533
491, 61, -5.999999999999995, 804, 0.07577330687564293
492, 52, -5.099999999999998, 827, 0.12337356665488386
493, 59, -5.799999999999995, 810, 0.0665939524833914
494, 61, -5.999999999999995, 828, 0.09090755995463429
495, 57, -5.599999999999996, 866, 0.19039323736930935
496, 58, -5.699999999999996, 981, 0.060898174422062246
497, 63, -6.199999999999994, 898, 0.07587759582406264
498, 60, -5.899999999999995, 852, 0.08018987416250689
499, 61, -5.999999999999995, 843, 0.08898833441036652
500, 59, -5.799999999999995, 846, 0.06905802775843117
501, 108, -10.699999999999978, 809, 0.08187176410782993
502, 59, -5.799999999999995, 833, 0.0937479047801788
503, 77, -7.599999999999989, 847, 0.08687930564920032
504, 69, -6.799999999999992, 864, 0.08308143523929257
505, 53, -5.1999999999999975, 850, 0.08146437569678011
506, 55, -5.399999999999997, 861, 0.07745948397130409
507, 69, -6.799999999999992, 871, 0.08858697182423114
508, 56, -5.4999999999999964, 879, 0.11165752772963256
509, 70, -6.8999999999999915, 865, 0.08024415541082597
510, 108, -10.699999999999978, 863, 0.07616729147966117
511, 62, -6.099999999999994, 921, 0.08088528634034242
512, 64, -6.299999999999994, 1045, 0.07531096672743254
513, 73, -7.19999999999999, 898, 0.08708097103400059
514, 57, -5.599999999999996, 907, 0.07994865798660422
515, 55, -5.399999999999997, 921, 0.09461552057053901
516, 59, -5.799999999999995, 884, 0.14135607546825169
517, 59, -5.799999999999995, 932, 0.08463302877836754
518, 55, -5.399999999999997, 909, 0.11072201946041149
519, 70, -6.8999999999999915, 937, 0.07517376608855297
520, 70, -6.8999999999999915, 920, 0.06134743547958599
521, 85, -8.399999999999986, 907, 0.07335343852402587
522, 68, -6.699999999999992, 871, 0.07091536974456833
523, 58, -5.699999999999996, 923, 0.06713050408126886
524, 133, -13.199999999999969, 860, 0.07334722395278126
525, 69, -6.799999999999992, 881, 0.06147037755803497
526, 55, -5.399999999999997, 843, 0.07850158622177925
527, 57, -5.599999999999996, 854, 0.10427234788371931
528, 62, -6.099999999999994, 864, 0.06797676738769753
529, 52, -5.099999999999998, 851, 0.5924155239107021
530, 67, -6.5999999999999925, 865, 0.07016359306440645
531, 110, -10.899999999999977, 864, 0.07234894577321738
532, 56, -5.4999999999999964, 836, 0.07505815971001639
533, 56, -5.4999999999999964, 853, 0.0762509761715936
534, 67, -6.5999999999999925, 878, 0.08365703860040974
535, 126, -12.499999999999972, 868, 0.09182052338118751
536, 146, -14.499999999999964, 862, 0.09331083253118289
537, 59, -5.799999999999995, 852, 0.07517899992846377
538, 53, -5.1999999999999975, 852, 0.06813630028857376
539, 52, -5.099999999999998, 861, 0.06276137185931008
540, 58, -5.699999999999996, 856, 0.07923079596858706
541, 57, -5.599999999999996, 862, 0.06558536037317442
542, 47, -4.6, 870, 0.09417723330632789
543, 62, -6.099999999999994, 867, 0.09709090495774109
544, 97, -9.599999999999982, 861, 0.06179691370604434
545, 49, -4.799999999999999, 894, 0.0886640784008772
546, 61, -5.999999999999995, 873, 0.07191240718932645
547, 59, -5.799999999999995, 875, 0.07458331941883856
548, 58, -5.699999999999996, 878, 0.0843357188556082
549, 79, -7.799999999999988, 881, 0.06484470686910404
550, 60, -5.899999999999995, 863, 0.07759757743029472
551, 67, -6.5999999999999925, 874, 0.08674180028670891
552, 57, -5.599999999999996, 874, 0.07295136156498194
553, 80, -7.899999999999988, 870, 0.08320792549827377
554, 108, -10.699999999999978, 880, 0.09806141401588286
555, 66, -6.499999999999993, 870, 0.09030513925898775
556, 69, -6.799999999999992, 890, 0.09079725368089742
557, 48, -4.699999999999999, 883, 0.06041515811650511
558, 49, -4.799999999999999, 876, 0.0918677153011167
559, 57, -5.599999999999996, 904, 0.07380262720595654
560, 73, -7.19999999999999, 895, 0.1000053908493983
561, 57, -5.599999999999996, 884, 0.058308845488890704
562, 72, -7.099999999999991, 893, 0.0981188427979478
563, 59, -5.799999999999995, 913, 0.08438104453465334
564, 62, -6.099999999999994, 881, 0.09147046271215098
565, 59, -5.799999999999995, 894, 0.06875895455404757
566, 56, -5.4999999999999964, 904, 0.07304208059312578
567, 65, -6.399999999999993, 915, 0.0960998159224733
568, 51, -4.999999999999998, 910, 0.05861891668087743
569, 59, -5.799999999999995, 929, 0.09406178744183818
570, 52, -5.099999999999998, 921, 0.08497299700574329
571, 65, -6.399999999999993, 920, 0.08186745405750423
572, 60, -5.899999999999995, 895, 0.0702406293646054
573, 62, -6.099999999999994, 888, 0.07228917631805887
574, 118, -11.699999999999974, 918, 0.08452748565038998
575, 67, -6.5999999999999925, 926, 0.09722043320346763
576, 82, -8.099999999999987, 895, 0.09419375325934931
577, 51, -4.999999999999998, 898, 0.09245607361443042
578, 63, -6.199999999999994, 909, 0.07949413746144152
579, 65, -6.399999999999993, 910, 0.08433733338735805
580, 64, -6.299999999999994, 923, 0.06422721101367479
581, 56, -5.4999999999999964, 910, 0.0696115487952027
582, 56, -5.4999999999999964, 917, 0.11556577455413741
583, 72, -7.099999999999991, 920, 0.08190978523056192
584, 56, -5.4999999999999964, 892, 0.0674732449615596
585, 108, -10.699999999999978, 918, 0.09670207804098663
586, 62, -6.099999999999994, 910, 0.08883998642018387
587, 53, -5.1999999999999975, 910, 0.6216852674128994
588, 67, -6.5999999999999925, 934, 0.07174914863804233
589, 60, -5.899999999999995, 913, 0.08393939463892472
590, 74, -7.29999999999999, 929, 0.1167294527261149
591, 53, -5.1999999999999975, 902, 0.07651475275822228
592, 59, -5.799999999999995, 926, 0.05808256162250691
593, 54, -5.299999999999997, 921, 0.0767828787257141
594, 59, -5.799999999999995, 926, 0.08365438642459866
595, 49, -4.799999999999999, 910, 0.06817564562174527
596, 52, -5.099999999999998, 941, 0.08570765988764162
597, 50, -4.899999999999999, 915, 0.07808510773593391
598, 61, -5.999999999999995, 931, 0.0704530466653488
599, 66, -6.499999999999993, 935, 0.09023275726706514
600, 53, -5.1999999999999975, 938, 0.08082046997052156
601, 53, -5.1999999999999975, 942, 0.08169969738942107
602, 65, -6.399999999999993, 927, 0.07763757436260343
603, 95, -9.399999999999983, 936, 0.09083291853975883
604, 65, -6.399999999999993, 921, 0.08527336684194997
605, 59, -5.799999999999995, 948, 0.07021125350791968
606, 74, -7.29999999999999, 934, 0.08387749943932721
607, 58, -5.699999999999996, 930, 0.0667368158047279
608, 57, -5.599999999999996, 922, 0.6258357325027954
609, 95, -9.399999999999983, 971, 0.08314097358141903
610, 46, -4.5, 946, 0.08320426278072857
611, 54, -5.299999999999997, 935, 0.062064466020901765
612, 51, -4.999999999999998, 949, 0.07082532707958
613, 55, -5.399999999999997, 953, 0.07104955607543273
614, 49, -4.799999999999999, 970, 0.06873015631526158
615, 45, -4.4, 964, 0.08998180082629892
616, 73, -7.19999999999999, 961, 0.0996781184349298
617, 61, -5.999999999999995, 956, 0.06919085010218051
618, 49, -4.799999999999999, 967, 0.07764029178397114
619, 53, -5.1999999999999975, 952, 0.07986539820686933
620, 55, -5.399999999999997, 945, 0.08693070202716324
621, 70, -6.8999999999999915, 956, 0.07951908229757776
622, 70, -6.8999999999999915, 950, 0.08526875530952421
623, 58, -5.699999999999996, 957, 0.0798251753779704
624, 47, -4.6, 967, 0.07118115706520589
625, 55, -5.399999999999997, 971, 0.0847252538394454
626, 60, -5.899999999999995, 965, 0.08223996677835332
627, 95, -9.399999999999983, 957, 0.08062219677083915
628, 53, -5.1999999999999975, 942, 0.06887074973884122
629, 63, -6.199999999999994, 982, 0.08260318002500022
630, 65, -6.399999999999993, 946, 0.09317992997460323
631, 108, -10.699999999999978, 931, 0.07921771275173617
632, 60, -5.899999999999995, 965, 0.08013317739563464
633, 52, -5.099999999999998, 971, 0.07936027975665594
634, 66, -6.499999999999993, 987, 0.09165970390513145
635, 66, -6.499999999999993, 958, 0.09624446106852769
636, 65, -6.399999999999993, 963, 0.07665279195765606
637, 130, -12.89999999999997, 979, 0.06890740638515552
638, 69, -6.799999999999992, 972, 0.10691271524915713
639, 141, -13.999999999999966, 974, 0.07802606881691665
640, 49, -4.799999999999999, 987, 0.06709381389904778
641, 61, -5.999999999999995, 947, 0.06790092718004548
642, 68, -6.699999999999992, 983, 0.07088831193496148
643, 50, -4.899999999999999, 987, 0.064412881256533
644, 50, -4.899999999999999, 966, 0.07907436983282956
645, 82, -8.099999999999987, 993, 0.09213947704580128
646, 52, -5.099999999999998, 993, 0.06160938553825135
647, 53, -5.1999999999999975, 979, 0.09318178594311255
648, 55, -5.399999999999997, 985, 0.10244398295794466
649, 65, -6.399999999999993, 993, 0.07899853769378617
650, 64, -6.299999999999994, 977, 0.07692021656564796
651, 50, -4.899999999999999, 1004, 0.10036286128771332
652, 52, -5.099999999999998, 970, 0.08257221886335131
653, 59, -5.799999999999995, 992, 0.07792753542410402
654, 52, -5.099999999999998, 957, 0.06517301888563276
655, 123, -12.199999999999973, 993, 0.07981070023236492
656, 101, -9.99999999999998, 982, 0.0780984949969259
657, 58, -5.699999999999996, 1001, 0.07590940553198311
658, 72, -7.099999999999991, 984, 0.09148924303019884
659, 58, -5.699999999999996, 980, 0.09836873572703642
660, 52, -5.099999999999998, 990, 0.07690258931844296
661, 64, -6.299999999999994, 977, 0.06611886841362624
662, 62, -6.099999999999994, 999, 0.08251231530059044
663, 64, -6.299999999999994, 984, 0.06407458654064074
664, 48, -4.699999999999999, 1013, 0.6046961858314257
665, 52, -5.099999999999998, 982, 0.08135419044173786
666, 59, -5.799999999999995, 1005, 0.04820293280130983
667, 82, -8.099999999999987, 984, 0.0690803290027951
668, 58, -5.699999999999996, 986, 0.07515871916460837
669, 47, -4.6, 1001, 0.09494951780558347
670, 56, -5.4999999999999964, 998, 0.07165884848038995
671, 175, -17.399999999999977, 1005, 0.06835294417685622
672, 58, -5.699999999999996, 1009, 0.0750748119828144
673, 86, -8.499999999999986, 1008, 0.07869156194551996
674, 56, -5.4999999999999964, 1013, 0.07606465268206841
675, 51, -4.999999999999998, 1021, 0.09175658103146755
676, 69, -6.799999999999992, 1001, 0.08647083995861182
677, 67, -6.5999999999999925, 1008, 0.07174657735936818
678, 70, -6.8999999999999915, 1013, 0.08015227326822982
679, 56, -5.4999999999999964, 995, 0.05815635739133551
680, 75, -7.39999999999999, 1013, 0.06212505177346861
681, 59, -5.799999999999995, 1026, 0.07643076842007257
682, 55, -5.399999999999997, 1019, 0.06813010833004007
683, 65, -6.399999999999993, 1019, 0.08283611102152566
684, 52, -5.099999999999998, 1015, 0.07914134232452197
685, 54, -5.299999999999997, 1018, 0.05502617842233182
686, 61, -5.999999999999995, 1044, 0.0822204566060698
687, 72, -7.099999999999991, 1037, 0.06851060819404409
688, 71, -6.999999999999991, 1020, 0.08067018227734246
689, 114, -11.299999999999976, 1028, 0.09181045378430674
690, 58, -5.699999999999996, 1021, 0.080491100193121
691, 113, -11.199999999999976, 1026, 0.07388023760591023
692, 67, -6.5999999999999925, 1018, 0.09756260941412442
693, 94, -9.299999999999983, 1029, 0.06293893625596247
694, 87, -8.599999999999985, 1026, 0.06466041973390446
695, 68, -6.699999999999992, 1041, 0.08356939126275087
696, 78, -7.699999999999989, 1029, 0.10064356633164384
697, 65, -6.399999999999993, 1007, 0.08125228909637872
698, 53, -5.1999999999999975, 1050, 0.08139437687845474
699, 46, -4.5, 1044, 0.07560118561680129
700, 71, -6.999999999999991, 1035, 0.0767750459894454
701, 59, -5.799999999999995, 1043, 0.06200570344696993
702, 51, -4.999999999999998, 1029, 0.07614224819464832
703, 52, -5.099999999999998, 1042, 0.07240821777944229
704, 59, -5.799999999999995, 1045, 0.06494951919754377
705, 56, -5.4999999999999964, 1040, 0.07062711615879724
706, 80, -7.899999999999988, 1060, 0.07059050196139038
707, 61, -5.999999999999995, 1050, 0.09078096262432944
708, 83, -8.199999999999987, 1057, 0.08314632847468006
709, 63, -6.199999999999994, 1058, 0.07281176884067242
710, 50, -4.899999999999999, 1053, 0.07576367746680712
711, 88, -8.699999999999985, 1039, 0.09614643093496422
712, 52, -5.099999999999998, 1057, 0.07849863363536635
713, 111, -10.999999999999977, 1047, 0.10477482277772321
714, 50, -4.899999999999999, 1047, 0.07296008967080692
715, 56, -5.4999999999999964, 1067, 0.12886205699624242
716, 209, -20.800000000000026, 1037, 0.06505968076926383
717, 49, -4.799999999999999, 1051, 0.08485044334353642
718, 69, -6.799999999999992, 1057, 0.07508504610533917
719, 59, -5.799999999999995, 1047, 0.07371221658679117
720, 75, -7.39999999999999, 1063, 0.07115689969994943
721, 49, -4.799999999999999, 1058, 0.06949057035625561
722, 87, -8.599999999999985, 1057, 0.08324326892926859
723, 60, -5.899999999999995, 1045, 0.09963022999757754
724, 67, -6.5999999999999925, 1055, 0.07323626256958671
725, 112, -11.099999999999977, 1053, 0.06934803091002029
726, 86, -8.499999999999986, 1061, 0.08408401325624704
727, 62, -6.099999999999994, 1056, 0.07704658303102274
728, 88, -8.699999999999985, 1070, 0.08617691320477228
729, 66, -6.499999999999993, 1080, 0.059375505717590205
730, 56, -5.4999999999999964, 1065, 0.07474202729052593
731, 63, -6.199999999999994, 1067, 0.08487389120449973
732, 57, -5.599999999999996, 1086, 0.09094517540128155
733, 63, -6.199999999999994, 1055, 0.06835601876314845
734, 62, -6.099999999999994, 1092, 0.06431902612621065
735, 70, -6.8999999999999915, 1068, 0.06772715067085766
736, 55, -5.399999999999997, 1069, 0.07348058161281457
737, 59, -5.799999999999995, 1078, 0.06750666841274167
738, 65, -6.399999999999993, 1060, 0.08092916134537209
739, 69, -6.799999999999992, 1087, 0.05930521538551581
740, 62, -6.099999999999994, 1063, 0.09961721571404336
741, 59, -5.799999999999995, 1061, 0.08552670139303797
742, 64, -6.299999999999994, 1099, 0.07230999827756834
743, 54, -5.299999999999997, 1079, 0.0959080536066943
744, 57, -5.599999999999996, 1084, 0.10085030404607487
745, 47, -4.6, 1082, 0.0834917230512815
746, 94, -9.299999999999983, 1111, 0.07547960322905145
747, 86, -8.499999999999986, 1077, 0.08384835334681828
748, 46, -4.5, 1065, 0.10863451845618499
749, 46, -4.5, 1079, 0.06591604022842157
750, 80, -7.899999999999988, 1075, 0.07585521144751728
751, 62, -6.099999999999994, 1065, 0.08222551978353976
752, 47, -4.6, 1092, 0.06488762811966398
753, 68, -6.699999999999992, 1094, 0.09426770461358736
754, 52, -5.099999999999998, 1083, 0.07775808828240782
755, 63, -6.199999999999994, 1098, 0.08950626230270697
756, 139, -13.799999999999967, 1095, 0.08589229953995337
757, 52, -5.099999999999998, 1099, 0.07117494950667347
758, 77, -7.599999999999989, 1114, 0.07065336310086057
759, 50, -4.899999999999999, 1093, 0.07350128890832286
760, 64, -6.299999999999994, 1095, 0.060080994628358475
761, 49, -4.799999999999999, 1092, 0.07488068723228503
762, 74, -7.29999999999999, 1121, 0.07343872036768118
763, 71, -6.999999999999991, 1083, 0.07352067568718779
764, 74, -7.29999999999999, 1096, 0.07267433321403716
765, 59, -5.799999999999995, 1096, 0.07874635504756666
766, 58, -5.699999999999996, 1113, 0.06831993110196088
767, 60, -5.899999999999995, 1092, 0.0700590977956499
768, 74, -7.29999999999999, 1125, 0.09319513439750926
769, 49, -4.799999999999999, 1104, 0.07171532682180759
770, 102, -10.09999999999998, 1113, 0.06604457162876054
771, 74, -7.29999999999999, 1092, 0.07746227488269342
772, 52, -5.099999999999998, 1125, 0.0570899346258007
773, 55, -5.399999999999997, 1123, 0.07187394073060505
774, 65, -6.399999999999993, 1112, 0.0752134968120246
775, 48, -4.699999999999999, 1103, 0.04426132469787625
776, 63, -6.199999999999994, 1105, 0.09656638094068337
777, 74, -7.29999999999999, 1130, 0.09851266608194376
778, 55, -5.399999999999997, 1120, 0.060970714048553365
779, 56, -5.4999999999999964, 1131, 0.08134317914583367
780, 67, -6.5999999999999925, 1121, 0.08031592152808287
781, 50, -4.899999999999999, 1098, 0.0754138772871662
782, 50, -4.899999999999999, 1115, 0.09166909958603742
783, 99, -9.799999999999981, 1098, 0.10596562882370764
784, 67, -6.5999999999999925, 1112, 0.0775018428321359
785, 57, -5.599999999999996, 1122, 0.07421636367332463
786, 57, -5.599999999999996, 1133, 0.1116928009957352
787, 56, -5.4999999999999964, 1114, 0.06840985665637533
788, 103, -10.19999999999998, 1119, 0.09349589795904567
789, 61, -5.999999999999995, 1121, 0.08659060760121662
790, 60, -5.899999999999995, 1140, 0.06685602940508018
791, 59, -5.799999999999995, 1119, 0.08533885053722101
792, 63, -6.199999999999994, 1124, 0.07556874394672075
793, 72, -7.099999999999991, 1124, 0.08106349184152517
794, 72, -7.099999999999991, 1142, 0.07695830228851075
795, 76, -7.499999999999989, 1120, 0.08256114420050381
796, 72, -7.099999999999991, 1136, 0.07230213408414543
797, 56, -5.4999999999999964, 1143, 0.07091629422504275
798, 73, -7.19999999999999, 1162, 0.06538417522314743
799, 71, -6.999999999999991, 1126, 0.08005793824646601
800, 53, -5.1999999999999975, 1130, 0.06268585918959335
801, 60, -5.899999999999995, 1160, 0.08205730502881325
802, 60, -5.899999999999995, 1145, 0.06445553878374799
803, 53, -5.1999999999999975, 1134, 0.08328218569575907
804, 59, -5.799999999999995, 1128, 0.06770738434581247
805, 56, -5.4999999999999964, 1158, 0.5913345059916306
806, 64, -6.299999999999994, 1149, 0.0801479355905026
807, 55, -5.399999999999997, 1144, 0.07439326608493735
808, 52, -5.099999999999998, 1164, 0.07363537177187984
809, 93, -9.199999999999983, 1152, 0.06252077281691149
810, 104, -10.29999999999998, 1147, 0.08212837537331641
811, 48, -4.699999999999999, 1131, 0.08132738176999238
812, 63, -6.199999999999994, 1165, 0.07152215600717726
813, 72, -7.099999999999991, 1145, 0.10546777434068641
814, 56, -5.4999999999999964, 1144, 0.05981341485139158
815, 60, -5.899999999999995, 1154, 0.08105339852266058
816, 56, -5.4999999999999964, 1159, 0.07845614991501887
817, 52, -5.099999999999998, 1146, 0.08185906036355384
818, 48, -4.699999999999999, 1167, 0.07861296225046877
819, 85, -8.399999999999986, 1173, 0.07519438717100169
820, 57, -5.599999999999996, 1142, 0.09092423060748633
821, 51, -4.999999999999998, 1146, 0.07348889101942957
822, 102, -10.09999999999998, 1171, 0.08917897994655621
823, 48, -4.699999999999999, 1148, 0.0859256638761321
824, 71, -6.999999999999991, 1174, 0.06676018774588677
825, 67, -6.5999999999999925, 1166, 0.0735151959651521
826, 57, -5.599999999999996, 1153, 0.08248191719959086
827, 66, -6.499999999999993, 1168, 0.07193917708381414
828, 70, -6.8999999999999915, 1170, 0.0802163480073319
829, 50, -4.899999999999999, 1188, 0.09830915962803388
830, 53, -5.1999999999999975, 1160, 0.049745738792251304
831, 55, -5.399999999999997, 1164, 0.08297474774503855
832, 54, -5.299999999999997, 1169, 0.07138799976477639
833, 55, -5.399999999999997, 1164, 0.0867603229135408
834, 127, -12.599999999999971, 1168, 0.09295610113731817
835, 140, -13.899999999999967, 1185, 0.5873405028214111
836, 225, -22.40000000000005, 1176, 0.08824951886182575
837, 48, -4.699999999999999, 1159, 0.07920113682054958
838, 79, -7.799999999999988, 1165, 0.06484388878598768
839, 62, -6.099999999999994, 1174, 0.08422455234812976
840, 55, -5.399999999999997, 1179, 0.0841488858559496
841, 69, -6.799999999999992, 1181, 0.08109912729197111
842, 65, -6.399999999999993, 1178, 0.0786435603200876
843, 55, -5.399999999999997, 1184, 0.07539404706232178
844, 51, -4.999999999999998, 1162, 0.06989686059780309
845, 56, -5.4999999999999964, 1181, 0.09747076599306137
846, 94, -9.299999999999983, 1193, 0.1112468952443344
847, 68, -6.699999999999992, 1174, 0.06984376506775561
848, 83, -8.199999999999987, 1180, 0.06344901994977936
849, 52, -5.099999999999998, 1178, 0.08668694509984798
850, 70, -6.8999999999999915, 1183, 0.06437473054066967
851, 64, -6.299999999999994, 1206, 0.09857805467724723
852, 68, -6.699999999999992, 1190, 0.07676572290455996
853, 72, -7.099999999999991, 1200, 0.08014424744551096
854, 60, -5.899999999999995, 1175, 0.09805876652580414
855, 51, -4.999999999999998, 1189, 0.07185948842711298
856, 150, -14.899999999999963, 1201, 0.06996451204010601
857, 130, -12.89999999999997, 1196, 0.08605693530324587
858, 53, -5.1999999999999975, 1212, 0.08973689122510065
859, 46, -4.5, 1191, 0.07227295309826032
860, 93, -9.199999999999983, 1201, 0.07328496466610224
861, 87, -8.599999999999985, 1190, 0.07287833686254053
862, 56, -5.4999999999999964, 1187, 0.08193560544106981
863, 48, -4.699999999999999, 1206, 0.08355868524616428
864, 56, -5.4999999999999964, 1178, 0.10160737612079807
865, 85, -8.399999999999986, 1191, 0.0746279033937216
866, 150, -14.899999999999963, 1196, 0.07250922824823114
867, 78, -7.699999999999989, 1189, 0.08851831773564722
868, 71, -6.999999999999991, 1218, 0.08199017951052046
869, 53, -5.1999999999999975, 1198, 0.08408022062145784
870, 61, -5.999999999999995, 1215, 0.07994078030354046
871, 50, -4.899999999999999, 1224, 0.07493587378412547
872, 62, -6.099999999999994, 1212, 0.10224891314116213
873, 87, -8.599999999999985, 1193, 0.07741091983054171
874, 51, -4.999999999999998, 1219, 0.11190144002661984
875, 97, -9.599999999999982, 1214, 0.10707642025382702
876, 59, -5.799999999999995, 1215, 0.09395752794180712
877, 57, -5.599999999999996, 1193, 0.09577618550264289
878, 66, -6.499999999999993, 1220, 0.06107511519348918
879, 58, -5.699999999999996, 1205, 0.06245108589819548
880, 68, -6.699999999999992, 1204, 0.06353017015445395
881, 64, -6.299999999999994, 1202, 0.07422853607874225
882, 71, -6.999999999999991, 1193, 0.11026487759531162
883, 78, -7.699999999999989, 1234, 0.1042810217538257
884, 54, -5.299999999999997, 1228, 0.548977021492461
885, 54, -5.299999999999997, 1223, 0.19157052444509537
886, 148, -14.699999999999964, 1231, 0.06862891173746666
887, 65, -6.399999999999993, 1208, 0.0711349248402594
888, 53, -5.1999999999999975, 1206, 0.11448324765891904
889, 63, -6.199999999999994, 1225, 0.06029933225119999
890, 65, -6.399999999999993, 1231, 0.08280223258036123
891, 56, -5.4999999999999964, 1240, 0.05507360374963177
892, 58, -5.699999999999996, 1216, 0.08620220745227658
893, 82, -8.099999999999987, 1204, 0.0795069101679784
894, 56, -5.4999999999999964, 1235, 0.08405267092318458
895, 81, -7.999999999999988, 1230, 0.08049683247930384
896, 57, -5.599999999999996, 1222, 0.07955059485847585
897, 58, -5.699999999999996, 1224, 0.08365022141752587
898, 56, -5.4999999999999964, 1235, 0.0912891437555543
899, 42, -4.100000000000001, 1227, 0.08229947997073284
900, 61, -5.999999999999995, 1237, 0.07182484381345455
901, 68, -6.699999999999992, 1232, 0.06919880061638262
902, 54, -5.299999999999997, 1252, 0.09353392304948915
903, 58, -5.699999999999996, 1252, 0.07987272869118978
904, 61, -5.999999999999995, 1226, 0.06654020868020116
905, 55, -5.399999999999997, 1249, 0.06920688760222304
906, 53, -5.1999999999999975, 1220, 0.1014782201992972
907, 60, -5.899999999999995, 1254, 0.07441471268071476
908, 85, -8.399999999999986, 1248, 0.08110379764649478
909, 61, -5.999999999999995, 1256, 0.09646103106525139
910, 63, -6.199999999999994, 1255, 0.08725123895168085
911, 45, -4.4, 1238, 0.10689508965433192
912, 57, -5.599999999999996, 1231, 0.07644795153241368
913, 101, -9.99999999999998, 1254, 0.07759162062087754
914, 72, -7.099999999999991, 1236, 0.07073498523985833
915, 115, -11.399999999999975, 1262, 0.07650183087597173
916, 57, -5.599999999999996, 1277, 0.10082752816335683
917, 92, -9.099999999999984, 1258, 0.08442808595359086
918, 67, -6.5999999999999925, 1257, 0.06593887464505199
919, 60, -5.899999999999995, 1274, 0.06209489865495943
920, 53, -5.1999999999999975, 1270, 0.08774692251311622
921, 65, -6.399999999999993, 1272, 0.06419402295699561
922, 56, -5.4999999999999964, 1256, 0.07614388887855972
923, 65, -6.399999999999993, 1280, 0.06991900557468278
924, 55, -5.399999999999997, 1272, 0.10969387666068875
925, 52, -5.099999999999998, 1277, 0.08306308108476967
926, 55, -5.399999999999997, 1241, 0.09216149479012525
927, 60, -5.899999999999995, 1281, 0.07985283086173212
928, 55, -5.399999999999997, 1278, 0.08308142332509094
929, 133, -13.199999999999969, 1284, 0.07573630471343606
930, 56, -5.4999999999999964, 1283, 0.08717726165365658
931, 74, -7.29999999999999, 1284, 0.09327994835273756
932, 54, -5.299999999999997, 1279, 0.08202074176840046
933, 51, -4.999999999999998, 1287, 0.07688178839166104
934, 72, -7.099999999999991, 1287, 0.07986205512380806
935, 201, -20.000000000000014, 1288, 0.09059482794437176
936, 70, -6.8999999999999915, 1286, 0.0723117085286673
937, 85, -8.399999999999986, 1305, 0.07636446695302546
938, 65, -6.399999999999993, 1277, 0.08001691171510261
939, 52, -5.099999999999998, 1293, 0.06510789945427842
940, 53, -5.1999999999999975, 1266, 0.0632815657360184
941, 62, -6.099999999999994, 1306, 0.07536922275145441
942, 56, -5.4999999999999964, 1300, 0.08339090278953032
943, 56, -5.4999999999999964, 1305, 0.44702991416375104
944, 96, -9.499999999999982, 1286, 0.0833604337504934
945, 48, -4.699999999999999, 1274, 0.0943912546645409
946, 46, -4.5, 1286, 0.07196730742509683
947, 58, -5.699999999999996, 1282, 0.07854226496049854
948, 85, -8.399999999999986, 1299, 0.06753031124125208
949, 57, -5.599999999999996, 1299, 0.06441648857997917
950, 51, -4.999999999999998, 1268, 0.07984553539985206
951, 66, -6.499999999999993, 1294, 0.05911442117185217
952, 81, -7.999999999999988, 1302, 0.049414850785040265
953, 61, -5.999999999999995, 1295, 0.07470142826997606
954, 59, -5.799999999999995, 1302, 0.06342509521922457
955, 77, -7.599999999999989, 1303, 0.08697295893042112
956, 83, -8.199999999999987, 1326, 0.07213733898379107
957, 64, -6.299999999999994, 1308, 0.08647066609355414
958, 61, -5.999999999999995, 1289, 0.07231575318897665
959, 61, -5.999999999999995, 1304, 0.09150867050858924
960, 73, -7.19999999999999, 1314, 0.09940839515036731
961, 51, -4.999999999999998, 1309, 0.07018681048002562
962, 57, -5.599999999999996, 1325, 0.06749271655291711
963, 69, -6.799999999999992, 1301, 0.08131486893473228
964, 57, -5.599999999999996, 1308, 0.08788381660628497
965, 72, -7.099999999999991, 1339, 0.06573590531995199
966, 72, -7.099999999999991, 1302, 0.07881011479538702
967, 99, -9.799999999999981, 1323, 0.09313815431656236
968, 61, -5.999999999999995, 1330, 0.074906841148138
969, 91, -8.999999999999984, 1310, 0.07908748149179257
970, 55, -5.399999999999997, 1333, 0.582257216290369
971, 79, -7.799999999999988, 1320, 0.08124803762161537
972, 51, -4.999999999999998, 1302, 0.08002908564187783
973, 70, -6.8999999999999915, 1310, 0.06469704503525886
974, 54, -5.299999999999997, 1318, 0.07352480391359562
975, 87, -8.599999999999985, 1327, 0.07770732602688024
976, 46, -4.5, 1306, 0.07689509359746194
977, 95, -9.399999999999983, 1314, 0.06338584919180823
978, 56, -5.4999999999999964, 1318, 0.07257327956311188
979, 75, -7.39999999999999, 1314, 0.06039877369848634
980, 62, -6.099999999999994, 1323, 0.07713394188850753
981, 92, -9.099999999999984, 1322, 0.06648491895751496
982, 141, -13.999999999999966, 1328, 0.09198248526778352
983, 50, -4.899999999999999, 1322, 0.07208429814680573
984, 62, -6.099999999999994, 1307, 0.0928680156258242
985, 70, -6.8999999999999915, 1344, 0.07830158622086913
986, 61, -5.999999999999995, 1362, 0.06864051004912541
987, 62, -6.099999999999994, 1365, 0.08798044325042875
988, 64, -6.299999999999994, 1346, 0.07648699473161769
989, 81, -7.999999999999988, 1351, 0.09773939764531159
990, 78, -7.699999999999989, 1347, 0.07495669812886252
991, 62, -6.099999999999994, 1325, 0.42255682289594176
992, 77, -7.599999999999989, 1359, 0.07471107293301982
993, 56, -5.4999999999999964, 1331, 0.08668443963314298
994, 61, -5.999999999999995, 1339, 0.06702248952024759
995, 55, -5.399999999999997, 1356, 0.06791529614674063
996, 48, -4.699999999999999, 1356, 0.07221120669582914
997, 84, -8.299999999999986, 1334, 0.07200811532079165
998, 51, -4.999999999999998, 1329, 0.06714242172508134
999, 86, -8.499999999999986, 1349, 0.07374912005823919
1000, 63, -6.199999999999994, 1370, 0.08490279659063882
