Episode, Steps, Reward, Time (in milliseconds), Convergence
1, 225, -22.40000000000005, 11, 1.0
2, 225, -22.40000000000005, 33, 0.12468505359211007
3, 225, -22.40000000000005, 38, 0.10015254961625264
4, 225, -22.40000000000005, 60, 0.3949880335680718
5, 225, -22.40000000000005, 54, 0.988924121585034
6, 225, -22.40000000000005, 71, 0.10089803014628984
7, 225, -22.40000000000005, 67, 0.09663755593591161
8, 225, -22.40000000000005, 68, 0.9305463816304846
9, 225, -22.40000000000005, 86, 0.09407834611968513
10, 225, -22.40000000000005, 76, 0.9270722235874234
11, 225, -22.40000000000005, 88, 0.12565028953327634
12, 225, -22.40000000000005, 86, 0.09806202866882852
13, 225, -22.40000000000005, 85, 0.12090982863943955
14, 225, -22.40000000000005, 101, 0.12797801680202636
15, 225, -22.40000000000005, 97, 0.1012892883693639
16, 225, -22.40000000000005, 102, 0.10500441452540699
17, 225, -22.40000000000005, 116, 0.10919137708470539
18, 225, -22.40000000000005, 127, 0.10388717452090875
19, 225, -22.40000000000005, 103, 0.0943263596956645
20, 225, -22.40000000000005, 116, 0.12874868818245422
21, 225, -22.40000000000005, 115, 0.11757390288729372
22, 225, -22.40000000000005, 128, 0.10143464098980098
23, 225, -22.40000000000005, 121, 0.07781197401356343
24, 225, -22.40000000000005, 125, 0.09008181939640658
25, 225, -22.40000000000005, 127, 0.1031116831158006
26, 225, -22.40000000000005, 121, 0.13530065636909094
27, 225, -22.40000000000005, 134, 0.18397498936840184
28, 225, -22.40000000000005, 140, 0.16010647926509458
29, 225, -22.40000000000005, 146, 0.07495034048330274
30, 225, -22.40000000000005, 155, 0.1425465316964315
31, 225, -22.40000000000005, 148, 0.11234837563120781
32, 225, -22.40000000000005, 144, 0.11189879207345566
33, 225, -22.40000000000005, 146, 0.11895947212810082
34, 225, -22.40000000000005, 161, 0.11583080002196783
35, 225, -22.40000000000005, 142, 0.1319051811568731
36, 225, -22.40000000000005, 152, 1.0015191944685937
37, 225, -22.40000000000005, 155, 0.15719134140026436
38, 225, -22.40000000000005, 160, 0.13986550591814173
39, 225, -22.40000000000005, 166, 0.1136095455496795
40, 208, -20.700000000000024, 163, 0.4121612479935801
41, 225, -22.40000000000005, 164, 0.10270782240604026
42, 225, -22.40000000000005, 157, 0.12549390884476486
43, 225, -22.40000000000005, 162, 0.08891319410388254
44, 225, -22.40000000000005, 180, 0.14275777892311514
45, 225, -22.40000000000005, 176, 0.23703391557596332
46, 225, -22.40000000000005, 172, 0.13141580107460876
47, 225, -22.40000000000005, 161, 0.09245314374327973
48, 225, -22.40000000000005, 174, 0.11514308788880495
49, 225, -22.40000000000005, 176, 0.12267128798290372
50, 189, -18.799999999999997, 174, 0.10632524053606729
51, 225, -22.40000000000005, 176, 0.16490944515468564
52, 225, -22.40000000000005, 182, 0.11446193832364226
53, 225, -22.40000000000005, 187, 0.0957848951796536
54, 225, -22.40000000000005, 185, 1.0224128956401581
55, 225, -22.40000000000005, 180, 0.1335720126097879
56, 225, -22.40000000000005, 191, 0.17446626696344536
57, 212, -21.10000000000003, 175, 0.1671423090318933
58, 220, -21.90000000000004, 179, 0.13973035000200457
59, 225, -22.40000000000005, 182, 0.1666306742207646
60, 225, -22.40000000000005, 188, 0.13814560308952029
61, 225, -22.40000000000005, 186, 0.10989663622186763
62, 225, -22.40000000000005, 184, 0.15774252948170586
63, 133, -13.199999999999969, 196, 0.11620867823625103
64, 225, -22.40000000000005, 196, 0.14043062656936345
65, 225, -22.40000000000005, 191, 0.09880018511464805
66, 225, -22.40000000000005, 197, 1.0060092794605509
67, 225, -22.40000000000005, 191, 0.14184830921478175
68, 224, -22.300000000000047, 201, 0.16186640357278048
69, 74, -7.29999999999999, 195, 0.09717534474050304
70, 134, -13.299999999999969, 201, 0.1845594262835073
71, 225, -22.40000000000005, 193, 0.08736508374921936
72, 225, -22.40000000000005, 199, 0.167182517976467
73, 147, -14.599999999999964, 199, 0.10883171438731365
74, 71, -6.999999999999991, 216, 0.10715280026577778
75, 225, -22.40000000000005, 203, 0.1831250809025633
76, 225, -22.40000000000005, 216, 0.16245652066885619
77, 151, -14.999999999999963, 198, 0.10121831391758251
78, 225, -22.40000000000005, 207, 0.11311489999809421
79, 120, -11.899999999999974, 207, 0.12631681182641707
80, 225, -22.40000000000005, 207, 0.21463968040691928
81, 101, -9.99999999999998, 202, 0.106110755217525
82, 225, -22.40000000000005, 203, 0.12665881711227867
83, 65, -6.399999999999993, 217, 0.12129601034078608
84, 51, -4.999999999999998, 217, 0.13768648762029811
85, 176, -17.49999999999998, 201, 0.06567309242917485
86, 225, -22.40000000000005, 207, 0.2614224438067191
87, 96, -9.499999999999982, 217, 0.1514694639758163
88, 225, -22.40000000000005, 203, 0.0962307764098802
89, 105, -10.399999999999979, 210, 0.14372375999384035
90, 90, -8.899999999999984, 218, 0.17262682110546368
91, 225, -22.40000000000005, 213, 0.1440147985638709
92, 94, -9.299999999999983, 210, 0.11829964608196991
93, 225, -28.100000000000065, 211, 0.12268655374493664
94, 66, -6.499999999999993, 214, 0.11646697257662475
95, 89, -8.799999999999985, 213, 0.14109689120828428
96, 67, -6.5999999999999925, 216, 0.08357791514682233
97, 136, -13.499999999999968, 215, 0.1402025219282721
98, 65, -6.399999999999993, 218, 0.1616077100813873
99, 107, -10.599999999999978, 217, 0.12188450274385687
100, 65, -6.399999999999993, 228, 0.1125909752062042
101, 164, -16.29999999999996, 220, 0.15482889795186672
102, 145, -14.399999999999965, 213, 0.20175496557150563
103, 60, -5.899999999999995, 217, 0.15425167698290387
104, 78, -7.699999999999989, 228, 0.12576342298034682
105, 60, -5.899999999999995, 212, 0.11096115139855023
106, 57, -5.599999999999996, 228, 0.13705050060588686
107, 84, -8.299999999999986, 224, 0.12400864141430534
108, 212, -21.10000000000003, 226, 0.15530535568439863
109, 78, -7.699999999999989, 223, 0.14788587183424284
110, 56, -5.4999999999999964, 215, 0.16571362691069735
111, 225, -22.40000000000005, 226, 0.08631100834175864
112, 122, -12.099999999999973, 226, 0.24574919397529627
113, 86, -8.499999999999986, 227, 0.10444167700340734
114, 56, -5.4999999999999964, 222, 0.11008250212405901
115, 105, -10.399999999999979, 221, 0.13506267991606524
116, 53, -5.1999999999999975, 231, 0.15620184855023034
117, 95, -9.399999999999983, 230, 0.1500825824166272
118, 124, -12.299999999999972, 221, 0.13707162115597754
119, 176, -17.49999999999998, 228, 0.1261566977066626
120, 80, -7.899999999999988, 230, 0.12936342288660077
121, 225, -22.40000000000005, 236, 0.16583953670490192
122, 53, -5.1999999999999975, 235, 0.1589268527821579
123, 122, -12.099999999999973, 232, 0.16767412786685032
124, 65, -6.399999999999993, 231, 0.13604967952488378
125, 195, -19.400000000000006, 233, 0.12153843535913378
126, 115, -11.399999999999975, 232, 0.12201133446577028
127, 95, -9.399999999999983, 234, 0.13396584257196686
128, 67, -6.5999999999999925, 246, 0.1388234432318114
129, 225, -22.40000000000005, 233, 0.1356251097963237
130, 59, -5.799999999999995, 231, 0.09243776953809357
131, 59, -5.799999999999995, 232, 0.1791605672506913
132, 114, -11.299999999999976, 230, 0.10785285343557938
133, 225, -22.40000000000005, 233, 0.19716595896462596
134, 102, -10.09999999999998, 240, 0.16598753739370498
135, 51, -4.999999999999998, 233, 0.12586125510488344
136, 53, -5.1999999999999975, 236, 0.14535009944888655
137, 71, -6.999999999999991, 243, 0.14425112493118397
138, 96, -9.499999999999982, 247, 0.16565228838136825
139, 225, -22.40000000000005, 242, 0.18253096228632026
140, 70, -6.8999999999999915, 246, 0.10200108913130812
141, 225, -22.40000000000005, 239, 0.17647909648426685
142, 100, -9.89999999999998, 242, 0.10895535336665896
143, 67, -6.5999999999999925, 238, 0.11553309285037061
144, 70, -6.8999999999999915, 246, 0.18373689648724367
145, 59, -5.799999999999995, 239, 0.11210332861925698
146, 58, -5.699999999999996, 243, 0.13614247788070066
147, 59, -5.799999999999995, 240, 0.11185740482919693
148, 61, -5.999999999999995, 242, 0.1501916553027658
149, 52, -5.099999999999998, 245, 0.12716655883371875
150, 165, -16.399999999999963, 244, 0.13749592679062328
151, 71, -6.999999999999991, 246, 0.10062260328554806
152, 104, -10.29999999999998, 240, 0.1678718253369597
153, 107, -10.599999999999978, 247, 0.1672013941953132
154, 59, -5.799999999999995, 244, 0.1654020153309892
155, 59, -5.799999999999995, 258, 0.1883443453771001
156, 50, -4.899999999999999, 240, 0.1600954025101271
157, 71, -6.999999999999991, 244, 0.161326608605449
158, 225, -22.40000000000005, 243, 0.13421239905864812
159, 94, -9.299999999999983, 254, 0.1307063004944855
160, 83, -8.199999999999987, 246, 0.10076735994320574
161, 83, -8.199999999999987, 245, 0.18671384566783655
162, 60, -5.899999999999995, 248, 0.14759880615985965
163, 91, -8.999999999999984, 251, 0.1256778425854881
164, 50, -4.899999999999999, 250, 0.1500391097684477
165, 73, -7.19999999999999, 246, 0.10186052778150767
166, 225, -22.40000000000005, 251, 0.0906342562109872
167, 55, -5.399999999999997, 257, 0.12499803466769954
168, 95, -9.399999999999983, 247, 0.17684096879247724
169, 77, -7.599999999999989, 255, 0.1260543408818896
170, 60, -5.899999999999995, 251, 0.16280091932582508
171, 51, -4.999999999999998, 258, 0.13131126957064154
172, 64, -6.299999999999994, 243, 0.15734798855605042
173, 53, -5.1999999999999975, 257, 0.12435653770264476
174, 71, -6.999999999999991, 257, 0.23518436880914528
175, 62, -6.099999999999994, 251, 0.13530937722131053
176, 109, -10.799999999999978, 254, 0.13998521884441573
177, 67, -6.5999999999999925, 250, 0.1104257653377323
178, 134, -13.299999999999969, 262, 0.1309704778458889
179, 100, -9.89999999999998, 257, 0.13220786865048728
180, 55, -5.399999999999997, 258, 0.13446818390223925
181, 72, -7.099999999999991, 256, 0.08999226662468018
182, 87, -8.599999999999985, 258, 0.18464488736234896
183, 65, -6.399999999999993, 273, 0.17561763676434028
184, 105, -10.399999999999979, 255, 0.1721953018283593
185, 54, -5.299999999999997, 257, 0.16545307935487052
186, 81, -7.999999999999988, 261, 0.1557182884256907
187, 59, -5.799999999999995, 262, 0.16881357034980926
188, 159, -15.79999999999996, 267, 1.0126606278742267
189, 71, -6.999999999999991, 257, 0.17254892466742433
190, 63, -6.199999999999994, 273, 0.12405251331274192
191, 59, -5.799999999999995, 267, 0.19483502669825903
192, 73, -7.19999999999999, 260, 0.14919342855972384
193, 225, -22.40000000000005, 260, 0.14524380561932565
194, 225, -22.40000000000005, 259, 0.1968343820699765
195, 102, -10.09999999999998, 262, 0.1714607308433993
196, 79, -7.799999999999988, 260, 0.10113116046474491
197, 69, -6.799999999999992, 260, 0.14030868109049577
198, 51, -4.999999999999998, 269, 0.13418136637074896
199, 85, -8.399999999999986, 261, 0.11363395891788325
200, 225, -22.40000000000005, 266, 0.0848252624879291
201, 194, -19.300000000000004, 260, 0.14858769805107253
202, 60, -5.899999999999995, 266, 0.1301193470897708
203, 106, -10.499999999999979, 266, 0.1375410216255668
204, 71, -6.999999999999991, 266, 0.13774798777626418
205, 70, -6.8999999999999915, 263, 0.08962718046421703
206, 76, -7.499999999999989, 272, 0.12837331500933358
207, 66, -6.499999999999993, 266, 0.12939811318113742
208, 108, -10.699999999999978, 265, 0.1330468637461779
209, 73, -7.19999999999999, 271, 0.11335604910886898
210, 149, -14.799999999999963, 279, 0.13677698585627152
211, 76, -7.499999999999989, 271, 1.2059762775266827
212, 60, -5.899999999999995, 271, 0.10856125093155855
213, 53, -5.1999999999999975, 279, 0.13784391411564512
214, 52, -5.099999999999998, 281, 0.18802480680425537
215, 219, -21.80000000000004, 274, 0.18458456750290653
216, 55, -5.399999999999997, 271, 0.10315261954180577
217, 75, -7.39999999999999, 278, 0.12348695432993795
218, 106, -10.499999999999979, 280, 0.1573110380941161
219, 52, -5.099999999999998, 287, 0.14514328982400082
220, 68, -6.699999999999992, 277, 0.12610498695027283
221, 57, -5.599999999999996, 270, 0.12439059520204099
222, 68, -6.699999999999992, 288, 0.11255967674714618
223, 57, -5.599999999999996, 285, 0.133705045344231
224, 147, -14.599999999999964, 286, 0.13019159775185374
225, 61, -5.999999999999995, 282, 0.13538657688329137
226, 48, -4.699999999999999, 277, 0.1422894875816043
227, 58, -5.699999999999996, 282, 0.10631870762732354
228, 77, -7.599999999999989, 282, 0.13617434388753713
229, 62, -6.099999999999994, 278, 0.09254883682753734
230, 68, -6.699999999999992, 282, 0.10549194856046018
231, 56, -5.4999999999999964, 296, 0.12483686649968417
232, 54, -5.299999999999997, 285, 0.16023191084724897
233, 225, -22.40000000000005, 286, 0.14487807863800817
234, 84, -8.299999999999986, 284, 0.091625401641652
235, 81, -7.999999999999988, 293, 0.1263403340057322
236, 75, -7.39999999999999, 289, 0.11034692932753032
237, 55, -5.399999999999997, 300, 0.12877681934030916
238, 119, -11.799999999999974, 284, 0.10588578319564051
239, 54, -5.299999999999997, 289, 0.2060988446637475
240, 115, -11.399999999999975, 279, 0.2030849222510358
241, 84, -8.299999999999986, 288, 0.12727987600576973
242, 65, -6.399999999999993, 286, 0.13085217744002842
243, 99, -9.799999999999981, 293, 0.1774869786973352
244, 58, -5.699999999999996, 305, 0.13082417928621637
245, 55, -5.399999999999997, 298, 0.13269611153720784
246, 59, -5.799999999999995, 296, 0.15983676028035343
247, 225, -22.40000000000005, 285, 0.1393161865310959
248, 68, -6.699999999999992, 297, 0.10783471303647538
249, 86, -8.499999999999986, 305, 0.12848941283810555
250, 57, -5.599999999999996, 288, 0.12907190380821199
251, 66, -6.499999999999993, 299, 0.13691526676561638
252, 137, -13.599999999999968, 310, 0.18655888608672244
253, 73, -7.19999999999999, 299, 0.16606203668192476
254, 78, -7.699999999999989, 295, 0.15625064249269305
255, 93, -9.199999999999983, 300, 0.117660390215931
256, 84, -8.299999999999986, 294, 0.10972782408690707
257, 64, -6.299999999999994, 297, 0.11244555492146557
258, 61, -5.999999999999995, 303, 0.1253572610458269
259, 82, -8.099999999999987, 305, 0.15954169408903196
260, 57, -5.599999999999996, 288, 0.09540065929443975
261, 143, -14.199999999999966, 296, 0.19670564733321516
262, 61, -5.999999999999995, 301, 0.1454709994640575
263, 67, -6.5999999999999925, 298, 0.12241994933437095
264, 73, -7.19999999999999, 299, 0.13332753306585743
265, 55, -5.399999999999997, 301, 0.14182437972934991
266, 111, -10.999999999999977, 295, 0.13034710434331997
267, 75, -7.39999999999999, 298, 0.08777220158125276
268, 75, -7.39999999999999, 304, 0.16013232040449932
269, 111, -10.999999999999977, 299, 0.16717490226373666
270, 113, -11.199999999999976, 304, 0.11581962588932004
271, 79, -7.799999999999988, 315, 0.15165740492791624
272, 57, -5.599999999999996, 304, 0.19094663706300175
273, 103, -10.19999999999998, 302, 0.11801546413540231
274, 113, -11.199999999999976, 304, 0.15891133728840634
275, 151, -14.999999999999963, 311, 0.1457716669909106
276, 53, -5.1999999999999975, 308, 0.15451472561061097
277, 225, -22.40000000000005, 311, 0.06399300049727419
278, 60, -5.899999999999995, 314, 0.15236528376211456
279, 181, -17.999999999999986, 304, 0.17639950886752098
280, 58, -5.699999999999996, 319, 0.2249658168290365
281, 58, -5.699999999999996, 306, 0.14938396691183753
282, 225, -22.40000000000005, 319, 0.12478521877099835
283, 49, -4.799999999999999, 301, 0.1866016425566217
284, 68, -6.699999999999992, 314, 0.16194661145428801
285, 122, -12.099999999999973, 306, 0.10240986399160656
286, 70, -6.8999999999999915, 307, 0.16157371380233088
287, 57, -5.599999999999996, 309, 0.12398633647834645
288, 72, -7.099999999999991, 309, 0.10192581985292293
289, 80, -7.899999999999988, 309, 0.15626601300282061
290, 57, -5.599999999999996, 301, 0.13622578536029417
291, 54, -5.299999999999997, 323, 0.1307634502376538
292, 58, -5.699999999999996, 314, 0.12527896780225012
293, 63, -6.199999999999994, 302, 0.14971444147616847
294, 63, -6.199999999999994, 311, 0.11383904854669824
295, 97, -9.599999999999982, 307, 0.10286318954234841
296, 69, -6.799999999999992, 312, 0.13400354746914078
297, 157, -15.59999999999996, 311, 0.1122551408081256
298, 56, -5.4999999999999964, 324, 0.26735572616587033
299, 61, -5.999999999999995, 316, 0.152650152180402
300, 94, -9.299999999999983, 323, 0.1185661286424774
301, 87, -8.599999999999985, 308, 0.13780596557533542
302, 56, -5.4999999999999964, 318, 0.13371655373182145
303, 55, -5.399999999999997, 312, 0.1531080001761711
304, 83, -8.199999999999987, 329, 0.19079527532269436
305, 79, -7.799999999999988, 322, 0.17228595669852842
306, 186, -18.499999999999993, 322, 0.23944607668194084
307, 222, -22.100000000000044, 318, 0.1404194570944109
308, 123, -12.199999999999973, 323, 0.23610063836394346
309, 96, -9.499999999999982, 317, 0.17421904207786898
310, 150, -14.899999999999963, 326, 0.15868074479800942
311, 64, -6.299999999999994, 313, 0.1040167567063035
312, 74, -7.29999999999999, 317, 0.18136106609171776
313, 173, -17.199999999999974, 328, 0.13147684443831298
314, 50, -4.899999999999999, 324, 0.11769124683274246
315, 52, -5.099999999999998, 317, 0.13630515219434436
316, 54, -5.299999999999997, 330, 0.16267094895616152
317, 67, -6.5999999999999925, 324, 0.23132192208305158
318, 118, -11.699999999999974, 315, 0.154234232235269
319, 52, -5.099999999999998, 319, 0.19690356320044822
320, 225, -22.40000000000005, 333, 0.13435577331725268
321, 84, -8.299999999999986, 318, 0.09345430307283831
322, 60, -5.899999999999995, 341, 0.12292420372203439
323, 57, -5.599999999999996, 333, 0.1307203030402353
324, 59, -5.799999999999995, 325, 0.155892009738813
325, 56, -5.4999999999999964, 325, 0.13482484127220573
326, 68, -6.699999999999992, 328, 0.2552855617777654
327, 68, -6.699999999999992, 330, 0.08756582539095659
328, 225, -22.40000000000005, 339, 0.19341083230753764
329, 46, -4.5, 338, 0.12402633910849215
330, 79, -7.799999999999988, 331, 0.16578932593260043
331, 52, -5.099999999999998, 332, 0.11301416393939556
332, 75, -7.39999999999999, 330, 0.11824857187192017
333, 55, -5.399999999999997, 322, 0.15836574853311247
334, 207, -20.600000000000023, 339, 0.09300933664854227
335, 64, -6.299999999999994, 323, 0.1372831946096731
336, 84, -8.299999999999986, 333, 0.22137242795172352
337, 80, -7.899999999999988, 330, 0.09661249605194122
338, 111, -10.999999999999977, 333, 0.1681380024095518
339, 150, -14.899999999999963, 336, 0.13363117715726047
340, 58, -5.699999999999996, 340, 0.1670089928999512
341, 70, -6.8999999999999915, 334, 0.11113928707985465
342, 131, -12.99999999999997, 330, 0.13277302082812148
343, 57, -5.599999999999996, 336, 0.10320407730260683
344, 52, -5.099999999999998, 335, 0.08844950698104714
345, 60, -5.899999999999995, 336, 0.13623716045348655
346, 69, -6.799999999999992, 339, 0.1309943497150794
347, 135, -13.399999999999968, 338, 0.14325192235491802
348, 107, -10.599999999999978, 335, 0.9259147387958078
349, 69, -6.799999999999992, 351, 0.21620407253605756
350, 121, -11.999999999999973, 340, 0.17905584113095036
351, 50, -4.899999999999999, 333, 0.1103596758766725
352, 100, -9.89999999999998, 343, 0.16174314899125508
353, 225, -22.40000000000005, 337, 0.24584761354536622
354, 64, -6.299999999999994, 336, 0.16089715379419944
355, 65, -6.399999999999993, 347, 0.14203601805268162
356, 133, -13.199999999999969, 341, 0.13982722898557154
357, 48, -4.699999999999999, 330, 0.15192648366037131
358, 61, -5.999999999999995, 341, 0.11040147472318163
359, 126, -12.499999999999972, 352, 0.13259240409427964
360, 58, -5.699999999999996, 332, 0.15037573384683578
361, 104, -10.29999999999998, 345, 0.1047286140540079
362, 109, -10.799999999999978, 346, 0.12110580372103652
363, 121, -11.999999999999973, 343, 0.16235459223094528
364, 89, -8.799999999999985, 347, 0.18697776090709128
365, 97, -9.599999999999982, 337, 0.12179435898711777
366, 62, -6.099999999999994, 339, 0.12524387640479162
367, 66, -6.499999999999993, 350, 0.11680481795555231
368, 70, -6.8999999999999915, 340, 0.11124464717992333
369, 180, -17.899999999999984, 339, 0.10376091624434958
370, 73, -7.19999999999999, 344, 0.1436628915503042
371, 77, -7.599999999999989, 348, 0.10664546613701398
372, 141, -13.999999999999966, 358, 0.1266892717839161
373, 130, -12.89999999999997, 353, 0.07139464457958988
374, 68, -6.699999999999992, 355, 0.1431989836928127
375, 49, -4.799999999999999, 353, 0.08709017541208475
376, 65, -6.399999999999993, 345, 0.1211494191120207
377, 111, -10.999999999999977, 348, 0.13386782904707248
378, 65, -6.399999999999993, 344, 0.10026328240584448
379, 84, -8.299999999999986, 355, 0.19668640842955765
380, 96, -9.499999999999982, 363, 0.16661013718090545
381, 225, -22.40000000000005, 362, 0.09286525522089928
382, 60, -5.899999999999995, 355, 0.12607744290582357
383, 54, -5.299999999999997, 345, 0.1347364791866778
384, 61, -5.999999999999995, 357, 0.1340972179483919
385, 51, -4.999999999999998, 362, 0.19554401881710692
386, 66, -6.499999999999993, 355, 0.20196327967208028
387, 74, -7.29999999999999, 364, 0.20182454491191137
388, 56, -5.4999999999999964, 360, 0.11466725409997824
389, 64, -6.299999999999994, 353, 0.08151360161935761
390, 62, -6.099999999999994, 356, 0.11247024072320122
391, 70, -6.8999999999999915, 368, 0.1246930093803078
392, 73, -7.19999999999999, 356, 0.1619489716971183
393, 62, -6.099999999999994, 361, 0.0998658469250312
394, 54, -5.299999999999997, 353, 0.13987186233719884
395, 58, -5.699999999999996, 366, 0.11439992786544417
396, 48, -4.699999999999999, 366, 0.194680373748646
397, 58, -5.699999999999996, 365, 0.1555843928565334
398, 57, -5.599999999999996, 370, 0.23449828306547627
399, 161, -15.99999999999996, 356, 0.13369148949924647
400, 75, -7.39999999999999, 366, 0.13606134846400986
401, 88, -8.699999999999985, 358, 0.1342184922789309
402, 55, -5.399999999999997, 360, 0.14143529220152623
403, 47, -4.6, 366, 0.14296732164708326
404, 46, -4.5, 357, 0.10935038333772118
405, 72, -7.099999999999991, 363, 0.11682121727543215
406, 48, -4.699999999999999, 363, 0.1349790326964342
407, 51, -4.999999999999998, 360, 0.10569551769135876
408, 50, -4.899999999999999, 366, 0.15172325738249337
409, 70, -6.8999999999999915, 374, 0.18160797392109762
410, 131, -12.99999999999997, 369, 0.2216045692891182
411, 61, -5.999999999999995, 369, 0.1563016878682606
412, 211, -21.00000000000003, 366, 0.12583894173340182
413, 58, -5.699999999999996, 367, 0.12433812574119596
414, 49, -4.799999999999999, 373, 0.20646258911548054
415, 73, -7.19999999999999, 367, 0.12029995671357463
416, 102, -10.09999999999998, 364, 0.16765036858448878
417, 131, -12.99999999999997, 372, 0.19184281489669663
418, 189, -18.799999999999997, 370, 0.1537194584304018
419, 69, -6.799999999999992, 371, 0.13668523619535589
420, 85, -8.399999999999986, 371, 0.19709280790953
421, 83, -8.199999999999987, 379, 0.10295424038302858
422, 60, -5.899999999999995, 368, 0.08850757004356002
423, 104, -10.29999999999998, 373, 0.13881616719124756
424, 59, -5.799999999999995, 372, 0.12139683831476505
425, 88, -8.699999999999985, 376, 0.24365871101893344
426, 72, -7.099999999999991, 372, 0.13066682361560034
427, 86, -8.499999999999986, 371, 0.10244934352642288
428, 169, -16.79999999999997, 369, 0.19235337713029765
429, 56, -5.4999999999999964, 383, 0.20144842312808997
430, 58, -5.699999999999996, 370, 0.12931775190322958
431, 113, -11.199999999999976, 380, 0.1785143189552496
432, 65, -6.399999999999993, 371, 0.13999158633643205
433, 60, -5.899999999999995, 373, 0.11649465494472983
434, 86, -8.499999999999986, 374, 0.1226421266403892
435, 188, -18.699999999999996, 382, 0.12770746526932752
436, 58, -5.699999999999996, 388, 0.1869629508464486
437, 78, -7.699999999999989, 379, 0.18163656604877998
438, 73, -7.19999999999999, 383, 0.19197044087461368
439, 62, -6.099999999999994, 376, 0.17172022062433268
440, 63, -6.199999999999994, 380, 0.1480068782583397
441, 73, -7.19999999999999, 391, 0.1435275468988455
442, 187, -18.599999999999994, 379, 0.17658785312905811
443, 75, -7.39999999999999, 387, 0.13463108536103707
444, 96, -9.499999999999982, 374, 0.11465652782239877
445, 116, -11.499999999999975, 380, 0.2560124876304708
446, 119, -11.799999999999974, 385, 0.1872084044022675
447, 60, -5.899999999999995, 386, 0.15333373924474758
448, 62, -6.099999999999994, 372, 0.14443563768252643
449, 73, -7.19999999999999, 380, 0.17045546438263548
450, 82, -8.099999999999987, 379, 0.19488649173881933
451, 50, -4.899999999999999, 381, 0.11306569586380855
452, 59, -5.799999999999995, 378, 0.16754467819027052
453, 62, -6.099999999999994, 387, 0.19872714883476728
454, 60, -5.899999999999995, 386, 0.13714840931956462
455, 56, -5.4999999999999964, 383, 0.16283259671610195
456, 65, -6.399999999999993, 379, 0.15893274080496145
457, 101, -9.99999999999998, 388, 0.1699436741521585
458, 122, -12.099999999999973, 391, 0.12707292300552542
459, 61, -5.999999999999995, 386, 0.10757025105504736
460, 70, -6.8999999999999915, 392, 0.13252737221017696
461, 58, -5.699999999999996, 393, 0.25404080044440747
462, 58, -5.699999999999996, 390, 0.14409277393575026
463, 131, -12.99999999999997, 391, 0.10942763465158656
464, 68, -6.699999999999992, 392, 0.1382306041415433
465, 89, -8.799999999999985, 393, 0.26421589734569284
466, 69, -6.799999999999992, 390, 0.1676614566669219
467, 98, -9.699999999999982, 386, 0.17555233683774096
468, 93, -9.199999999999983, 384, 0.10871100085755048
469, 56, -5.4999999999999964, 396, 0.14360236824909367
470, 49, -4.799999999999999, 393, 0.158861504851596
471, 225, -22.40000000000005, 396, 0.1829303842000476
472, 50, -4.899999999999999, 403, 0.1193600807510844
473, 62, -6.099999999999994, 398, 0.1318058831169724
474, 225, -22.40000000000005, 402, 0.15356683346671085
475, 58, -5.699999999999996, 412, 0.15952485492727586
476, 54, -5.299999999999997, 389, 0.1606191456243249
477, 122, -12.099999999999973, 405, 0.12490686719957034
478, 110, -10.899999999999977, 396, 0.2439187179286888
479, 56, -5.4999999999999964, 409, 0.13135300902515468
480, 83, -8.199999999999987, 382, 0.11988898235408346
481, 50, -4.899999999999999, 400, 0.16809809988166124
482, 225, -22.40000000000005, 403, 0.15897061978760751
483, 63, -6.199999999999994, 396, 0.13409815785539791
484, 71, -6.999999999999991, 397, 0.13856870828180012
485, 97, -9.599999999999982, 409, 0.15539311727621552
486, 60, -5.899999999999995, 393, 0.09705764270500716
487, 73, -7.19999999999999, 403, 0.1763930301092116
488, 56, -5.4999999999999964, 399, 0.16176190654629663
489, 60, -5.899999999999995, 404, 0.13225493986978742
490, 88, -8.699999999999985, 393, 0.12987582129510233
491, 110, -10.899999999999977, 398, 0.1295338156171737
492, 103, -10.19999999999998, 399, 0.11215018276161715
493, 56, -5.4999999999999964, 404, 0.12113602278609159
494, 80, -7.899999999999988, 400, 0.13414687754683108
495, 95, -9.399999999999983, 401, 0.18563328995338077
496, 63, -6.199999999999994, 405, 0.1253872423819402
497, 73, -7.19999999999999, 408, 0.13568991361225002
498, 131, -12.99999999999997, 407, 0.20744976136183046
499, 88, -8.699999999999985, 412, 0.20706136991677582
500, 104, -10.29999999999998, 417, 0.1567352446094421
501, 59, -5.799999999999995, 402, 0.09526887832274822
502, 77, -7.599999999999989, 417, 0.19821702650072126
503, 102, -10.09999999999998, 408, 0.18846253700428006
504, 81, -7.999999999999988, 417, 0.14732327744981633
505, 66, -6.499999999999993, 415, 0.14854524248033485
506, 61, -5.999999999999995, 400, 0.12282899474708264
507, 70, -6.8999999999999915, 411, 0.10700886777026541
508, 50, -4.899999999999999, 406, 0.1691066368964813
509, 131, -12.99999999999997, 424, 0.10786040475992209
510, 64, -6.299999999999994, 405, 0.15222663125010705
511, 152, -15.099999999999962, 423, 0.13679382385087813
512, 61, -5.999999999999995, 414, 0.27912550169291483
513, 57, -5.599999999999996, 414, 0.11593916348397806
514, 65, -6.399999999999993, 412, 0.1411273832512041
515, 183, -18.19999999999999, 411, 0.12613561699775566
516, 161, -15.99999999999996, 409, 0.195819259691552
517, 81, -7.999999999999988, 414, 0.18652279069919453
518, 215, -21.400000000000034, 408, 0.1153625352313421
519, 80, -7.899999999999988, 423, 0.11814346979308965
520, 62, -6.099999999999994, 419, 0.12488874251040027
521, 138, -13.699999999999967, 418, 0.06744864800938055
522, 102, -10.09999999999998, 413, 0.11619156074008608
523, 66, -6.499999999999993, 414, 0.12497855523044721
524, 72, -7.099999999999991, 442, 0.1284450619008759
525, 59, -5.799999999999995, 425, 0.17626069506502295
526, 92, -9.099999999999984, 431, 0.2517119669019823
527, 88, -8.699999999999985, 420, 0.18756171511755548
528, 54, -5.299999999999997, 426, 0.09203745564194721
529, 162, -16.09999999999996, 419, 0.1281356109635341
530, 56, -5.4999999999999964, 429, 0.09385504160106395
531, 56, -5.4999999999999964, 422, 0.1478640130112439
532, 116, -11.499999999999975, 425, 0.16855445147262382
533, 71, -6.999999999999991, 426, 0.1724608339423681
534, 56, -5.4999999999999964, 437, 0.18854669102067723
535, 61, -5.999999999999995, 420, 0.17397659871219417
536, 53, -5.1999999999999975, 426, 0.18386331892839358
537, 85, -8.399999999999986, 418, 0.11202829224494021
538, 141, -13.999999999999966, 411, 0.1223023778069347
539, 51, -4.999999999999998, 427, 0.13494703230368188
540, 55, -5.399999999999997, 429, 0.13432848442622625
541, 59, -5.799999999999995, 417, 0.18785803684135582
542, 80, -7.899999999999988, 423, 0.11115666516073655
543, 225, -22.40000000000005, 438, 0.15132074582966748
544, 138, -13.699999999999967, 427, 0.13540179487376003
545, 70, -6.8999999999999915, 424, 0.1052925866556097
546, 49, -4.799999999999999, 424, 0.11858336893034249
547, 75, -7.39999999999999, 432, 0.10293014987708182
548, 88, -8.699999999999985, 433, 0.15021108854381282
549, 77, -7.599999999999989, 430, 0.16786118567901553
550, 144, -14.299999999999965, 427, 0.12494353559788496
551, 78, -7.699999999999989, 434, 0.15417050201706123
552, 163, -16.19999999999996, 435, 0.14404307304967157
553, 164, -16.29999999999996, 425, 0.13625203871462244
554, 143, -14.199999999999966, 433, 0.1775522094963602
555, 209, -20.800000000000026, 438, 0.1879075315334635
556, 73, -7.19999999999999, 435, 0.1572112608871299
557, 64, -6.299999999999994, 443, 0.1109927892106557
558, 59, -5.799999999999995, 437, 0.1294728723462617
559, 60, -5.899999999999995, 432, 0.10675508927639271
560, 51, -4.999999999999998, 434, 0.19805763446291103
561, 104, -10.29999999999998, 446, 0.1104839607358229
562, 48, -4.699999999999999, 433, 0.10273105255256976
563, 64, -6.299999999999994, 432, 0.13170425809423048
564, 91, -8.999999999999984, 435, 0.1767603470418797
565, 97, -9.599999999999982, 449, 0.12181787150995493
566, 60, -5.899999999999995, 430, 0.12638149563799317
567, 108, -10.699999999999978, 429, 0.2197721457025099
568, 62, -6.099999999999994, 446, 0.1705197205248563
569, 60, -5.899999999999995, 436, 0.13030940815492986
570, 59, -5.799999999999995, 443, 0.19547714251806347
571, 68, -6.699999999999992, 439, 0.14613998242505222
572, 225, -22.40000000000005, 448, 0.2604128178061911
573, 88, -8.699999999999985, 439, 0.11955352786604956
574, 98, -9.699999999999982, 441, 0.12780419218128003
575, 69, -6.799999999999992, 434, 0.08042606891432147
576, 52, -5.099999999999998, 446, 0.10975988740267706
577, 60, -5.899999999999995, 450, 0.17189329449984148
578, 80, -7.899999999999988, 442, 0.09696836362756844
579, 68, -6.699999999999992, 447, 0.13915758905753872
580, 54, -5.299999999999997, 442, 0.17809866662757123
581, 78, -7.699999999999989, 439, 0.2528260835085634
582, 95, -9.399999999999983, 447, 0.11420002024117437
583, 78, -7.699999999999989, 448, 0.13565766971013304
584, 64, -6.299999999999994, 441, 0.18209690993693495
585, 95, -9.399999999999983, 446, 0.14253509196965614
586, 81, -7.999999999999988, 444, 0.2707904152825322
587, 213, -21.20000000000003, 455, 0.17011348246389202
588, 54, -5.299999999999997, 442, 0.1853323269887479
589, 59, -5.799999999999995, 452, 0.16649827495330216
590, 225, -22.40000000000005, 454, 0.139221936820781
591, 95, -9.399999999999983, 447, 0.14821410778668564
592, 75, -7.39999999999999, 451, 0.13247212990884583
593, 54, -5.299999999999997, 450, 0.2313998331562095
594, 63, -6.199999999999994, 448, 0.11050292122539673
595, 219, -21.80000000000004, 450, 0.15490334810896045
596, 76, -7.499999999999989, 454, 0.14254043131328586
597, 59, -5.799999999999995, 449, 0.14421705008340124
598, 83, -8.199999999999987, 454, 0.20242006454079187
599, 85, -8.399999999999986, 450, 0.10300739321584862
600, 63, -6.199999999999994, 463, 0.12608095790554463
601, 77, -7.599999999999989, 447, 0.14538219555485643
602, 60, -5.899999999999995, 459, 0.12731919811769887
603, 55, -5.399999999999997, 446, 0.20472170052387617
604, 62, -6.099999999999994, 474, 0.14224748361896067
605, 57, -5.599999999999996, 444, 0.12420867368980382
606, 145, -14.399999999999965, 455, 0.13415361433379758
607, 62, -6.099999999999994, 448, 0.14457737911671065
608, 76, -7.499999999999989, 449, 0.18385711209042954
609, 72, -7.099999999999991, 449, 0.16199384210593415
610, 129, -12.79999999999997, 462, 0.15582494728253815
611, 172, -17.099999999999973, 453, 0.11291098392030502
612, 85, -8.399999999999986, 456, 0.13424474355889826
613, 225, -22.40000000000005, 460, 0.12395389779745491
614, 73, -7.19999999999999, 478, 0.1680573636274385
615, 55, -5.399999999999997, 458, 0.11113987970775768
616, 57, -5.599999999999996, 459, 0.15408323216879305
617, 56, -5.4999999999999964, 465, 0.12466697883820066
618, 71, -6.999999999999991, 452, 0.2874843967418541
619, 57, -5.599999999999996, 473, 0.13544048821335464
620, 57, -5.599999999999996, 465, 0.11125704228161482
621, 67, -6.5999999999999925, 467, 0.17002088928697034
622, 59, -5.799999999999995, 470, 0.13575839144621415
623, 105, -10.399999999999979, 467, 0.13511904293366644
624, 64, -6.299999999999994, 459, 0.10931669922159903
625, 225, -22.40000000000005, 459, 0.158438748819536
626, 51, -4.999999999999998, 478, 0.1483349983220586
627, 90, -8.899999999999984, 458, 0.12781799938813054
628, 87, -8.599999999999985, 462, 0.1317473131619984
629, 72, -7.099999999999991, 464, 0.10003174984681018
630, 67, -6.5999999999999925, 460, 0.16007215324619384
631, 80, -7.899999999999988, 475, 0.1307964179771619
632, 52, -5.099999999999998, 472, 0.17541461014020876
633, 49, -4.799999999999999, 482, 0.18144997627056014
634, 108, -10.699999999999978, 482, 0.21173720333053092
635, 87, -8.599999999999985, 468, 0.17228264461237064
636, 60, -5.899999999999995, 476, 0.16547654595725403
637, 102, -10.09999999999998, 477, 0.09296051572081776
638, 103, -10.19999999999998, 473, 0.14658509259686436
639, 79, -7.799999999999988, 468, 0.17294060776489362
640, 75, -7.39999999999999, 467, 0.12347952101294801
641, 54, -5.299999999999997, 477, 0.12001536433774307
642, 96, -9.499999999999982, 468, 0.16065277316647908
643, 96, -9.499999999999982, 464, 0.10267077154128312
644, 88, -8.699999999999985, 475, 0.1095311629417115
645, 51, -4.999999999999998, 474, 0.1313135398524008
646, 74, -7.29999999999999, 480, 0.24343205296649129
647, 52, -5.099999999999998, 477, 0.10563702055320001
648, 48, -4.699999999999999, 469, 0.13891162124560807
649, 64, -6.299999999999994, 472, 0.13066571163560692
650, 60, -5.899999999999995, 466, 0.1336309841443229
651, 169, -16.79999999999997, 480, 0.1366930356324012
652, 56, -5.4999999999999964, 472, 0.12260538532320853
653, 71, -6.999999999999991, 476, 0.12935323617660677
654, 44, -4.300000000000001, 471, 0.16095683986938925
655, 64, -6.299999999999994, 474, 0.14004076949193323
656, 58, -5.699999999999996, 478, 0.13809193522679397
657, 83, -8.199999999999987, 483, 0.11453149877946922
658, 60, -5.899999999999995, 478, 0.12241468504181274
659, 63, -6.199999999999994, 473, 0.12193675414397553
660, 60, -5.899999999999995, 473, 0.1707326663656792
661, 77, -7.599999999999989, 484, 0.1056216201422524
662, 140, -13.899999999999967, 470, 0.16895859498281474
663, 57, -5.599999999999996, 478, 0.11021281010739548
664, 97, -9.599999999999982, 482, 0.13713861075392675
665, 113, -11.199999999999976, 487, 0.12529089059624665
666, 44, -4.300000000000001, 483, 0.2200916474841213
667, 53, -5.1999999999999975, 480, 0.09791027464596258
668, 49, -4.799999999999999, 483, 0.11958303482121173
669, 98, -9.699999999999982, 488, 0.16463305596204147
670, 56, -5.4999999999999964, 482, 0.12509235972913268
671, 59, -5.799999999999995, 483, 0.1364380960171725
672, 128, -12.69999999999997, 491, 0.1406708646013568
673, 153, -15.199999999999962, 501, 0.1377941411137531
674, 62, -6.099999999999994, 493, 0.11573341989597719
675, 84, -8.299999999999986, 499, 0.17845999289212666
676, 68, -6.699999999999992, 481, 0.12756630940346003
677, 53, -5.1999999999999975, 480, 0.12245083061150042
678, 121, -11.999999999999973, 488, 0.12374279858508874
679, 46, -4.5, 476, 0.10018876206624405
680, 68, -6.699999999999992, 493, 0.10310466257096618
681, 108, -10.699999999999978, 483, 0.13819455784550913
682, 89, -8.799999999999985, 491, 0.15049208363451794
683, 92, -9.099999999999984, 502, 0.25547222871748243
684, 84, -8.299999999999986, 491, 0.18165436557682746
685, 64, -6.299999999999994, 485, 0.18337336994799225
686, 55, -5.399999999999997, 489, 0.1513043243312049
687, 64, -6.299999999999994, 496, 0.2103805408687931
688, 56, -5.4999999999999964, 499, 0.12207771037513826
689, 180, -17.899999999999984, 499, 0.13570681036924803
690, 55, -5.399999999999997, 490, 0.09007956716886545
691, 225, -22.40000000000005, 488, 0.21630613852726288
692, 60, -5.899999999999995, 496, 0.14112852008552434
693, 65, -6.399999999999993, 497, 0.17213436393381
694, 68, -6.699999999999992, 497, 0.18297572716475383
695, 81, -7.999999999999988, 499, 0.12222644038890795
696, 61, -5.999999999999995, 499, 0.13063392213825242
697, 84, -8.299999999999986, 492, 0.2320744653462541
698, 126, -12.499999999999972, 499, 0.2538740886148263
699, 64, -6.299999999999994, 492, 0.13242685473423244
700, 118, -11.699999999999974, 501, 0.10684428478387131
701, 112, -11.099999999999977, 501, 0.14201067443926618
702, 76, -7.499999999999989, 503, 0.1244795004130359
703, 136, -13.499999999999968, 502, 0.13646608390807158
704, 131, -12.99999999999997, 498, 0.12687166494392788
705, 225, -22.40000000000005, 513, 0.1326750663369447
706, 112, -11.099999999999977, 500, 0.11912540421263751
707, 83, -8.199999999999987, 504, 0.16708089704261764
708, 50, -4.899999999999999, 502, 0.16781110500695268
709, 51, -4.999999999999998, 498, 0.12867965424987693
710, 105, -10.399999999999979, 509, 0.12123636119766523
711, 57, -5.599999999999996, 503, 0.09647484493246239
712, 57, -5.599999999999996, 500, 0.06732440157339115
713, 60, -5.899999999999995, 506, 0.1555449295840543
714, 109, -10.799999999999978, 508, 0.14504677198715754
715, 75, -7.39999999999999, 497, 0.17498598705301838
716, 96, -9.499999999999982, 510, 0.1413924363511398
717, 65, -6.399999999999993, 507, 0.1303694290267483
718, 77, -7.599999999999989, 501, 0.13632350456042064
719, 61, -5.999999999999995, 506, 0.19678448101320456
720, 63, -6.199999999999994, 504, 0.09123797000580591
721, 93, -9.199999999999983, 500, 0.11943137996494935
722, 69, -6.799999999999992, 511, 0.11454053095486594
723, 225, -22.40000000000005, 511, 0.20759524725898748
724, 64, -6.299999999999994, 508, 0.14889237522471716
725, 128, -12.69999999999997, 519, 0.19198079538958446
726, 67, -6.5999999999999925, 509, 0.15778184458971545
727, 107, -10.599999999999978, 514, 0.14114507916195873
728, 55, -5.399999999999997, 508, 0.17338187104988512
729, 57, -5.599999999999996, 517, 0.16651598596728645
730, 103, -10.19999999999998, 502, 0.07977384821436906
731, 172, -17.099999999999973, 519, 0.18217552403977622
732, 53, -5.1999999999999975, 510, 0.1324953454259019
733, 55, -5.399999999999997, 509, 0.1331380022228652
734, 82, -8.099999999999987, 519, 0.09257942574354905
735, 66, -6.499999999999993, 509, 0.10796558906074788
736, 104, -10.29999999999998, 508, 0.117486820315293
737, 58, -5.699999999999996, 518, 0.12356643741701046
738, 58, -5.699999999999996, 521, 0.15254005109440422
739, 66, -6.499999999999993, 512, 0.1341812582462354
740, 80, -7.899999999999988, 515, 0.1661489841857703
741, 120, -11.899999999999974, 517, 0.14805270329833098
742, 146, -14.499999999999964, 521, 0.23239462541088907
743, 52, -5.099999999999998, 512, 0.11708211167033467
744, 87, -8.599999999999985, 518, 0.20695577835537815
745, 84, -8.299999999999986, 517, 0.1276770068692561
746, 130, -12.89999999999997, 530, 0.16802063462139905
747, 184, -18.29999999999999, 520, 0.162870056888472
748, 59, -5.799999999999995, 518, 0.13283845760876023
749, 72, -7.099999999999991, 525, 0.13457321411743273
750, 106, -10.499999999999979, 528, 0.19334301583372682
751, 132, -13.09999999999997, 519, 0.13324349961426551
752, 69, -6.799999999999992, 532, 0.15804420233125116
753, 59, -5.799999999999995, 527, 0.14322828226962336
754, 165, -16.399999999999963, 521, 0.14249148297576442
755, 69, -6.799999999999992, 521, 0.18002362865110744
756, 132, -13.09999999999997, 516, 0.10083374884434664
757, 60, -5.899999999999995, 524, 0.13345512444794405
758, 90, -8.899999999999984, 519, 0.160962839647949
759, 136, -13.499999999999968, 537, 0.1374786651532589
760, 68, -6.699999999999992, 521, 0.13791740201397928
761, 61, -5.999999999999995, 521, 0.12789533592080443
762, 74, -7.29999999999999, 518, 0.10491602278863077
763, 70, -6.8999999999999915, 521, 0.11518054800955069
764, 58, -5.699999999999996, 532, 0.13509968170685638
765, 94, -9.299999999999983, 535, 0.10908762269074945
766, 110, -10.899999999999977, 537, 0.10405445835644511
767, 46, -4.5, 547, 0.1740879917049165
768, 63, -6.199999999999994, 525, 0.1489023439940506
769, 63, -6.199999999999994, 532, 0.11480740375998821
770, 48, -4.699999999999999, 529, 0.1430618746630144
771, 63, -6.199999999999994, 536, 0.10160762580287797
772, 140, -13.899999999999967, 518, 0.13711360412591256
773, 54, -5.299999999999997, 527, 0.10325613144350188
774, 54, -5.299999999999997, 529, 0.1487667857670485
775, 47, -4.6, 541, 0.14804005425732641
776, 70, -6.8999999999999915, 535, 0.09965995290585994
777, 78, -7.699999999999989, 529, 0.18564353849171922
778, 92, -9.099999999999984, 531, 0.1183825643146037
779, 63, -6.199999999999994, 536, 0.12843506482616762
780, 112, -11.099999999999977, 540, 0.16779506885544304
781, 60, -5.899999999999995, 529, 0.12139168713185644
782, 55, -5.399999999999997, 525, 0.18921345106881193
783, 56, -5.4999999999999964, 528, 0.08249125360161513
784, 65, -6.399999999999993, 537, 0.22436508793875287
785, 124, -12.299999999999972, 533, 0.15854222260038991
786, 53, -5.1999999999999975, 526, 0.11966346722327437
787, 161, -15.99999999999996, 545, 0.17639817027925941
788, 61, -5.999999999999995, 553, 0.16683866266190805
789, 120, -11.899999999999974, 529, 0.17561873541422512
790, 76, -7.499999999999989, 548, 0.12254353090889136
791, 49, -4.799999999999999, 533, 0.09875734994388985
792, 90, -8.899999999999984, 537, 0.1321485588569269
793, 225, -22.40000000000005, 543, 0.13491190172140977
794, 64, -6.299999999999994, 532, 0.16887865427805915
795, 79, -7.799999999999988, 545, 0.17600431317073228
796, 67, -6.5999999999999925, 534, 0.12164554546798056
797, 59, -5.799999999999995, 532, 0.15409388305050342
798, 225, -22.40000000000005, 538, 0.1748777940307038
799, 58, -5.699999999999996, 533, 0.14620682450211753
800, 58, -5.699999999999996, 538, 0.18000545543105984
801, 115, -11.399999999999975, 550, 0.12184190242995152
802, 71, -6.999999999999991, 547, 0.11629903171946987
803, 69, -6.799999999999992, 559, 0.1511199557019438
804, 63, -6.199999999999994, 540, 0.1313011081250366
805, 89, -8.799999999999985, 542, 0.11242255553881553
806, 87, -8.599999999999985, 555, 0.1509043425365273
807, 106, -10.499999999999979, 553, 0.15096306508186624
808, 68, -6.699999999999992, 560, 0.17442668782282333
809, 89, -8.799999999999985, 546, 0.16516851565860446
810, 94, -9.299999999999983, 544, 0.11697954188812054
811, 59, -5.799999999999995, 553, 0.2239133012959913
812, 48, -4.699999999999999, 551, 0.19300080519303275
813, 119, -11.799999999999974, 558, 0.18042385582464626
814, 64, -6.299999999999994, 570, 0.13723433636302484
815, 65, -6.399999999999993, 555, 0.21078510908367276
816, 64, -6.299999999999994, 563, 0.1466477231846155
817, 109, -10.799999999999978, 543, 0.11854525375028668
818, 90, -8.899999999999984, 533, 0.11549415038535571
819, 153, -15.199999999999962, 564, 0.12464781100176836
820, 69, -6.799999999999992, 557, 0.17856313933558043
821, 81, -7.999999999999988, 544, 0.15106030136202875
822, 69, -6.799999999999992, 552, 0.0938257888279761
823, 225, -22.40000000000005, 555, 0.11728702288615733
824, 133, -13.199999999999969, 552, 0.14386072119994964
825, 61, -5.999999999999995, 552, 0.12323260760556254
826, 110, -10.899999999999977, 555, 0.1738611720646841
827, 62, -6.099999999999994, 549, 0.1857379209554515
828, 145, -14.399999999999965, 566, 0.18968572893964664
829, 54, -5.299999999999997, 553, 0.12566581190928838
830, 65, -6.399999999999993, 555, 0.12693208933550948
831, 47, -4.6, 552, 0.11703790753899862
832, 57, -5.599999999999996, 553, 0.1753105172976719
833, 137, -13.599999999999968, 551, 0.14608781704880536
834, 225, -22.40000000000005, 567, 0.12033850978392646
835, 46, -4.5, 555, 0.2209567347510606
836, 149, -14.799999999999963, 551, 0.11849396355231834
837, 95, -9.399999999999983, 566, 0.16154432392300277
838, 90, -8.899999999999984, 556, 0.1313746449315074
839, 98, -9.699999999999982, 552, 0.13575311363663367
840, 143, -14.199999999999966, 560, 0.14230188901676932
841, 61, -5.999999999999995, 565, 0.12128874094520214
842, 52, -5.099999999999998, 560, 0.189617314436618
843, 84, -8.299999999999986, 570, 0.16780407547112208
844, 64, -6.299999999999994, 555, 0.14333651022145855
845, 145, -14.399999999999965, 563, 0.1378202787049594
846, 177, -17.59999999999998, 565, 0.11528593681093169
847, 66, -6.499999999999993, 565, 0.11486006277395377
848, 86, -8.499999999999986, 565, 0.17200848749290465
849, 51, -4.999999999999998, 564, 0.08729116623259348
850, 86, -8.499999999999986, 563, 0.11038476548011156
851, 63, -6.199999999999994, 563, 0.10473596457868828
852, 72, -7.099999999999991, 567, 0.2142816032861541
853, 93, -9.199999999999983, 577, 0.08276577145591979
854, 105, -10.399999999999979, 568, 0.11017529938530402
855, 112, -11.099999999999977, 560, 0.2015352622149571
856, 88, -8.699999999999985, 575, 0.17416234831168542
857, 110, -10.899999999999977, 570, 0.13262948907229144
858, 219, -21.80000000000004, 579, 0.11524592364469735
859, 51, -4.999999999999998, 568, 0.14249907150847818
860, 50, -4.899999999999999, 565, 0.10062380344853938
861, 83, -8.199999999999987, 570, 0.1525345876656523
862, 98, -9.699999999999982, 568, 0.1529487673960439
863, 56, -5.4999999999999964, 573, 0.11261999142306316
864, 177, -17.59999999999998, 568, 0.1500000048858598
865, 68, -6.699999999999992, 561, 0.09532740669175288
866, 57, -5.599999999999996, 574, 0.09456353700664799
867, 66, -6.499999999999993, 566, 0.14247502766977044
868, 54, -5.299999999999997, 579, 0.11859125504332857
869, 71, -6.999999999999991, 585, 0.12288117187069131
870, 61, -5.999999999999995, 576, 0.22529186802603673
871, 60, -5.899999999999995, 571, 0.12396656081641622
872, 60, -5.899999999999995, 590, 0.15169719513778968
873, 54, -5.299999999999997, 585, 0.16654426781342435
874, 114, -11.299999999999976, 594, 0.10671979709976326
875, 88, -8.699999999999985, 574, 0.17336101984065233
876, 67, -6.5999999999999925, 577, 0.16941876466253403
877, 73, -7.19999999999999, 569, 0.20126819576048915
878, 72, -7.099999999999991, 578, 0.17941754178761182
879, 58, -5.699999999999996, 584, 0.1281970773330381
880, 52, -5.099999999999998, 591, 0.1407632979860196
881, 58, -5.699999999999996, 574, 0.14655280701794426
882, 68, -6.699999999999992, 583, 0.12374861526699393
883, 55, -5.399999999999997, 581, 0.12693392216774568
884, 66, -6.499999999999993, 578, 0.12302525413169318
885, 163, -16.19999999999996, 586, 0.17228241752025886
886, 57, -5.599999999999996, 582, 0.12667778492840986
887, 112, -11.099999999999977, 585, 0.13219591807942255
888, 57, -5.599999999999996, 586, 0.09438247673554656
889, 68, -6.699999999999992, 590, 0.17924600197613394
890, 145, -14.399999999999965, 580, 0.10117422924559882
891, 57, -5.599999999999996, 584, 0.10418861351855191
892, 95, -9.399999999999983, 569, 0.1836149554996751
893, 71, -6.999999999999991, 590, 0.1007606772048047
894, 54, -5.299999999999997, 584, 0.1665433203593354
895, 55, -5.399999999999997, 579, 0.13025241187071357
896, 139, -13.799999999999967, 590, 0.11791881294359907
897, 49, -4.799999999999999, 585, 0.14384461194713605
898, 74, -7.29999999999999, 593, 0.12589755376122858
899, 59, -5.799999999999995, 607, 0.11972859098468902
900, 58, -5.699999999999996, 595, 0.148053454024885
901, 140, -13.899999999999967, 583, 0.11727690664320534
902, 56, -5.4999999999999964, 594, 0.08243256581056357
903, 116, -11.499999999999975, 586, 0.11277149016122934
904, 62, -6.099999999999994, 591, 0.11639314990610539
905, 55, -5.399999999999997, 588, 0.15805398821003291
906, 53, -5.1999999999999975, 595, 0.18196299183740017
907, 76, -7.499999999999989, 597, 0.11757039256176194
908, 67, -6.5999999999999925, 585, 0.12769841157258455
909, 69, -6.799999999999992, 600, 0.12794671791520695
910, 59, -5.799999999999995, 598, 0.16457462154243485
911, 56, -5.4999999999999964, 621, 0.10565737989941554
912, 55, -5.399999999999997, 603, 0.12275806749817464
913, 48, -4.699999999999999, 592, 0.1477889392907663
914, 62, -6.099999999999994, 587, 0.1466338159932119
915, 47, -4.6, 602, 0.1365122475667342
916, 80, -7.899999999999988, 595, 0.25897627256807265
917, 108, -10.699999999999978, 589, 0.12391517802362917
918, 117, -11.599999999999975, 594, 0.17751453700318187
919, 62, -6.099999999999994, 603, 0.13724136044723667
920, 54, -5.299999999999997, 597, 0.13190034770423775
921, 54, -5.299999999999997, 604, 0.0932861321105567
922, 97, -9.599999999999982, 606, 0.11680755059841696
923, 147, -14.599999999999964, 607, 0.1276153409215537
924, 109, -10.799999999999978, 598, 0.18937746977519115
925, 98, -9.699999999999982, 604, 0.10331343078036292
926, 53, -5.1999999999999975, 601, 0.19126831387607757
927, 96, -9.499999999999982, 599, 0.13314777546312634
928, 53, -5.1999999999999975, 600, 0.11815348580392904
929, 73, -7.19999999999999, 606, 0.13433056695712642
930, 103, -10.19999999999998, 620, 0.13934697581321598
931, 76, -7.499999999999989, 602, 0.09762230085715684
932, 89, -8.799999999999985, 592, 0.13931878920749274
933, 56, -5.4999999999999964, 588, 0.1109749084509315
934, 110, -10.899999999999977, 591, 0.14685237118927574
935, 150, -14.899999999999963, 597, 0.13583930782707088
936, 145, -14.399999999999965, 606, 0.16405240137345878
937, 154, -15.299999999999962, 596, 0.15751662808472844
938, 78, -7.699999999999989, 610, 0.16938130264704165
939, 54, -5.299999999999997, 608, 0.12554829521073385
940, 123, -12.199999999999973, 601, 0.13422130290241885
941, 48, -4.699999999999999, 596, 0.12154895692877288
942, 99, -9.799999999999981, 604, 0.16872148214364113
943, 56, -5.4999999999999964, 609, 0.17075032742925922
944, 53, -5.1999999999999975, 598, 0.09538875581700745
945, 54, -5.299999999999997, 606, 0.1325412284199049
946, 61, -5.999999999999995, 606, 0.13672933713747681
947, 56, -5.4999999999999964, 594, 0.11878243957645607
948, 129, -12.79999999999997, 602, 0.18423553557657124
949, 61, -5.999999999999995, 605, 0.1803400416108074
950, 66, -6.499999999999993, 604, 0.10382903727955983
951, 71, -6.999999999999991, 614, 0.12722995067284115
952, 171, -16.99999999999997, 609, 0.16101402593289038
953, 88, -8.699999999999985, 617, 0.13984411019698406
954, 64, -6.299999999999994, 609, 0.1709340816905891
955, 95, -9.399999999999983, 617, 0.13558459878024154
956, 84, -8.299999999999986, 606, 0.1278386273857275
957, 86, -8.499999999999986, 601, 0.10524828048956814
958, 88, -8.699999999999985, 607, 0.14314786358787668
959, 52, -5.099999999999998, 609, 0.13903193607146802
960, 77, -7.599999999999989, 610, 0.13068527761238347
961, 89, -8.799999999999985, 609, 0.10783443118402136
962, 117, -11.599999999999975, 604, 0.11643380718598229
963, 80, -7.899999999999988, 626, 0.1006615103909887
964, 92, -9.099999999999984, 622, 0.11634429592411588
965, 85, -8.399999999999986, 622, 0.14219446583762596
966, 225, -22.40000000000005, 611, 0.17295375882090358
967, 100, -9.89999999999998, 611, 0.13990193243525617
968, 52, -5.099999999999998, 614, 0.1762196419641917
969, 119, -11.799999999999974, 624, 0.13873726226910943
970, 71, -6.999999999999991, 625, 0.1771298764773208
971, 109, -10.799999999999978, 616, 0.13118019875742526
972, 46, -4.5, 610, 0.15011381915311217
973, 54, -5.299999999999997, 614, 0.1329304896578416
974, 82, -8.099999999999987, 618, 0.1469217411274908
975, 127, -12.599999999999971, 630, 0.10213616743404896
976, 44, -4.300000000000001, 633, 0.1746877322850917
977, 156, -15.499999999999961, 624, 0.184755960339531
978, 69, -6.799999999999992, 627, 0.11095226345791032
979, 112, -11.099999999999977, 626, 0.15842115002545798
980, 53, -5.1999999999999975, 614, 0.14301622990078577
981, 48, -4.699999999999999, 624, 0.11188842018350798
982, 48, -4.699999999999999, 614, 0.14197866497355927
983, 62, -6.099999999999994, 628, 0.11551010119746774
984, 173, -17.199999999999974, 627, 0.10399788722597159
985, 74, -7.29999999999999, 630, 0.13965989748656288
986, 81, -7.999999999999988, 620, 0.20643313431502142
987, 57, -5.599999999999996, 612, 0.1706911685142276
988, 162, -16.09999999999996, 624, 0.13213678489344177
989, 61, -5.999999999999995, 643, 0.1713158638736596
990, 54, -5.299999999999997, 636, 0.11072620183013493
991, 66, -6.499999999999993, 634, 0.17323577557082492
992, 63, -6.199999999999994, 633, 0.11539466787627639
993, 71, -6.999999999999991, 635, 0.16274537670179168
994, 62, -6.099999999999994, 623, 0.09584005548032232
995, 118, -11.699999999999974, 634, 0.10508098696381252
996, 52, -5.099999999999998, 635, 0.12343138077816906
997, 96, -9.499999999999982, 631, 0.2073960454325927
998, 62, -6.099999999999994, 647, 0.11578275009597627
999, 59, -5.799999999999995, 639, 0.21005588644880602
1000, 47, -4.6, 635, 0.1629827833103914
