Episode, Steps, Reward, Time (in milliseconds), Convergence
1, 225, -22.40000000000005, 60, 1.0161686163452295
2, 225, -22.40000000000005, 82, 0.14649939599291473
3, 225, -22.40000000000005, 87, 0.8826043749999999
4, 225, -22.40000000000005, 124, 0.11541290089188294
5, 225, -22.40000000000005, 123, 0.13078279896734757
6, 225, -22.40000000000005, 136, 0.11052622366689147
7, 225, -22.40000000000005, 155, 0.12513345640643103
8, 225, -22.40000000000005, 177, 1.0026389233697994
9, 225, -22.40000000000005, 133, 0.4573449871550681
10, 225, -22.40000000000005, 166, 0.9977533309440887
11, 225, -22.40000000000005, 167, 0.8787226950921354
12, 225, -22.40000000000005, 183, 0.11886444565381582
13, 225, -22.40000000000005, 224, 0.5484723276407371
14, 225, -22.40000000000005, 231, 0.13032778020404168
15, 75, -7.39999999999999, 269, 0.958408271681868
16, 220, -21.90000000000004, 236, 0.12918571037443982
17, 225, -22.40000000000005, 237, 0.14072313786046386
18, 225, -22.40000000000005, 259, 0.08959630751151515
19, 225, -22.40000000000005, 244, 0.8787136434295557
20, 225, -22.40000000000005, 258, 0.13665994613140553
21, 225, -22.40000000000005, 275, 0.09894300788150101
22, 225, -22.40000000000005, 262, 0.1324582403667558
23, 225, -22.40000000000005, 287, 0.16476154581059888
24, 225, -22.40000000000005, 335, 1.0403208506546955
25, 145, -14.399999999999965, 286, 0.15025547737422107
26, 179, -17.799999999999983, 325, 0.12301274545727736
27, 95, -9.399999999999983, 299, 0.13922725877304032
28, 225, -22.40000000000005, 321, 1.015508565947692
29, 87, -8.599999999999985, 308, 0.12467630988571687
30, 102, -10.09999999999998, 325, 0.1971284623102172
31, 87, -8.599999999999985, 325, 0.1492926432216013
32, 216, -21.500000000000036, 343, 1.0719915172234207
33, 158, -15.69999999999996, 384, 0.1798560494819692
34, 121, -11.999999999999973, 353, 1.0272676096930928
35, 67, -6.5999999999999925, 365, 1.0185966958524206
36, 126, -12.499999999999972, 367, 0.15923455142486054
37, 225, -22.40000000000005, 372, 0.17113884292440362
38, 86, -8.499999999999986, 402, 0.1717903589047498
39, 225, -22.40000000000005, 333, 0.11060691697334812
40, 53, -5.1999999999999975, 382, 0.15821663189827317
41, 225, -22.40000000000005, 389, 0.15870613680780554
42, 90, -8.899999999999984, 369, 0.12674454096447096
43, 225, -22.40000000000005, 372, 0.14947686085695633
44, 171, -16.99999999999997, 414, 0.12625012671407432
45, 93, -9.199999999999983, 420, 0.175103986222942
46, 114, -11.299999999999976, 390, 0.1604818618425563
47, 104, -10.29999999999998, 419, 0.18157479250547404
48, 225, -22.40000000000005, 410, 0.22238040782013435
49, 63, -6.199999999999994, 378, 0.13681315439439823
50, 225, -22.40000000000005, 453, 1.0109608254571887
51, 124, -12.299999999999972, 446, 0.14383789264281344
52, 225, -22.40000000000005, 418, 0.1851443294722921
53, 129, -12.79999999999997, 406, 0.16617244183355195
54, 99, -9.799999999999981, 460, 0.9823519646358561
55, 61, -5.999999999999995, 482, 0.9285966934452885
56, 51, -4.999999999999998, 488, 0.2208617817987859
57, 60, -5.899999999999995, 451, 0.18904466585221757
58, 220, -21.90000000000004, 452, 0.166652475177117
59, 56, -5.4999999999999964, 468, 0.1679131013990275
60, 81, -7.999999999999988, 473, 0.21137016617231774
61, 56, -5.4999999999999964, 472, 0.12056585583012236
62, 74, -7.29999999999999, 459, 0.14651940237461059
63, 113, -11.199999999999976, 506, 0.9055731284988862
64, 91, -8.999999999999984, 516, 0.9214937310609446
65, 168, -16.699999999999967, 499, 1.0760458427213906
66, 69, -6.799999999999992, 516, 0.16576058248389558
67, 156, -15.499999999999961, 528, 0.14816872088809752
68, 201, -20.000000000000014, 552, 0.16787243986146194
69, 69, -6.799999999999992, 528, 0.18910331608117859
70, 75, -7.39999999999999, 519, 0.11750913020772424
71, 80, -7.899999999999988, 553, 1.1850985359760364
72, 117, -11.599999999999975, 523, 0.20884475872826758
73, 78, -7.699999999999989, 519, 0.17799307533167585
74, 64, -6.299999999999994, 530, 0.13992120831025545
75, 83, -8.199999999999987, 528, 0.15723496919238755
76, 69, -6.799999999999992, 548, 0.14517610702968486
77, 66, -6.499999999999993, 585, 0.1437687680926194
78, 68, -6.699999999999992, 607, 0.1408768293736511
79, 49, -4.799999999999999, 605, 0.1541646548365616
80, 157, -15.59999999999996, 560, 0.1552323147231096
81, 121, -11.999999999999973, 556, 0.1520339563323576
82, 119, -11.799999999999974, 627, 0.5309824778645633
83, 152, -15.099999999999962, 600, 0.1779198910117099
84, 171, -16.99999999999997, 590, 0.8441573461520573
85, 225, -22.40000000000005, 584, 0.10946505696701125
86, 76, -7.499999999999989, 628, 0.29173011907225166
87, 79, -7.799999999999988, 588, 0.13477821168048276
88, 225, -22.40000000000005, 584, 0.18266986261839357
89, 59, -5.799999999999995, 663, 0.17677007750395646
90, 94, -9.299999999999983, 662, 0.16269861827024323
91, 119, -11.799999999999974, 574, 0.15648457635523716
92, 93, -9.199999999999983, 619, 0.18890134928919444
93, 225, -22.40000000000005, 706, 0.17576352417080265
94, 104, -10.29999999999998, 614, 0.1929852498062843
95, 83, -8.199999999999987, 634, 0.14555382779839743
96, 109, -10.799999999999978, 622, 0.19400449795631847
97, 56, -5.4999999999999964, 650, 0.15012107844914668
98, 132, -13.09999999999997, 713, 0.9498696611940689
99, 148, -14.699999999999964, 648, 0.17726769402040388
100, 58, -5.699999999999996, 642, 1.051731344268329
101, 225, -22.40000000000005, 685, 0.20396809188579224
102, 133, -13.199999999999969, 715, 0.20490178950499072
103, 122, -12.099999999999973, 722, 0.1521804004787115
104, 72, -7.099999999999991, 689, 0.14763970039939994
105, 70, -6.8999999999999915, 684, 1.0141318323234763
106, 76, -7.499999999999989, 768, 0.14555843432057358
107, 153, -15.199999999999962, 686, 0.17357510855019376
108, 74, -7.29999999999999, 709, 0.13408165700398156
109, 67, -6.5999999999999925, 784, 0.1298229326134539
110, 147, -14.599999999999964, 677, 0.12916546617694813
111, 72, -7.099999999999991, 743, 0.12600232866290462
112, 91, -8.999999999999984, 713, 0.13496118608492935
113, 115, -11.399999999999975, 723, 0.1754639985411468
114, 131, -12.99999999999997, 735, 0.192409438453627
115, 90, -8.899999999999984, 771, 1.033773419662685
116, 113, -11.199999999999976, 696, 0.5664772584682729
117, 47, -4.6, 732, 0.1709258635957851
118, 132, -13.09999999999997, 743, 1.024304872787005
119, 94, -9.299999999999983, 775, 0.15420545499805094
120, 87, -8.599999999999985, 784, 0.17364589243201678
121, 180, -17.899999999999984, 788, 0.14184211332982777
122, 96, -9.499999999999982, 761, 0.18697765497022756
123, 154, -15.299999999999962, 790, 0.1554309219841954
124, 92, -9.099999999999984, 809, 0.13354572556517708
125, 98, -9.699999999999982, 802, 0.12493532707491717
126, 205, -20.40000000000002, 776, 0.13841431622460076
127, 225, -22.40000000000005, 788, 0.1512220796592299
128, 50, -4.899999999999999, 851, 0.17729621914583626
129, 76, -7.499999999999989, 731, 0.16117403440827305
130, 220, -21.90000000000004, 808, 0.15673294176275254
131, 55, -5.399999999999997, 755, 0.12065665816433979
132, 225, -22.40000000000005, 785, 0.1255596943812427
133, 97, -9.599999999999982, 809, 0.42048710046372717
134, 68, -6.699999999999992, 836, 0.9979637639539485
135, 89, -8.799999999999985, 831, 0.9699488296403411
136, 61, -5.999999999999995, 828, 0.16635316811437217
137, 78, -7.699999999999989, 834, 0.7157402933080417
138, 87, -8.599999999999985, 847, 0.2040552239642528
139, 68, -6.699999999999992, 825, 0.8306914254540612
140, 59, -5.799999999999995, 840, 0.14748857624127876
141, 85, -8.399999999999986, 819, 0.13937560518109304
142, 136, -13.499999999999968, 821, 1.0162754934795881
143, 66, -6.499999999999993, 841, 0.16148041526411738
144, 102, -10.09999999999998, 873, 0.20008675323877068
145, 75, -7.39999999999999, 859, 0.16787945264633408
146, 146, -14.499999999999964, 834, 0.14493256683759403
147, 225, -22.40000000000005, 842, 0.17553396174672597
148, 130, -12.89999999999997, 901, 0.1784738102379193
149, 80, -7.899999999999988, 883, 0.16785687817574546
150, 91, -8.999999999999984, 917, 0.15953641740420976
151, 53, -5.1999999999999975, 992, 0.7297851584677537
152, 127, -12.599999999999971, 910, 1.1155401543159083
153, 134, -13.299999999999969, 958, 1.099326521270807
154, 105, -10.399999999999979, 871, 0.15104485833466663
155, 141, -13.999999999999966, 889, 0.18464891395853245
156, 103, -10.19999999999998, 979, 0.14962012017161364
157, 71, -6.999999999999991, 895, 0.1664537160133297
158, 120, -11.899999999999974, 965, 0.21638241567416586
159, 56, -5.4999999999999964, 948, 0.14912892890882734
160, 95, -9.399999999999983, 923, 0.16152989718796684
161, 100, -9.89999999999998, 963, 0.14859626827639505
162, 134, -13.299999999999969, 926, 1.1323860010477649
163, 52, -5.099999999999998, 985, 0.12103283490135297
164, 78, -7.699999999999989, 1001, 0.21881357816542746
165, 152, -15.099999999999962, 960, 0.17667835268020715
166, 62, -6.099999999999994, 963, 0.529679209057496
167, 168, -16.699999999999967, 964, 0.1580036873674464
168, 87, -8.599999999999985, 963, 0.15255211895039067
169, 68, -6.699999999999992, 984, 0.14455353054114362
170, 98, -9.699999999999982, 964, 0.8294733168918751
171, 221, -22.000000000000043, 1044, 0.18770803040263395
172, 104, -10.29999999999998, 988, 1.049252941954237
173, 118, -11.699999999999974, 1004, 0.16946619802237617
174, 81, -7.999999999999988, 1044, 0.11299426817542679
175, 151, -14.999999999999963, 998, 0.46351249460720956
176, 73, -7.19999999999999, 1018, 0.1408931822956503
177, 95, -9.399999999999983, 982, 0.1650214811335169
178, 89, -8.799999999999985, 1015, 0.16073624986681456
179, 64, -6.299999999999994, 1044, 0.4694853096997367
180, 59, -5.799999999999995, 1008, 0.1934043883814962
181, 79, -7.799999999999988, 1075, 0.17446772198376204
182, 75, -7.39999999999999, 1060, 0.14579945348167667
183, 83, -8.199999999999987, 1059, 0.19351217313531277
184, 225, -22.40000000000005, 1085, 0.12253179247636681
185, 125, -12.399999999999972, 1085, 0.9826031133101125
186, 51, -4.999999999999998, 1014, 0.14308595535351776
187, 153, -15.199999999999962, 1076, 0.17123102989233852
188, 225, -22.40000000000005, 1099, 0.19492235270177738
189, 86, -8.499999999999986, 1061, 0.18842347189218778
190, 94, -9.299999999999983, 1088, 1.0007220065431914
191, 55, -5.399999999999997, 1023, 0.1468479980201225
192, 103, -10.19999999999998, 1102, 1.0534953532059226
193, 98, -9.699999999999982, 1133, 0.14216599545616737
194, 68, -6.699999999999992, 1111, 0.15637635901043856
195, 225, -22.40000000000005, 1110, 0.16452855232166286
196, 69, -6.799999999999992, 1150, 0.16820535062444142
197, 80, -7.899999999999988, 1042, 0.12990177116601087
198, 225, -22.40000000000005, 1130, 1.0053873470511239
199, 112, -11.099999999999977, 1115, 0.20450106656702127
200, 82, -8.099999999999987, 1104, 0.17915055360798648
201, 104, -10.29999999999998, 1142, 0.14056576882030125
202, 62, -6.099999999999994, 1132, 0.16433950497928862
203, 97, -9.599999999999982, 1123, 0.1725388569052959
204, 93, -9.199999999999983, 1120, 0.16287868581336795
205, 154, -15.299999999999962, 1094, 0.17970740917107808
206, 51, -4.999999999999998, 1159, 0.16934926457346045
207, 100, -9.89999999999998, 1161, 0.1683329450694191
208, 225, -22.40000000000005, 1129, 0.1380057563816599
209, 121, -11.999999999999973, 1117, 0.14406207568859752
210, 153, -15.199999999999962, 1157, 0.1806424067830945
211, 93, -9.199999999999983, 1155, 0.1290567964737952
212, 225, -22.40000000000005, 1176, 0.17704221014550003
213, 225, -22.40000000000005, 1231, 0.143078041808539
214, 89, -8.799999999999985, 1213, 0.18595190166057352
215, 87, -8.599999999999985, 1298, 1.054841559492505
216, 188, -18.699999999999996, 1173, 0.16216048830914342
217, 70, -6.8999999999999915, 1204, 0.1792180966267014
218, 225, -22.40000000000005, 1206, 0.1827854046752886
219, 225, -22.40000000000005, 1233, 0.9913862163279852
220, 72, -7.099999999999991, 1223, 0.138892280994811
221, 64, -6.299999999999994, 1259, 1.146438014849375
222, 138, -13.699999999999967, 1285, 0.13862138555958425
223, 63, -6.199999999999994, 1277, 0.15586191996414867
224, 62, -6.099999999999994, 1216, 0.15758981715351217
225, 109, -10.799999999999978, 1239, 0.16762566330614703
226, 92, -9.099999999999984, 1272, 1.0178985138460641
227, 87, -8.599999999999985, 1324, 0.21534698687988607
228, 56, -5.4999999999999964, 1295, 0.18173858432657042
229, 59, -5.799999999999995, 1262, 0.12813076336391127
230, 174, -17.299999999999976, 1308, 0.1748783086591894
231, 153, -15.199999999999962, 1201, 0.8818955600466167
232, 102, -10.09999999999998, 1240, 0.13116414455573988
233, 72, -7.099999999999991, 1313, 0.20019645449776924
234, 64, -6.299999999999994, 1268, 0.16254419118505492
235, 97, -9.599999999999982, 1257, 0.155884062261757
236, 173, -17.199999999999974, 1233, 0.9951897696956737
237, 180, -17.899999999999984, 1333, 0.15584010797117465
238, 91, -8.999999999999984, 1236, 0.1538325621942187
239, 92, -9.099999999999984, 1324, 0.19723742505885866
240, 50, -4.899999999999999, 1336, 0.1369516802301467
241, 225, -22.40000000000005, 1319, 0.1668725558632813
242, 85, -8.399999999999986, 1264, 0.1937260062428865
243, 114, -11.299999999999976, 1300, 0.9647038744581486
244, 55, -5.399999999999997, 1322, 0.7161663599589576
245, 201, -20.000000000000014, 1325, 1.043965110078479
246, 61, -5.999999999999995, 1315, 0.14355078591154047
247, 80, -7.899999999999988, 1367, 1.0469252389066497
248, 107, -10.599999999999978, 1378, 1.0494824136002463
249, 57, -5.599999999999996, 1313, 0.14471641835669402
250, 85, -8.399999999999986, 1382, 0.14614385590949297
251, 68, -6.699999999999992, 1391, 0.18224543906431467
252, 95, -9.399999999999983, 1473, 0.12793957971542813
253, 86, -8.499999999999986, 1335, 0.1482052952748778
254, 225, -22.40000000000005, 1404, 1.1247532652491257
255, 144, -14.299999999999965, 1329, 0.9585763840276154
256, 66, -6.499999999999993, 1344, 0.16906457182476675
257, 97, -9.599999999999982, 1326, 1.0196458938912358
258, 60, -5.899999999999995, 1367, 0.13736333353534214
259, 203, -20.200000000000017, 1443, 0.15495545421016566
260, 66, -6.499999999999993, 1389, 0.17141693087059195
261, 225, -22.40000000000005, 1370, 0.1471965652464413
262, 110, -10.899999999999977, 1393, 0.18366583662407399
263, 109, -10.799999999999978, 1525, 0.19957103805632936
264, 76, -7.499999999999989, 1408, 0.14989952957675778
265, 184, -18.29999999999999, 1432, 0.7486964733189065
266, 106, -10.499999999999979, 1351, 1.050518429054299
267, 56, -5.4999999999999964, 1456, 0.16167196982522336
268, 132, -13.09999999999997, 1417, 0.9926305622878808
269, 57, -5.599999999999996, 1490, 1.1463644014351795
270, 91, -8.999999999999984, 1434, 0.1324990357565432
271, 139, -13.799999999999967, 1457, 0.1809780123169269
272, 145, -14.399999999999965, 1426, 0.16663795481776744
273, 102, -10.09999999999998, 1413, 0.16672448007945584
274, 107, -10.599999999999978, 1546, 0.15262544847201737
275, 56, -5.4999999999999964, 1567, 0.1151445403153275
276, 88, -8.699999999999985, 1455, 0.1382554784125376
277, 88, -8.699999999999985, 1513, 0.14459707805663946
278, 62, -6.099999999999994, 1578, 0.17437822937237168
279, 100, -9.89999999999998, 1491, 0.14661589787981766
280, 155, -15.399999999999961, 1505, 0.15579890885379943
281, 178, -17.69999999999998, 1511, 1.0063099493625787
282, 79, -7.799999999999988, 1526, 1.0360824616532591
283, 175, -17.399999999999977, 1555, 0.741392127454783
284, 158, -15.69999999999996, 1572, 0.13768873832524853
285, 135, -13.399999999999968, 1433, 0.23606805456498603
286, 64, -6.299999999999994, 1518, 0.8518857319333719
287, 165, -16.399999999999963, 1524, 1.05642261623974
288, 56, -5.4999999999999964, 1574, 0.1605190868336206
289, 58, -5.699999999999996, 1527, 0.14034241613295872
290, 112, -11.099999999999977, 1626, 0.21733149093282744
291, 152, -15.099999999999962, 1540, 1.0494094172676451
292, 225, -22.40000000000005, 1534, 0.14142960398301652
293, 117, -11.599999999999975, 1629, 0.16741567653315537
294, 69, -6.799999999999992, 1540, 1.3086963584400984
295, 95, -9.399999999999983, 1526, 0.22327168495241634
296, 120, -11.899999999999974, 1512, 0.9819038440056209
297, 85, -8.399999999999986, 1567, 0.24850256185270148
298, 84, -8.299999999999986, 1707, 0.15041365699269793
299, 64, -6.299999999999994, 1588, 0.21545596037173187
300, 105, -10.399999999999979, 1628, 0.14968167961162981
301, 118, -11.699999999999974, 1544, 0.1874690712628213
302, 53, -5.1999999999999975, 1673, 0.1966527932262967
303, 76, -7.499999999999989, 1645, 0.15956327363001677
304, 76, -7.499999999999989, 1642, 0.17114483779330247
305, 67, -6.5999999999999925, 1624, 1.1051514495178818
306, 225, -22.40000000000005, 1619, 0.12632500307999472
307, 123, -12.199999999999973, 1640, 0.16176652605070796
308, 104, -10.29999999999998, 1676, 0.14764883713256693
309, 96, -9.499999999999982, 1550, 0.12774066770794235
310, 72, -7.099999999999991, 1640, 0.12503330306992577
311, 105, -10.399999999999979, 1712, 0.17114952809253992
312, 159, -15.79999999999996, 1657, 0.13496359413230108
313, 113, -11.199999999999976, 1636, 0.14720135655565247
314, 82, -8.099999999999987, 1676, 0.16621707145473086
315, 192, -19.1, 1675, 0.19675506849881064
316, 108, -10.699999999999978, 1659, 0.1384607516190468
317, 97, -9.599999999999982, 1608, 0.24389460518482675
318, 132, -13.09999999999997, 1742, 0.13929775048201565
319, 65, -6.399999999999993, 1666, 0.12425862877344196
320, 116, -11.499999999999975, 1731, 0.1713063455469539
321, 98, -9.699999999999982, 1758, 0.19316269591195012
322, 225, -22.40000000000005, 1693, 0.1824245996153584
323, 123, -12.199999999999973, 1733, 0.13950481317840602
324, 75, -7.39999999999999, 1671, 0.14076431058007088
325, 66, -6.499999999999993, 1747, 0.19227562272381427
326, 49, -4.799999999999999, 1686, 0.15957182883246457
327, 159, -15.79999999999996, 1764, 0.7590593261822978
328, 134, -13.299999999999969, 1731, 0.14103890802583052
329, 84, -8.299999999999986, 1736, 1.052164233910895
330, 64, -6.299999999999994, 1730, 0.14758812734288695
331, 85, -8.399999999999986, 1705, 0.9837329683980318
332, 65, -6.399999999999993, 1743, 0.14522708513966587
333, 57, -5.599999999999996, 1772, 0.1884203079443858
334, 225, -22.40000000000005, 1691, 0.19064126747350096
335, 52, -5.099999999999998, 1736, 0.1509754950738762
336, 109, -10.799999999999978, 1814, 0.15508799790688377
337, 95, -9.399999999999983, 1758, 0.17780326341685404
338, 51, -4.999999999999998, 1716, 0.1465834252669152
339, 71, -6.999999999999991, 1757, 0.14026810100393572
340, 103, -10.19999999999998, 1746, 0.2051679612207562
341, 160, -15.89999999999996, 1677, 0.1886086679866068
342, 53, -5.1999999999999975, 1777, 0.1653348491914044
343, 59, -5.799999999999995, 1781, 0.142538486793498
344, 225, -22.40000000000005, 1820, 0.15859588597820995
345, 60, -5.899999999999995, 1834, 1.2057252726542025
346, 168, -16.699999999999967, 1851, 0.1475420443158948
347, 69, -6.799999999999992, 1805, 0.14654476566659191
348, 80, -7.899999999999988, 1808, 0.1633812846541991
349, 93, -9.199999999999983, 1807, 0.12664929051430596
350, 195, -19.400000000000006, 1769, 0.1321193633800939
351, 225, -22.40000000000005, 1794, 0.7420075803996804
352, 56, -5.4999999999999964, 1958, 0.2037474943697304
353, 190, -18.9, 1789, 0.15874062837835412
354, 77, -7.599999999999989, 1814, 0.13341531835115994
355, 170, -16.89999999999997, 1837, 0.17549687071352738
356, 128, -12.69999999999997, 1895, 0.1775596550490195
357, 92, -9.099999999999984, 1806, 0.13403601780917906
358, 62, -6.099999999999994, 1852, 0.13636044146900672
359, 58, -5.699999999999996, 1840, 0.16533034664935498
360, 62, -6.099999999999994, 1918, 0.15824645576684038
361, 105, -10.399999999999979, 1893, 0.18697614000235552
362, 71, -6.999999999999991, 1933, 0.1586758664413197
363, 153, -15.199999999999962, 1874, 0.9815490729551808
364, 73, -7.19999999999999, 1885, 0.17988643740733856
365, 95, -9.399999999999983, 1940, 0.18036800151151944
366, 225, -22.40000000000005, 2000, 0.17392516160981675
367, 126, -12.499999999999972, 1965, 0.15578246755530534
368, 135, -13.399999999999968, 1925, 0.14885122326883327
369, 81, -7.999999999999988, 2009, 0.1888028577984695
370, 67, -6.5999999999999925, 1904, 0.162844606514863
371, 121, -11.999999999999973, 1971, 0.1605875792428142
372, 101, -9.99999999999998, 2037, 0.1405083543411756
373, 50, -4.899999999999999, 2145, 0.17153331122266868
374, 91, -8.999999999999984, 1882, 0.19226274709607233
375, 72, -7.099999999999991, 1914, 1.1303728622151477
376, 79, -7.799999999999988, 1891, 0.144110559270068
377, 131, -12.99999999999997, 1982, 0.2149800752973947
378, 125, -12.399999999999972, 1888, 0.14398929331774157
379, 134, -13.299999999999969, 1934, 0.15964016171626616
380, 179, -17.799999999999983, 1882, 0.19514749939890885
381, 162, -16.09999999999996, 1959, 0.20916502820612282
382, 89, -8.799999999999985, 1942, 0.9646374512510478
383, 71, -6.999999999999991, 1943, 0.16007830743508
384, 114, -11.299999999999976, 1986, 0.1371618320611323
385, 100, -9.89999999999998, 1999, 0.20813153196337053
386, 77, -7.599999999999989, 1994, 0.1810134785478561
387, 56, -5.4999999999999964, 1956, 0.18359191850130285
388, 145, -14.399999999999965, 1940, 0.9907070010719874
389, 112, -11.099999999999977, 1962, 1.068594325261388
390, 111, -10.999999999999977, 1970, 1.0114181643892408
391, 63, -6.199999999999994, 1924, 0.15469368724972732
392, 123, -12.199999999999973, 1915, 1.0952462428998238
393, 130, -12.89999999999997, 2029, 0.20092874862699928
394, 54, -5.299999999999997, 1941, 0.19208946520635983
395, 212, -21.10000000000003, 2048, 0.1457413841960049
396, 100, -9.89999999999998, 2062, 0.16312922683731557
397, 82, -8.099999999999987, 2013, 0.9522835257023834
398, 88, -8.699999999999985, 2025, 0.15016545150533578
399, 82, -8.099999999999987, 2056, 0.16003666376757786
400, 77, -7.599999999999989, 2083, 0.14943471808320075
401, 221, -22.000000000000043, 2067, 0.16271719073440583
402, 80, -7.899999999999988, 2057, 0.21667125292982503
403, 109, -10.799999999999978, 2027, 0.2943223711959553
404, 66, -6.499999999999993, 2153, 0.15587278879528182
405, 88, -8.699999999999985, 2125, 0.16461042121276126
406, 87, -8.599999999999985, 2031, 0.17309722246189252
407, 125, -12.399999999999972, 2049, 0.13547375052158417
408, 225, -22.40000000000005, 2056, 0.19095232144097496
409, 150, -14.899999999999963, 2066, 0.9632479405614078
410, 51, -4.999999999999998, 2105, 0.1361933460935778
411, 63, -6.199999999999994, 2128, 0.14621309953361328
412, 225, -22.40000000000005, 2078, 0.8736709649844028
413, 71, -6.999999999999991, 2163, 0.20371949331003103
414, 194, -19.300000000000004, 2037, 1.0925192847925764
415, 120, -11.899999999999974, 2060, 0.1502492726591267
416, 114, -11.299999999999976, 1996, 0.17627887956890698
417, 116, -11.499999999999975, 2179, 0.21808566920374917
418, 70, -6.8999999999999915, 2152, 0.14860260284094484
419, 129, -12.79999999999997, 2107, 1.141511960937352
420, 130, -12.89999999999997, 2153, 0.1250021552729661
421, 59, -5.799999999999995, 2077, 0.16789344476562373
422, 84, -8.299999999999986, 2170, 0.17149669491276986
423, 225, -22.40000000000005, 2145, 0.16896104722390715
424, 225, -22.40000000000005, 2317, 0.17798320534122913
425, 109, -10.799999999999978, 2114, 0.1934096156462326
426, 77, -7.599999999999989, 2101, 0.20507029009095668
427, 96, -9.499999999999982, 2174, 0.4117999273971069
428, 52, -5.099999999999998, 2197, 1.1314444396826926
429, 60, -5.899999999999995, 2130, 0.17027216850412596
430, 84, -8.299999999999986, 2242, 0.14885679366051008
431, 68, -6.699999999999992, 2152, 0.9395783692970943
432, 146, -14.499999999999964, 2154, 0.17505781542265808
433, 118, -11.699999999999974, 2333, 0.13857644801701374
434, 183, -18.19999999999999, 2189, 0.172297435542076
435, 132, -13.09999999999997, 2275, 0.17252143710682866
436, 87, -8.599999999999985, 2243, 1.0117994206320655
437, 225, -22.40000000000005, 2198, 1.156184996411453
438, 84, -8.299999999999986, 2256, 0.15108425803644504
439, 119, -11.799999999999974, 2310, 0.17974747007489578
440, 92, -9.099999999999984, 2254, 0.13308852499365065
441, 84, -8.299999999999986, 2205, 0.18426405473072727
442, 62, -6.099999999999994, 2270, 0.16193830878261828
443, 128, -12.69999999999997, 2147, 0.1545782094205297
444, 134, -13.299999999999969, 2257, 0.9817225094326341
445, 122, -12.099999999999973, 2278, 0.19578226793589337
446, 67, -6.5999999999999925, 2261, 0.14946752660755624
447, 78, -7.699999999999989, 2317, 0.15787146509527927
448, 225, -22.40000000000005, 2310, 0.1383816913084317
449, 176, -17.49999999999998, 2244, 0.9879781960551968
450, 167, -16.599999999999966, 2303, 0.16674351410347832
451, 223, -22.200000000000045, 2351, 0.1865986601483418
452, 191, -19.0, 2266, 0.16868884397074035
453, 114, -11.299999999999976, 2330, 0.1758203357143815
454, 80, -7.899999999999988, 2328, 0.2432576457235991
455, 66, -6.499999999999993, 2367, 0.16692840789353003
456, 51, -4.999999999999998, 2380, 0.14999384997460208
457, 105, -10.399999999999979, 2354, 0.9990214141788758
458, 94, -9.299999999999983, 2339, 0.10108547693501724
459, 65, -6.399999999999993, 2321, 0.12116064431431894
460, 162, -16.09999999999996, 2254, 0.13715197435078696
461, 225, -22.40000000000005, 2309, 0.16021804211834761
462, 145, -14.399999999999965, 2272, 0.1660196196226944
463, 56, -5.4999999999999964, 2417, 0.20117295922322276
464, 82, -8.099999999999987, 2338, 0.15854225750230233
465, 70, -6.8999999999999915, 2353, 0.18533093839683157
466, 79, -7.799999999999988, 2372, 0.1756102502275234
467, 107, -10.599999999999978, 2330, 0.16339856427713073
468, 192, -19.1, 2460, 0.15244044893107267
469, 61, -5.999999999999995, 2389, 1.0406505079283175
470, 104, -10.29999999999998, 2409, 0.17178974129474556
471, 225, -22.40000000000005, 2494, 0.17448687762138393
472, 86, -8.499999999999986, 2413, 0.13348229720694293
473, 225, -22.40000000000005, 2355, 0.20070599946177436
474, 81, -7.999999999999988, 2437, 0.6825821658671876
475, 56, -5.4999999999999964, 2392, 0.1575552708786443
476, 73, -7.19999999999999, 2399, 0.1435849420133506
477, 59, -5.799999999999995, 2420, 0.9819857233512197
478, 71, -6.999999999999991, 2374, 0.14636876992812553
479, 143, -14.199999999999966, 2436, 0.1677031566173106
480, 129, -12.79999999999997, 2480, 0.1779875890071405
481, 75, -7.39999999999999, 2500, 0.126817986932227
482, 175, -17.399999999999977, 2468, 0.15338188647956397
483, 80, -7.899999999999988, 2422, 0.16094556770110902
484, 81, -7.999999999999988, 2369, 1.119316403504645
485, 62, -6.099999999999994, 2444, 1.0460620414236474
486, 87, -8.599999999999985, 2492, 0.19903230026110919
487, 72, -7.099999999999991, 2448, 0.13530717566755812
488, 173, -17.199999999999974, 2458, 0.16988273974568013
489, 68, -6.699999999999992, 2408, 0.18944784996414588
490, 225, -22.40000000000005, 2559, 0.1535543451557957
491, 94, -9.299999999999983, 2523, 0.14914229295875447
492, 96, -9.499999999999982, 2455, 1.0421970219085344
493, 128, -12.69999999999997, 2447, 0.1934728738612581
494, 67, -6.5999999999999925, 2506, 0.15745727730310133
495, 57, -5.599999999999996, 2490, 0.11929577983263906
496, 45, -4.4, 2455, 0.15187893970434185
497, 225, -22.40000000000005, 2500, 0.14440457707732346
498, 111, -10.999999999999977, 2465, 0.13930086146738363
499, 151, -14.999999999999963, 2571, 0.14733895592798657
500, 52, -5.099999999999998, 2646, 0.1339188272941927
501, 54, -5.299999999999997, 2532, 0.18995165913973744
502, 88, -8.699999999999985, 2524, 0.12969080440944092
503, 104, -10.29999999999998, 2528, 0.16415927948491071
504, 57, -5.599999999999996, 2534, 0.14768228899642866
505, 64, -6.299999999999994, 2572, 0.13293668128465264
506, 135, -13.399999999999968, 2579, 0.3703113668817837
507, 126, -12.499999999999972, 2438, 0.16346417125885804
508, 58, -5.699999999999996, 2602, 0.2020221422414581
509, 90, -8.899999999999984, 2639, 1.0584128246133515
510, 155, -15.399999999999961, 2608, 0.14694121792265413
511, 64, -6.299999999999994, 2578, 0.1769822783545656
512, 225, -22.40000000000005, 2465, 0.16988626755591918
513, 84, -8.299999999999986, 2472, 0.2053773784496684
514, 225, -22.40000000000005, 2559, 1.0198742363330973
515, 73, -7.19999999999999, 2525, 0.21774626236185401
516, 225, -22.40000000000005, 2597, 1.0273113956595474
517, 125, -12.399999999999972, 2635, 0.18179759953274655
518, 71, -6.999999999999991, 2580, 0.1656941876001996
519, 158, -15.69999999999996, 2600, 0.1325922101703873
520, 147, -14.599999999999964, 2551, 0.1782833059560227
521, 192, -19.1, 2525, 0.18015735331276783
522, 69, -6.799999999999992, 2562, 0.15107090797004052
523, 90, -8.899999999999984, 2584, 0.16817497533351405
524, 117, -11.599999999999975, 2576, 1.0785829252112666
525, 54, -5.299999999999997, 2673, 0.9824233306715371
526, 50, -4.899999999999999, 2641, 0.15296764129075102
527, 65, -6.399999999999993, 2601, 0.1706835883447823
528, 70, -6.8999999999999915, 2639, 0.12702792299867838
529, 57, -5.599999999999996, 2624, 0.12161094693075514
530, 225, -22.40000000000005, 2524, 0.12920117914224294
531, 87, -8.599999999999985, 2762, 0.18617274126328764
532, 52, -5.099999999999998, 2708, 0.16296347393353772
533, 158, -15.69999999999996, 2585, 0.14649771336040773
534, 74, -7.29999999999999, 2641, 0.16282702013219463
535, 88, -8.699999999999985, 2676, 0.1786735311830947
536, 50, -4.899999999999999, 2702, 0.13165129440736978
537, 104, -10.29999999999998, 2739, 0.21526790062558554
538, 58, -5.699999999999996, 2732, 0.1979601269479878
539, 53, -5.1999999999999975, 2656, 1.0498366760923425
540, 73, -7.19999999999999, 2679, 0.13453250134683525
541, 58, -5.699999999999996, 2677, 0.16414034406625388
542, 152, -15.099999999999962, 2732, 0.1473857147291885
543, 78, -7.699999999999989, 2735, 1.0913123701417713
544, 121, -11.999999999999973, 2799, 1.0086641817101065
545, 105, -10.399999999999979, 2689, 0.12716633516198472
546, 68, -6.699999999999992, 2791, 0.9969523994775844
547, 108, -10.699999999999978, 2894, 1.0036115158806043
548, 117, -11.599999999999975, 2710, 0.20593749075380652
549, 50, -4.899999999999999, 2753, 1.1340669897467675
550, 105, -10.399999999999979, 2700, 0.1673904062467808
551, 168, -16.699999999999967, 2753, 0.822365166833583
552, 142, -14.099999999999966, 2947, 0.16010318654649702
553, 225, -22.40000000000005, 2677, 0.13361489602315313
554, 71, -6.999999999999991, 2757, 0.14298270966986504
555, 45, -4.4, 2770, 0.13994859037531748
556, 175, -17.399999999999977, 2764, 0.13749230939110046
557, 186, -18.499999999999993, 2710, 0.20142882162026088
558, 225, -22.40000000000005, 2812, 0.1993796897046458
559, 225, -22.40000000000005, 2754, 0.18754840337365342
560, 222, -22.100000000000044, 2829, 0.14605909399547845
561, 119, -11.799999999999974, 2990, 0.20454732606395565
562, 54, -5.299999999999997, 2818, 1.1259897562940764
563, 75, -7.39999999999999, 2785, 0.17535471586510631
564, 56, -5.4999999999999964, 2803, 0.15130888362652217
565, 98, -9.699999999999982, 2842, 1.0090739122967631
566, 60, -5.899999999999995, 2862, 0.2307243581986147
567, 78, -7.699999999999989, 2846, 0.14709281765396387
568, 54, -5.299999999999997, 2846, 1.0166457797670674
569, 90, -8.899999999999984, 2785, 0.1789254981800057
570, 64, -6.299999999999994, 2792, 0.1593641116654938
571, 66, -6.499999999999993, 2816, 0.2105698691411737
572, 203, -20.200000000000017, 2763, 0.19952683576005992
573, 225, -22.40000000000005, 2904, 0.16347229895960025
574, 62, -6.099999999999994, 2920, 0.1449009693860024
575, 76, -7.499999999999989, 2894, 0.1693668564052686
576, 101, -9.99999999999998, 2926, 0.23767912766266708
577, 67, -6.5999999999999925, 2900, 0.1479902378977931
578, 90, -8.899999999999984, 2851, 0.16637538051304557
579, 189, -18.799999999999997, 2971, 0.14708133748832464
580, 72, -7.099999999999991, 2867, 0.18088902159922182
581, 67, -6.5999999999999925, 2905, 0.17189253557233575
582, 56, -5.4999999999999964, 2868, 0.18423532886637495
583, 78, -7.699999999999989, 2862, 0.9820353743412236
584, 52, -5.099999999999998, 2844, 0.15700407795291316
585, 60, -5.899999999999995, 2794, 0.18245725693095682
586, 66, -6.499999999999993, 2931, 0.14613347461107296
587, 52, -5.099999999999998, 2862, 0.13382406316168893
588, 162, -16.09999999999996, 2996, 0.18802926303371081
589, 70, -6.8999999999999915, 2962, 0.1753118313878943
590, 133, -13.199999999999969, 2910, 0.178695245730774
591, 58, -5.699999999999996, 2985, 0.21034612798849905
592, 59, -5.799999999999995, 2928, 0.18720466608963449
593, 68, -6.699999999999992, 2865, 0.15117006948543477
594, 61, -5.999999999999995, 2887, 0.20983311323676523
595, 111, -10.999999999999977, 2928, 0.161352067169503
596, 92, -9.099999999999984, 2918, 0.13729260773167118
597, 75, -7.39999999999999, 2899, 0.24337433401231579
598, 52, -5.099999999999998, 2881, 0.12007560910421788
599, 119, -11.799999999999974, 2910, 0.13775264349712302
600, 96, -9.499999999999982, 2967, 1.0884930736443557
601, 83, -8.199999999999987, 3050, 0.14557415338803037
602, 86, -8.499999999999986, 2969, 0.1444338505254832
603, 88, -8.699999999999985, 2951, 0.8435504602109258
604, 56, -5.4999999999999964, 2972, 0.21621518429953968
605, 69, -6.799999999999992, 3007, 0.19036834564069904
606, 134, -13.299999999999969, 3108, 0.1457424776749605
607, 70, -6.8999999999999915, 2996, 0.1506456812464383
608, 116, -11.499999999999975, 3034, 0.16518112910245542
609, 68, -6.699999999999992, 3040, 0.15323237178060967
610, 123, -12.199999999999973, 3123, 0.20272928642237908
611, 225, -22.40000000000005, 3057, 0.1889068334017483
612, 103, -10.19999999999998, 2956, 1.1523288142623032
613, 225, -22.40000000000005, 2955, 0.22433935239012248
614, 191, -19.0, 3047, 0.14821370010552393
615, 56, -5.4999999999999964, 2970, 0.13687845844642044
616, 69, -6.799999999999992, 3059, 0.18417160750146433
617, 57, -5.599999999999996, 2964, 0.1825909518491815
618, 160, -15.89999999999996, 3036, 0.1321688612812819
619, 58, -5.699999999999996, 3047, 0.985810986576303
620, 121, -11.999999999999973, 3069, 0.17816852251152504
621, 55, -5.399999999999997, 3037, 0.15337622792355854
622, 225, -22.40000000000005, 3098, 0.18157954191611125
623, 128, -12.69999999999997, 3068, 1.0573031008999259
624, 218, -21.70000000000004, 3052, 1.0315787187206258
625, 59, -5.799999999999995, 3086, 0.16615949833724875
626, 112, -11.099999999999977, 3010, 0.1686783404408303
627, 69, -6.799999999999992, 3107, 0.16899449327604055
628, 59, -5.799999999999995, 3020, 0.6466257769524866
629, 64, -6.299999999999994, 3108, 0.12251333950926213
630, 81, -7.999999999999988, 3035, 1.0467896337729168
631, 58, -5.699999999999996, 3207, 0.15762517374998986
632, 74, -7.29999999999999, 2947, 0.1609150421683503
633, 146, -14.499999999999964, 3157, 0.14356939622031373
634, 175, -17.399999999999977, 3122, 0.14814237554406917
635, 148, -14.699999999999964, 3012, 0.9698352549559828
636, 225, -22.40000000000005, 3163, 0.17549000174923401
637, 185, -18.39999999999999, 3153, 0.16141490456591878
638, 85, -8.399999999999986, 3099, 0.9962992872726462
639, 88, -8.699999999999985, 3189, 0.19058867934735124
640, 76, -7.499999999999989, 3306, 0.15934964322563472
641, 141, -13.999999999999966, 3057, 0.1416212011262008
642, 74, -7.29999999999999, 3152, 0.9911445962082182
643, 68, -6.699999999999992, 3097, 0.19358279804285716
644, 64, -6.299999999999994, 3086, 0.16709608231502449
645, 87, -8.599999999999985, 3194, 1.0631308366374737
646, 59, -5.799999999999995, 3270, 0.15195852823459743
647, 225, -22.40000000000005, 3138, 0.16436369345889634
648, 114, -11.299999999999976, 3040, 0.9974542259949613
649, 60, -5.899999999999995, 3361, 0.9741540280267138
650, 87, -8.599999999999985, 3167, 0.14077923795535296
651, 88, -8.699999999999985, 3193, 0.9815346684467454
652, 95, -9.399999999999983, 3234, 0.20022954783833669
653, 54, -5.299999999999997, 3187, 0.1428085765171092
654, 56, -5.4999999999999964, 3189, 1.0657679274786953
655, 50, -4.899999999999999, 3362, 0.15422877539992164
656, 187, -18.599999999999994, 3300, 0.1559517685452898
657, 125, -12.399999999999972, 3362, 0.9613778340767936
658, 158, -15.69999999999996, 3160, 0.13011082120623296
659, 83, -8.199999999999987, 3299, 0.2440025294349759
660, 51, -4.999999999999998, 3279, 0.18111210760749064
661, 101, -9.99999999999998, 3237, 0.9930127944685392
662, 56, -5.4999999999999964, 3169, 0.12705923975483602
663, 225, -22.40000000000005, 3164, 0.1851322725135427
664, 125, -12.399999999999972, 3214, 0.14790200806946963
665, 83, -8.199999999999987, 3397, 0.19300609016837722
666, 204, -20.30000000000002, 3189, 1.0310554148257562
667, 69, -6.799999999999992, 3353, 0.13741365204058464
668, 54, -5.299999999999997, 3248, 0.13523193294788083
669, 128, -12.69999999999997, 3467, 0.15978732545479568
670, 115, -11.399999999999975, 3270, 0.16049819211354066
671, 79, -7.799999999999988, 3270, 0.1757003119536933
672, 73, -7.19999999999999, 3333, 0.9944399184042441
673, 74, -7.29999999999999, 3176, 0.9581091566410467
674, 142, -14.099999999999966, 3293, 0.2585009303949888
675, 95, -9.399999999999983, 3318, 0.5310010511066228
676, 58, -5.699999999999996, 3183, 0.1247371382151945
677, 82, -8.099999999999987, 3314, 0.13156288442978248
678, 57, -5.599999999999996, 3366, 0.13649668912565038
679, 75, -7.39999999999999, 3377, 0.16455682312915343
680, 51, -4.999999999999998, 3304, 0.1752070062163522
681, 77, -7.599999999999989, 3295, 0.15570156486117237
682, 155, -15.399999999999961, 3368, 1.0125050979122276
683, 123, -12.199999999999973, 3356, 0.20556327701568833
684, 225, -22.40000000000005, 3330, 0.15799758682476295
685, 179, -17.799999999999983, 3316, 0.15686706189752364
686, 57, -5.599999999999996, 3315, 0.20518581694134164
687, 60, -5.899999999999995, 3349, 0.9890266525359102
688, 198, -19.70000000000001, 3451, 0.147138394423312
689, 59, -5.799999999999995, 3446, 0.30422564387155004
690, 78, -7.699999999999989, 3352, 0.14577120017560996
691, 112, -11.099999999999977, 3377, 0.2674059649419098
692, 46, -4.5, 3474, 1.1301645288962272
693, 66, -6.499999999999993, 3453, 1.0282923066027985
694, 89, -8.799999999999985, 3317, 0.16199834984193995
695, 59, -5.799999999999995, 3514, 0.1784201398430998
696, 153, -15.199999999999962, 3385, 0.20050935423661453
697, 105, -10.399999999999979, 3289, 0.17128428183534972
698, 96, -9.499999999999982, 3360, 0.19242452474085825
699, 76, -7.499999999999989, 3327, 0.14849425232792113
700, 140, -13.899999999999967, 3451, 0.993287872198128
701, 157, -15.59999999999996, 3452, 0.16911836026393612
702, 59, -5.799999999999995, 3322, 1.1333676070094043
703, 225, -22.40000000000005, 3359, 0.15765083493005427
704, 70, -6.8999999999999915, 3428, 0.1516175033072371
705, 225, -22.40000000000005, 3423, 0.9918606905146197
706, 79, -7.799999999999988, 3554, 0.15348334714109257
707, 107, -10.599999999999978, 3526, 0.9353642937115687
708, 135, -13.399999999999968, 3504, 0.18281234082044007
709, 50, -4.899999999999999, 3585, 0.1512709445526672
710, 50, -4.899999999999999, 3486, 0.1431729179915564
711, 115, -11.399999999999975, 3458, 0.1462819088721763
712, 85, -8.399999999999986, 3338, 0.15870779773223154
713, 51, -4.999999999999998, 3432, 0.16462885415501072
714, 109, -10.799999999999978, 3494, 0.17095291493888176
715, 225, -22.40000000000005, 3521, 0.15675718427739138
716, 55, -5.399999999999997, 3496, 0.5353180113897142
717, 225, -22.40000000000005, 3470, 0.1692119821322109
718, 104, -10.29999999999998, 3490, 0.14060589727735362
719, 225, -22.40000000000005, 3538, 1.0216206208207903
720, 138, -13.699999999999967, 3546, 0.20047128835401185
721, 188, -18.699999999999996, 3627, 0.17913836236483505
722, 94, -9.299999999999983, 3443, 0.13268432524371088
723, 225, -22.40000000000005, 3633, 0.9327465591915094
724, 62, -6.099999999999994, 3575, 0.16164431697924297
725, 193, -19.200000000000003, 3556, 0.9878342209906199
726, 54, -5.299999999999997, 3518, 0.20004816567190975
727, 72, -7.099999999999991, 3549, 0.18151823271857825
728, 208, -20.700000000000024, 3544, 0.15107273093966134
729, 94, -9.299999999999983, 3604, 0.1626177039853225
730, 75, -7.39999999999999, 3702, 0.15129706143730282
731, 84, -8.299999999999986, 3561, 0.14998877272034505
732, 89, -8.799999999999985, 3561, 0.17848443836413885
733, 128, -12.69999999999997, 3466, 1.0244311612915258
734, 116, -11.499999999999975, 3647, 0.13848355328863216
735, 121, -11.999999999999973, 3570, 0.7959867799489779
736, 151, -14.999999999999963, 3598, 0.1713825592805147
737, 79, -7.799999999999988, 3688, 0.14371068295246836
738, 55, -5.399999999999997, 3535, 0.20207920162021997
739, 68, -6.699999999999992, 3535, 1.1083327326249126
740, 69, -6.799999999999992, 3614, 0.12498524322482174
741, 64, -6.299999999999994, 3666, 0.25386012465373753
742, 102, -10.09999999999998, 3582, 0.21723002677816616
743, 100, -9.89999999999998, 3547, 0.14899222927941158
744, 70, -6.8999999999999915, 3541, 0.13545700720228893
745, 116, -11.499999999999975, 3759, 0.16509012796243328
746, 225, -22.40000000000005, 3635, 0.16861406201611073
747, 120, -11.899999999999974, 3647, 0.26655009458919743
748, 101, -9.99999999999998, 3708, 0.13194868289096373
749, 68, -6.699999999999992, 3648, 0.1885136198063786
750, 78, -7.699999999999989, 3682, 0.13199678701232576
751, 162, -16.09999999999996, 3571, 1.044423591570308
752, 86, -8.499999999999986, 3657, 0.1704320062730269
753, 133, -13.199999999999969, 3632, 0.17499591175772505
754, 64, -6.299999999999994, 3748, 0.16374581621922535
755, 58, -5.699999999999996, 3705, 0.13171386693572817
756, 58, -5.699999999999996, 3571, 0.15764339497309665
757, 60, -5.899999999999995, 3727, 0.1183168783002222
758, 87, -8.599999999999985, 3774, 0.1534983986149574
759, 83, -8.199999999999987, 3718, 0.14579637855429328
760, 113, -11.199999999999976, 3735, 0.190643150472116
761, 188, -18.699999999999996, 3592, 0.5978396750732169
762, 66, -6.499999999999993, 3707, 0.1586459272603572
763, 46, -4.5, 3753, 0.9774307504204587
764, 99, -9.799999999999981, 3715, 0.982544054889146
765, 225, -22.40000000000005, 3849, 0.46327543268592697
766, 111, -10.999999999999977, 3672, 0.13524122378757575
767, 77, -7.599999999999989, 3773, 0.14254814782793268
768, 140, -13.899999999999967, 3884, 0.1478601438497158
769, 208, -20.700000000000024, 3796, 0.1712087514941334
770, 112, -11.099999999999977, 3925, 0.18015866622738774
771, 67, -6.5999999999999925, 3885, 0.19957509782034588
772, 119, -11.799999999999974, 3771, 0.18046277375714892
773, 139, -13.799999999999967, 3769, 0.16533522054526806
774, 52, -5.099999999999998, 3806, 0.167657407888683
775, 111, -10.999999999999977, 3675, 0.1384214377167785
776, 77, -7.599999999999989, 3709, 0.1752129443165069
777, 73, -7.19999999999999, 3877, 0.1703392482580237
778, 110, -10.899999999999977, 3838, 0.1905145310091596
779, 67, -6.5999999999999925, 3914, 0.9904568966116063
780, 72, -7.099999999999991, 3798, 0.1402882605476048
781, 67, -6.5999999999999925, 3805, 1.011995703521119
782, 225, -22.40000000000005, 3771, 0.1666022285533213
783, 78, -7.699999999999989, 3804, 0.3017150862169746
784, 103, -10.19999999999998, 3870, 0.13683765120539793
785, 78, -7.699999999999989, 3766, 0.3492217317014332
786, 69, -6.799999999999992, 3846, 0.13779572563849096
787, 88, -8.699999999999985, 3894, 0.14457182823335435
788, 88, -8.699999999999985, 3865, 0.162592529979392
789, 102, -10.09999999999998, 3773, 0.1793038213203948
790, 225, -22.40000000000005, 3733, 0.17613363264428195
791, 103, -10.19999999999998, 3643, 0.2188822963891921
792, 140, -13.899999999999967, 3976, 0.9706774864471304
793, 127, -12.599999999999971, 3906, 0.14330038276676715
794, 162, -16.09999999999996, 3685, 0.15682739235393472
795, 69, -6.799999999999992, 3802, 0.14401191211822484
796, 66, -6.499999999999993, 3875, 0.20710084240420978
797, 164, -16.29999999999996, 3721, 0.190846162776666
798, 50, -4.899999999999999, 3956, 0.1465408542713711
799, 123, -12.199999999999973, 3884, 0.13830505436520202
800, 78, -7.699999999999989, 3883, 0.1232946360011467
801, 58, -5.699999999999996, 3884, 1.0343572529867808
802, 77, -7.599999999999989, 3888, 0.9528174382790748
803, 121, -11.999999999999973, 3820, 0.17150423644825485
804, 81, -7.999999999999988, 3939, 0.15738388858849994
805, 67, -6.5999999999999925, 3883, 0.1501815469029668
806, 78, -7.699999999999989, 3948, 0.13513418975196645
807, 61, -5.999999999999995, 3994, 0.1433471266617692
808, 51, -4.999999999999998, 3987, 0.181680553849201
809, 138, -13.699999999999967, 3857, 0.15973156502486918
810, 129, -12.79999999999997, 4030, 0.13030527990432272
811, 86, -8.499999999999986, 4056, 0.1813305304908326
812, 72, -7.099999999999991, 3893, 1.063668832803699
813, 190, -18.9, 3929, 0.148422050860348
814, 225, -22.40000000000005, 3989, 1.0597313949364637
815, 111, -10.999999999999977, 3916, 0.19112703565889988
816, 89, -8.799999999999985, 3955, 0.16957590720445925
817, 77, -7.599999999999989, 3998, 0.17804904997398108
818, 225, -22.40000000000005, 3829, 0.1592150682080744
819, 66, -6.499999999999993, 4013, 0.14338639969384825
820, 48, -4.699999999999999, 4069, 0.6106794818756862
821, 133, -13.199999999999969, 3931, 0.9814082923276337
822, 152, -15.099999999999962, 3903, 1.0241520129016362
823, 193, -19.200000000000003, 3975, 0.746080931125368
824, 135, -13.399999999999968, 3991, 0.17991992149326386
825, 225, -22.40000000000005, 4121, 0.17323986782815337
826, 61, -5.999999999999995, 3857, 0.1286853710247442
827, 144, -14.299999999999965, 3980, 0.15521850052573694
828, 66, -6.499999999999993, 4072, 1.0249187375794566
829, 79, -7.799999999999988, 4141, 0.17476044247312394
830, 81, -7.999999999999988, 3986, 0.14155821437518412
831, 204, -20.30000000000002, 3944, 1.0525777395179023
832, 166, -16.499999999999964, 4004, 0.1646601231881335
833, 79, -7.799999999999988, 3950, 0.16911702578887366
834, 54, -5.299999999999997, 3935, 0.1578695796656343
835, 127, -12.599999999999971, 4023, 0.1673104316848839
836, 225, -22.40000000000005, 4038, 0.9672187016837919
837, 95, -9.399999999999983, 4010, 1.1003260667204957
838, 48, -4.699999999999999, 4075, 0.2178524402376043
839, 83, -8.199999999999987, 4199, 0.2054724936923824
840, 120, -11.899999999999974, 3989, 1.0707543438550486
841, 225, -22.40000000000005, 4103, 0.1633191857494185
842, 117, -11.599999999999975, 4047, 1.108264227853172
843, 73, -7.19999999999999, 4114, 0.23300973588584695
844, 54, -5.299999999999997, 4077, 0.14333188605581615
845, 102, -10.09999999999998, 3999, 0.14565147747096718
846, 68, -6.699999999999992, 4205, 0.1876025454740997
847, 70, -6.8999999999999915, 4178, 0.18225591324989399
848, 122, -12.099999999999973, 4044, 0.1444778293314838
849, 98, -9.699999999999982, 4224, 1.0290293518236364
850, 96, -9.499999999999982, 4172, 1.0891261138250221
851, 75, -7.39999999999999, 4089, 1.0367404858922618
852, 63, -6.199999999999994, 4073, 0.13448771862976372
853, 137, -13.599999999999968, 4123, 0.15278711273988654
854, 225, -22.40000000000005, 4233, 0.19675665085976402
855, 78, -7.699999999999989, 4097, 0.13356672797806812
856, 121, -11.999999999999973, 4135, 0.13516851033292987
857, 115, -11.399999999999975, 4129, 0.1800517594066422
858, 118, -11.699999999999974, 4058, 0.6669065135231294
859, 115, -11.399999999999975, 4178, 0.9849639369146939
860, 54, -5.299999999999997, 4222, 0.1469307550910175
861, 74, -7.29999999999999, 4190, 0.13843844733388488
862, 113, -11.199999999999976, 4131, 0.16398379849900468
863, 105, -10.399999999999979, 4072, 1.0195500074636783
864, 78, -7.699999999999989, 4265, 0.17480058441998247
865, 80, -7.899999999999988, 4277, 0.1488970961459506
866, 73, -7.19999999999999, 4257, 0.16061496170984757
867, 62, -6.099999999999994, 4322, 0.21219429041109983
868, 93, -9.199999999999983, 4271, 0.16460214866727174
869, 127, -12.599999999999971, 4128, 1.131643768921006
870, 107, -10.599999999999978, 4189, 0.18899739166413543
871, 99, -9.799999999999981, 4189, 0.20268625701733978
872, 137, -13.599999999999968, 4197, 0.13463552944203783
873, 66, -6.499999999999993, 4173, 1.3331535941610837
874, 167, -16.599999999999966, 4251, 0.13531491116550676
875, 62, -6.099999999999994, 4207, 1.059172702926906
876, 126, -12.499999999999972, 4356, 0.11876209358586531
877, 92, -9.099999999999984, 4263, 0.13805276128491673
878, 53, -5.1999999999999975, 4267, 0.19349488502233592
879, 84, -8.299999999999986, 4281, 0.15085062449796172
880, 83, -8.199999999999987, 4308, 0.16234788120353905
881, 80, -7.899999999999988, 4274, 0.9335147858854769
882, 72, -7.099999999999991, 4269, 0.16362860380644517
883, 138, -13.699999999999967, 4245, 0.1185673789714059
884, 219, -21.80000000000004, 4363, 0.15285750905341594
885, 176, -17.49999999999998, 4271, 0.14752515729642213
886, 109, -10.799999999999978, 4298, 0.1970126447751741
887, 225, -22.40000000000005, 4323, 0.9658653235580408
888, 205, -20.40000000000002, 4414, 0.19997548032645618
889, 225, -22.40000000000005, 4284, 0.15458766661985068
890, 79, -7.799999999999988, 4330, 0.2457152926174696
891, 156, -15.499999999999961, 4410, 0.19057496786338524
892, 72, -7.099999999999991, 4287, 0.16006848215222202
893, 73, -7.19999999999999, 4209, 0.17924711180347996
894, 107, -10.599999999999978, 4310, 1.0161942993158002
895, 225, -22.40000000000005, 4245, 0.122221360235228
896, 225, -22.40000000000005, 4248, 0.1554954517002307
897, 98, -9.699999999999982, 4343, 1.053096054541883
898, 129, -12.79999999999997, 4348, 0.2026823948633103
899, 90, -8.899999999999984, 4208, 0.14531792113180475
900, 74, -7.29999999999999, 4281, 0.13990387088270717
901, 113, -11.199999999999976, 4427, 0.15819326501501219
902, 89, -8.799999999999985, 4171, 0.15560660740942533
903, 96, -9.499999999999982, 4427, 0.9257623820210146
904, 191, -19.0, 4331, 0.1599053247210908
905, 148, -14.699999999999964, 4464, 0.15954258520432862
906, 72, -7.099999999999991, 4481, 0.15247007886972064
907, 107, -10.599999999999978, 4372, 0.16645135546649814
908, 94, -9.299999999999983, 4455, 0.193004956728843
909, 69, -6.799999999999992, 4392, 0.16922851212257317
910, 51, -4.999999999999998, 4398, 0.13993146381125232
911, 56, -5.4999999999999964, 4494, 0.19120056060454882
912, 110, -10.899999999999977, 4422, 0.14728443915201517
913, 60, -5.899999999999995, 4452, 0.8447535784594353
914, 60, -5.899999999999995, 4407, 0.22962164921343664
915, 115, -11.399999999999975, 4529, 0.12872759050256555
916, 134, -13.299999999999969, 4348, 0.1382679771611487
917, 111, -10.999999999999977, 4380, 0.16049277761060116
918, 99, -9.799999999999981, 4487, 0.17222284268204002
919, 67, -6.5999999999999925, 4429, 0.21267872182711156
920, 125, -12.399999999999972, 4523, 0.1668222220283857
921, 71, -6.999999999999991, 4517, 0.17659222170025135
922, 91, -8.999999999999984, 4387, 0.1854724810913826
923, 225, -22.40000000000005, 4507, 0.17202917758657688
924, 59, -5.799999999999995, 4472, 0.15425783591048514
925, 118, -11.699999999999974, 4624, 0.17142486758232378
926, 69, -6.799999999999992, 4432, 0.18485259936476295
927, 62, -6.099999999999994, 4537, 0.13022363064159048
928, 152, -15.099999999999962, 4520, 0.18973868220777224
929, 75, -7.39999999999999, 4517, 0.1925821594783408
930, 59, -5.799999999999995, 4466, 0.16619134978263528
931, 133, -13.199999999999969, 4544, 0.1540434333038787
932, 114, -11.299999999999976, 4528, 1.0020113118166902
933, 75, -7.39999999999999, 4411, 0.20226119307921864
934, 123, -12.199999999999973, 4372, 1.0238312273581753
935, 158, -15.69999999999996, 4508, 0.13523355293220796
936, 60, -5.899999999999995, 4477, 0.1669969569376919
937, 109, -10.799999999999978, 4428, 0.15484608593591886
938, 59, -5.799999999999995, 4524, 0.1843540978604059
939, 122, -12.099999999999973, 4423, 0.12569436183156757
940, 119, -11.799999999999974, 4512, 1.0790735022878435
941, 67, -6.5999999999999925, 4507, 0.14759342405268638
942, 72, -7.099999999999991, 4577, 0.15289946569203106
943, 52, -5.099999999999998, 4613, 0.15861045242322458
944, 64, -6.299999999999994, 4636, 0.1423413861328502
945, 65, -6.399999999999993, 4564, 0.15849440770160528
946, 98, -9.699999999999982, 4605, 0.17383449422913255
947, 56, -5.4999999999999964, 4521, 0.15409336199089596
948, 93, -9.199999999999983, 4678, 0.19417769718732114
949, 135, -13.399999999999968, 4680, 0.1602855010450397
950, 108, -10.699999999999978, 4675, 0.12802399382438034
951, 73, -7.19999999999999, 4405, 0.11793734570946324
952, 145, -14.399999999999965, 4561, 0.9631441010326802
953, 67, -6.5999999999999925, 4598, 0.1388705489062836
954, 185, -18.39999999999999, 4617, 0.9856049304819614
955, 52, -5.099999999999998, 4761, 0.15043892812817683
956, 205, -20.40000000000002, 4543, 0.14174289432695897
957, 92, -9.099999999999984, 4713, 0.15913173631818767
958, 127, -12.599999999999971, 4699, 0.1504317455291413
959, 68, -6.699999999999992, 4711, 1.1932173125969086
960, 111, -10.999999999999977, 4554, 0.13641929294151067
961, 113, -11.199999999999976, 4821, 0.11082581780254741
962, 53, -5.1999999999999975, 4606, 0.2028251395412326
963, 60, -5.899999999999995, 4742, 1.0614176161039603
964, 72, -7.099999999999991, 4598, 0.17152238457873015
965, 143, -14.199999999999966, 4573, 0.1797920832040214
966, 74, -7.29999999999999, 4543, 0.1482755293214053
967, 225, -22.40000000000005, 4693, 0.3232949385502728
968, 90, -8.899999999999984, 4610, 0.1598825930903205
969, 71, -6.999999999999991, 4678, 0.16638081628882018
970, 66, -6.499999999999993, 4473, 0.17781249656241416
971, 82, -8.099999999999987, 4655, 1.009734928800206
972, 66, -6.499999999999993, 4728, 0.15177747119530027
973, 82, -8.099999999999987, 4585, 0.18551646236374753
974, 135, -13.399999999999968, 4831, 1.048581285259307
975, 76, -7.499999999999989, 4504, 0.2648925170099343
976, 87, -8.599999999999985, 4617, 0.18007523901708433
977, 182, -18.099999999999987, 4544, 0.1770272226145817
978, 152, -15.099999999999962, 4841, 0.19044155914840344
979, 172, -17.099999999999973, 4672, 1.0543600312258268
980, 111, -10.999999999999977, 4620, 0.7701459838068234
981, 106, -10.499999999999979, 4835, 0.14318422161172428
982, 130, -12.89999999999997, 4625, 0.15433060514604802
983, 97, -9.599999999999982, 4654, 0.14826816621011307
984, 70, -6.8999999999999915, 4706, 0.19602786320845578
985, 89, -8.799999999999985, 4619, 0.1504457840773421
986, 130, -12.89999999999997, 4891, 0.14359430142021168
987, 63, -6.199999999999994, 4699, 0.1767410376061509
988, 58, -5.699999999999996, 4820, 0.5132128029956005
989, 136, -13.499999999999968, 4857, 1.0796709602682502
990, 56, -5.4999999999999964, 4862, 1.0666443893738395
991, 63, -6.199999999999994, 4794, 0.15320467376247793
992, 74, -7.29999999999999, 4708, 0.947974006681485
993, 159, -15.79999999999996, 4665, 0.13045224431422175
994, 95, -9.399999999999983, 4677, 1.1062118519856117
995, 81, -7.999999999999988, 4699, 0.13980334944043094
996, 134, -13.299999999999969, 4664, 0.19143783572806683
997, 79, -7.799999999999988, 4756, 1.1321743450300388
998, 64, -6.299999999999994, 4718, 0.14424471850102238
999, 78, -7.699999999999989, 4875, 0.1489542350924835
1000, 88, -8.699999999999985, 4991, 0.13881407746491425
