Episode, Steps, Reward, Time (in milliseconds), Convergence
1, 225, -22.40000000000005, 43, 0.014809855244602904
2, 225, -22.40000000000005, 81, 0.19892277518839752
3, 225, -22.40000000000005, 43, 0.19881943139401415
4, 225, -22.40000000000005, 88, 0.19878477185594767
5, 225, -22.40000000000005, 119, 0.014379823448724294
6, 225, -22.40000000000005, 134, 0.015092109665209574
7, 225, -22.40000000000005, 123, 0.016633698578949765
8, 225, -22.40000000000005, 129, 0.01522476922250171
9, 225, -22.40000000000005, 157, 0.10101266509162427
10, 225, -22.40000000000005, 151, 0.015565096878610254
11, 225, -22.40000000000005, 152, 0.016503671031999456
12, 225, -22.40000000000005, 178, 0.018355577136821954
13, 225, -22.40000000000005, 205, 0.016846589736893708
14, 225, -22.40000000000005, 185, 0.1956361423460291
15, 225, -22.40000000000005, 208, 0.1817476898643462
16, 225, -22.40000000000005, 208, 0.19825712401292317
17, 225, -22.40000000000005, 226, 0.016079184694325135
18, 225, -22.40000000000005, 207, 0.016004122145726607
19, 225, -22.40000000000005, 224, 0.021176441221064796
20, 225, -22.40000000000005, 247, 0.019270434328617747
21, 225, -22.40000000000005, 244, 0.0190769335749712
22, 225, -22.40000000000005, 250, 0.01996786018139468
23, 225, -22.40000000000005, 251, 0.014797592632945611
24, 225, -22.40000000000005, 280, 0.18480775868485289
25, 225, -22.40000000000005, 280, 0.01715523618729503
26, 225, -22.40000000000005, 262, 0.016773345038831267
27, 225, -22.40000000000005, 285, 0.19768961339689728
28, 225, -22.40000000000005, 270, 0.01817445014147484
29, 225, -22.40000000000005, 295, 0.016534591076519528
30, 225, -22.40000000000005, 306, 0.016809260301156703
31, 225, -22.40000000000005, 318, 0.02045203586041444
32, 225, -22.40000000000005, 303, 0.02112839520301872
33, 225, -22.40000000000005, 302, 0.02041495257351507
34, 225, -22.40000000000005, 335, 0.01728777656860514
35, 225, -22.40000000000005, 318, 0.015769029159147352
36, 225, -22.40000000000005, 324, 0.017911089755777654
37, 225, -22.40000000000005, 323, 0.015488576434467771
38, 225, -22.40000000000005, 332, 0.02019490458459461
39, 225, -22.40000000000005, 351, 0.01967937251539148
40, 225, -22.40000000000005, 357, 0.017524720666486915
41, 225, -22.40000000000005, 368, 0.021272985296164892
42, 225, -22.40000000000005, 364, 0.023483889817589865
43, 225, -22.40000000000005, 352, 0.015614662986597527
44, 225, -22.40000000000005, 349, 0.026650272647799844
45, 225, -22.40000000000005, 379, 0.017170953514261234
46, 225, -22.40000000000005, 360, 0.014461741257547511
47, 225, -22.40000000000005, 358, 0.01838176843746464
48, 225, -22.40000000000005, 394, 0.018637183771579746
49, 225, -22.40000000000005, 371, 0.016939245926223423
50, 225, -22.40000000000005, 373, 0.021769430009293544
51, 225, -22.40000000000005, 398, 0.016871839128129507
52, 225, -22.40000000000005, 392, 0.18052562487630308
53, 225, -22.40000000000005, 389, 0.01757356846741398
54, 225, -22.40000000000005, 409, 0.015433405636912312
55, 225, -22.40000000000005, 396, 0.016482237069914696
56, 225, -22.40000000000005, 428, 0.016003506883950802
57, 225, -22.40000000000005, 421, 0.023677154080769286
58, 225, -22.40000000000005, 421, 0.025528506635442164
59, 225, -22.40000000000005, 404, 0.020674576661496802
60, 225, -22.40000000000005, 406, 0.016852451265426782
61, 225, -22.40000000000005, 436, 0.021344354506228014
62, 225, -22.40000000000005, 411, 0.020506403753501157
63, 225, -22.40000000000005, 444, 0.017583656698085925
64, 225, -22.40000000000005, 436, 0.01619105060108339
65, 225, -22.40000000000005, 458, 0.01861651190449609
66, 225, -22.40000000000005, 439, 0.01943457038752494
67, 225, -22.40000000000005, 449, 0.02195805774063568
68, 225, -22.40000000000005, 429, 0.016592611507599164
69, 225, -22.40000000000005, 447, 0.022429510151879994
70, 225, -22.40000000000005, 489, 0.01972092762697697
71, 225, -22.40000000000005, 470, 0.020454663916281035
72, 225, -22.40000000000005, 475, 0.021583648372534292
73, 225, -22.40000000000005, 455, 0.021302361453735652
74, 225, -22.40000000000005, 468, 0.02355363264961019
75, 225, -22.40000000000005, 472, 0.01360432562321967
76, 225, -22.40000000000005, 464, 0.018954208745957768
77, 225, -22.40000000000005, 471, 0.17119513634983008
78, 225, -22.40000000000005, 458, 0.018759366712066683
79, 225, -22.40000000000005, 492, 0.02043150026516516
80, 225, -22.40000000000005, 512, 0.015575886475499345
81, 225, -22.40000000000005, 482, 0.19727620996489836
82, 225, -22.40000000000005, 503, 0.021156279433547143
83, 225, -22.40000000000005, 504, 0.09779520781551287
84, 225, -22.40000000000005, 499, 0.018617258443510143
85, 225, -22.40000000000005, 502, 0.014963886770282264
86, 225, -22.40000000000005, 508, 0.019368656914007742
87, 225, -22.40000000000005, 516, 0.023755544709690102
88, 225, -22.40000000000005, 511, 0.02355464668703111
89, 225, -22.40000000000005, 515, 0.019854013281594307
90, 225, -22.40000000000005, 514, 0.02070197222095216
91, 225, -22.40000000000005, 533, 0.0216582987047359
92, 225, -22.40000000000005, 511, 0.014274627060891554
93, 225, -22.40000000000005, 528, 0.017606150091500128
94, 225, -22.40000000000005, 518, 0.016199202393244905
95, 225, -22.40000000000005, 535, 0.020120776270103446
96, 225, -22.40000000000005, 538, 0.19406705463647222
97, 225, -22.40000000000005, 534, 0.02030274797792253
98, 225, -22.40000000000005, 547, 0.01574977088847951
99, 225, -22.40000000000005, 522, 0.018807944545682354
100, 225, -22.40000000000005, 539, 0.022911396954441582
101, 225, -22.40000000000005, 551, 0.023468000516783216
102, 225, -22.40000000000005, 540, 0.022613620425668113
103, 225, -22.40000000000005, 548, 0.015658884720725963
104, 225, -22.40000000000005, 537, 0.021340710134541196
105, 225, -22.40000000000005, 573, 0.018979702164494516
106, 225, -22.40000000000005, 555, 0.014033240738455355
107, 225, -22.40000000000005, 559, 0.017915932163896198
108, 225, -22.40000000000005, 567, 0.022453851361340205
109, 225, -22.40000000000005, 558, 0.01961430671924147
110, 225, -22.40000000000005, 575, 0.02177808655313962
111, 225, -22.40000000000005, 569, 0.01747580407860916
112, 225, -22.40000000000005, 572, 0.023842827587488236
113, 225, -22.40000000000005, 570, 0.017666082354147905
114, 225, -22.40000000000005, 567, 0.016836313675007153
115, 225, -22.40000000000005, 553, 0.019556097558891872
116, 225, -22.40000000000005, 585, 0.1601948832407074
117, 225, -22.40000000000005, 570, 0.01688535261106905
118, 225, -22.40000000000005, 592, 0.021762988579641207
119, 225, -22.40000000000005, 580, 0.02498347993881589
120, 225, -22.40000000000005, 591, 0.024589186297304277
121, 225, -22.40000000000005, 580, 0.017731555085928274
122, 219, -21.80000000000004, 600, 0.017186011746925356
123, 225, -22.40000000000005, 593, 0.024112844420015378
124, 225, -22.40000000000005, 587, 0.0181108663679459
125, 225, -22.40000000000005, 604, 0.02321934670020187
126, 225, -22.40000000000005, 616, 0.021474501249280298
127, 225, -22.40000000000005, 611, 0.019950400853006034
128, 225, -22.40000000000005, 604, 0.01663405674695817
129, 225, -22.40000000000005, 610, 0.019013087942506335
130, 225, -22.40000000000005, 611, 0.02530504642008069
131, 225, -22.40000000000005, 598, 0.02382753534980936
132, 225, -22.40000000000005, 614, 0.0182101324757582
133, 225, -22.40000000000005, 628, 0.024038201424276484
134, 225, -22.40000000000005, 639, 0.02119880842103883
135, 225, -22.40000000000005, 625, 0.021230966019712194
136, 225, -22.40000000000005, 607, 0.023602361280148504
137, 225, -22.40000000000005, 614, 0.027391123080909796
138, 225, -22.40000000000005, 616, 0.024827399403300254
139, 225, -22.40000000000005, 628, 0.016090579666531157
140, 225, -22.40000000000005, 619, 0.020767693271555032
141, 225, -22.40000000000005, 639, 0.023640310740243253
142, 225, -22.40000000000005, 657, 0.024533790603782357
143, 225, -22.40000000000005, 622, 0.014993779319724787
144, 225, -22.40000000000005, 620, 0.02214515880092316
145, 225, -22.40000000000005, 629, 0.01529026438491976
146, 225, -22.40000000000005, 644, 0.02174580302312734
147, 225, -22.40000000000005, 639, 0.01964477416550814
148, 225, -22.40000000000005, 631, 0.15786779994364752
149, 225, -22.40000000000005, 627, 0.020349453115330984
150, 225, -22.40000000000005, 646, 0.020017168127107854
151, 225, -22.40000000000005, 644, 0.015779828830989384
152, 225, -22.40000000000005, 643, 0.019643974996664593
153, 225, -22.40000000000005, 650, 0.021367860346382495
154, 225, -22.40000000000005, 683, 0.020535157723632902
155, 225, -22.40000000000005, 644, 0.023991018516448248
156, 225, -22.40000000000005, 659, 0.01938740227801583
157, 225, -22.40000000000005, 669, 0.021318112509157605
158, 225, -22.40000000000005, 668, 0.024704635517225904
159, 225, -22.40000000000005, 660, 0.015775265364968316
160, 225, -22.40000000000005, 646, 0.020546146112100705
161, 225, -22.40000000000005, 671, 0.016265864635463423
162, 225, -22.40000000000005, 656, 0.02110483597909818
163, 225, -22.40000000000005, 671, 0.19706984667179528
164, 225, -22.40000000000005, 664, 0.015194935427456535
165, 225, -22.40000000000005, 653, 0.1252007713907679
166, 225, -22.40000000000005, 668, 0.024605196914237792
167, 225, -22.40000000000005, 681, 0.029800865398641074
168, 225, -22.40000000000005, 676, 0.015707238554345193
169, 225, -22.40000000000005, 674, 0.022689552628087473
170, 225, -22.40000000000005, 681, 0.02258875446376568
171, 225, -22.40000000000005, 670, 0.020014116936204918
172, 225, -22.40000000000005, 694, 0.01812137974539474
173, 225, -22.40000000000005, 667, 0.02311130660540972
174, 225, -22.40000000000005, 685, 0.023268948945766477
175, 225, -22.40000000000005, 671, 0.012917589326390644
176, 100, -9.89999999999998, 686, 0.01648316035831776
177, 225, -22.40000000000005, 703, 0.015442133384382606
178, 225, -22.40000000000005, 676, 0.02019817381681621
179, 225, -22.40000000000005, 706, 0.017795159255960202
180, 225, -22.40000000000005, 702, 0.012981941934937513
181, 225, -22.40000000000005, 690, 0.020461972068010703
182, 225, -22.40000000000005, 692, 0.020886827591041324
183, 122, -12.099999999999973, 684, 0.016953937728445556
184, 225, -22.40000000000005, 719, 0.015459995055551179
185, 225, -22.40000000000005, 699, 0.021314512763168203
186, 225, -22.40000000000005, 706, 0.022787776152010664
187, 225, -22.40000000000005, 708, 0.01745051588169222
188, 225, -22.40000000000005, 706, 0.020828733754955753
189, 225, -22.40000000000005, 717, 0.020291902410294327
190, 225, -22.40000000000005, 703, 0.021958967534198237
191, 175, -17.399999999999977, 728, 0.023129176158514148
192, 225, -22.40000000000005, 708, 0.024688945443883448
193, 225, -22.40000000000005, 720, 0.01557483961279127
194, 101, -9.99999999999998, 705, 0.01912512202495331
195, 225, -22.40000000000005, 701, 0.022993995194110717
196, 225, -22.40000000000005, 734, 0.020966487150230084
197, 225, -22.40000000000005, 728, 0.020021958744008472
198, 225, -22.40000000000005, 721, 0.014564961416031696
199, 215, -21.400000000000034, 720, 0.022388627128214544
200, 225, -22.40000000000005, 728, 0.023206231772756825
201, 225, -22.40000000000005, 726, 0.018601393064748173
202, 225, -22.40000000000005, 709, 0.10748540639419613
203, 225, -22.40000000000005, 721, 0.015472986178125092
204, 225, -22.40000000000005, 708, 0.01744658691320433
205, 207, -20.600000000000023, 725, 0.01625214178787182
206, 137, -13.599999999999968, 713, 0.020457489634419512
207, 115, -11.399999999999975, 726, 0.02168654721290142
208, 225, -22.40000000000005, 735, 0.020759153785228357
209, 225, -22.40000000000005, 727, 0.020621147830083952
210, 225, -22.40000000000005, 745, 0.020550592321370464
211, 225, -22.40000000000005, 723, 0.015725583172028212
212, 225, -22.40000000000005, 732, 0.018788918957746814
213, 225, -22.40000000000005, 722, 0.0219491765143236
214, 206, -20.50000000000002, 741, 0.020047296103874457
215, 225, -22.40000000000005, 733, 0.0167833703618665
216, 225, -22.40000000000005, 754, 0.023644388889650342
217, 225, -22.40000000000005, 735, 0.022221233703125343
218, 225, -22.40000000000005, 769, 0.02019590691792511
219, 225, -22.40000000000005, 735, 0.022296202788709363
220, 225, -22.40000000000005, 739, 0.015088161413087331
221, 225, -22.40000000000005, 751, 0.023960109388317385
222, 225, -22.40000000000005, 764, 0.017307993809263955
223, 225, -22.40000000000005, 767, 0.01659979334032835
224, 225, -22.40000000000005, 774, 0.02272714567906653
225, 225, -22.40000000000005, 750, 0.020769664852371417
226, 225, -22.40000000000005, 774, 0.022840576408550528
227, 225, -22.40000000000005, 753, 0.019880018707212344
228, 225, -22.40000000000005, 765, 0.01965383068317439
229, 225, -22.40000000000005, 762, 0.014278706779333294
230, 127, -12.599999999999971, 761, 0.021292776326678364
231, 225, -22.40000000000005, 766, 0.02274362223089077
232, 225, -22.40000000000005, 762, 0.02147590309650138
233, 225, -22.40000000000005, 745, 0.02076322956790111
234, 111, -10.999999999999977, 781, 0.022400748310709817
235, 146, -14.499999999999964, 769, 0.020411845433697895
236, 225, -22.40000000000005, 775, 0.027342647774530326
237, 225, -22.40000000000005, 765, 0.02593226613022709
238, 214, -21.300000000000033, 763, 0.017018976060598323
239, 225, -22.40000000000005, 764, 0.015590025502500549
240, 225, -22.40000000000005, 776, 0.02187215931263886
241, 133, -13.199999999999969, 775, 0.01964607975425592
242, 164, -16.29999999999996, 789, 0.02442942159816125
243, 112, -11.099999999999977, 778, 0.02119203011905313
244, 225, -22.40000000000005, 775, 0.018136173285826507
245, 132, -13.09999999999997, 769, 0.018002044896034963
246, 206, -20.50000000000002, 789, 0.026235798914593267
247, 225, -22.40000000000005, 792, 0.02252852638499636
248, 225, -22.40000000000005, 778, 0.017121633698171657
249, 225, -22.40000000000005, 785, 0.01929039974003155
250, 124, -12.299999999999972, 783, 0.016527409918482228
251, 225, -22.40000000000005, 788, 0.021911503961000167
252, 225, -22.40000000000005, 779, 0.023601847892247618
253, 225, -22.40000000000005, 794, 0.025670126510084157
254, 225, -22.40000000000005, 801, 0.023884257761128402
255, 225, -22.40000000000005, 792, 0.01837053836263358
256, 225, -22.40000000000005, 788, 0.17860601053716385
257, 111, -10.999999999999977, 798, 0.023170898664297557
258, 225, -22.40000000000005, 801, 0.02183804092139141
259, 225, -22.40000000000005, 768, 0.025323212811659834
260, 225, -22.40000000000005, 794, 0.02196883023859586
261, 133, -13.199999999999969, 797, 0.020025745925083216
262, 89, -8.799999999999985, 791, 0.016638156993831643
263, 225, -22.40000000000005, 798, 0.011402130284667855
264, 169, -16.79999999999997, 811, 0.021031119780060004
265, 225, -22.40000000000005, 786, 0.02315513994305085
266, 225, -22.40000000000005, 790, 0.021702894171891973
267, 225, -22.40000000000005, 811, 0.020055156197754664
268, 225, -22.40000000000005, 808, 0.02327262656306084
269, 225, -22.40000000000005, 815, 0.01412237614727152
270, 225, -22.40000000000005, 803, 0.020771967478375508
271, 135, -13.399999999999968, 822, 0.015059190666332878
272, 225, -22.40000000000005, 822, 0.020663737331658272
273, 225, -22.40000000000005, 801, 0.013337284093512647
274, 225, -22.40000000000005, 815, 0.018230276810342172
275, 225, -22.40000000000005, 812, 0.016471149891635672
276, 225, -22.40000000000005, 805, 0.024125603004046536
277, 225, -22.40000000000005, 807, 0.021298449166433198
278, 82, -8.099999999999987, 808, 0.022929971370487856
279, 102, -10.09999999999998, 811, 0.023112993057811115
280, 142, -14.099999999999966, 798, 0.02048679841683526
281, 70, -6.8999999999999915, 812, 0.01421018598336099
282, 59, -5.799999999999995, 808, 0.01555311531767467
283, 164, -16.29999999999996, 824, 0.01942807716179118
284, 225, -22.40000000000005, 814, 0.022669788880201547
285, 225, -22.40000000000005, 828, 0.022893556212180588
286, 225, -22.40000000000005, 818, 0.02018808416546075
287, 225, -22.40000000000005, 815, 0.021751166336356764
288, 83, -8.199999999999987, 834, 0.021548895288618142
289, 131, -12.99999999999997, 820, 0.022390427586282957
290, 129, -12.79999999999997, 824, 0.016150245836973554
291, 225, -22.40000000000005, 828, 0.021158749699473067
292, 225, -22.40000000000005, 820, 0.021015411998551614
293, 110, -10.899999999999977, 808, 0.02474584781474276
294, 225, -22.40000000000005, 824, 0.028431889828720414
295, 49, -4.799999999999999, 828, 0.019105409203073354
296, 115, -11.399999999999975, 846, 0.026397352474551772
297, 225, -22.40000000000005, 824, 0.02633422135576713
298, 69, -6.799999999999992, 838, 0.019332624919334407
299, 225, -22.40000000000005, 814, 0.02423575638929132
300, 77, -7.599999999999989, 836, 0.020370637581446305
301, 225, -22.40000000000005, 811, 0.016547976133938214
302, 225, -22.40000000000005, 823, 0.01805773433906266
303, 51, -4.999999999999998, 837, 0.022739816136764235
304, 132, -13.09999999999997, 837, 0.021582151205075006
305, 98, -9.699999999999982, 834, 0.022329258330772594
306, 128, -12.69999999999997, 842, 0.0285380034518099
307, 95, -9.399999999999983, 835, 0.017592203875790302
308, 225, -22.40000000000005, 843, 0.020494705029988514
309, 225, -22.40000000000005, 837, 0.02280433259623682
310, 64, -6.299999999999994, 850, 0.02181658043056045
311, 170, -16.89999999999997, 839, 0.026363059438842262
312, 94, -9.299999999999983, 854, 0.018238479255409
313, 225, -22.40000000000005, 855, 0.029425365897662537
314, 225, -22.40000000000005, 865, 0.020133392961379837
315, 225, -22.40000000000005, 836, 0.022880807781279988
316, 71, -6.999999999999991, 860, 0.023658447329393817
317, 78, -7.699999999999989, 881, 0.02654333593173913
318, 225, -22.40000000000005, 843, 0.027340772487360887
319, 128, -12.69999999999997, 844, 0.022929538556057172
320, 70, -6.8999999999999915, 852, 0.026596967440451813
321, 98, -9.699999999999982, 843, 0.014803828374126304
322, 225, -22.40000000000005, 848, 0.019446434481371566
323, 86, -8.499999999999986, 858, 0.021378208101959117
324, 92, -9.099999999999984, 850, 0.014619663381318038
325, 225, -22.40000000000005, 855, 0.01991531646070044
326, 200, -19.900000000000013, 857, 0.016113863165732045
327, 225, -22.40000000000005, 855, 0.022795964142240055
328, 225, -22.40000000000005, 852, 0.0252466756225197
329, 225, -22.40000000000005, 854, 0.02759483388582004
330, 73, -7.19999999999999, 845, 0.016995687999000086
331, 72, -7.099999999999991, 850, 0.022456463009777106
332, 105, -10.399999999999979, 850, 0.02543251921406825
333, 162, -16.09999999999996, 857, 0.022243655073606927
334, 78, -7.699999999999989, 862, 0.020787970640495645
335, 96, -9.499999999999982, 851, 0.021960684522023932
336, 64, -6.299999999999994, 848, 0.020805161522891025
337, 120, -11.899999999999974, 851, 0.021838287848688687
338, 225, -22.40000000000005, 846, 0.01926351146999128
339, 225, -22.40000000000005, 855, 0.014222218813716658
340, 54, -5.299999999999997, 870, 0.012731163105713872
341, 225, -22.40000000000005, 878, 0.024108296616466518
342, 101, -9.99999999999998, 853, 0.01993321300948292
343, 115, -11.399999999999975, 864, 0.020635786629996433
344, 225, -22.40000000000005, 862, 0.023072355634187414
345, 58, -5.699999999999996, 858, 0.025806871542174425
346, 59, -5.799999999999995, 859, 0.02299792122082278
347, 70, -6.8999999999999915, 876, 0.024588508754175592
348, 225, -22.40000000000005, 869, 0.023032620812518556
349, 74, -7.29999999999999, 871, 0.022093663096725225
350, 67, -6.5999999999999925, 863, 0.01473273294281885
351, 88, -8.699999999999985, 863, 0.02661299863398403
352, 82, -8.099999999999987, 864, 0.023849481556461563
353, 88, -8.699999999999985, 854, 0.023391879019186934
354, 166, -16.499999999999964, 866, 0.020388019290256743
355, 107, -10.599999999999978, 873, 0.022378017129601635
356, 108, -10.699999999999978, 875, 0.02087433077055434
357, 68, -6.699999999999992, 883, 0.023328721031102728
358, 141, -13.999999999999966, 876, 0.01811594399040173
359, 99, -9.799999999999981, 883, 0.015626454066192785
360, 100, -9.89999999999998, 884, 0.021375284864127986
361, 77, -7.599999999999989, 895, 0.02128846952532948
362, 70, -6.8999999999999915, 866, 0.01891993012715454
363, 111, -10.999999999999977, 877, 0.020146663711278157
364, 132, -13.09999999999997, 871, 0.02200647520181398
365, 76, -7.499999999999989, 866, 0.021202171513732493
366, 123, -12.199999999999973, 854, 0.020726409014270142
367, 60, -5.899999999999995, 879, 0.02257856781471901
368, 225, -22.40000000000005, 897, 0.023501269426708826
369, 136, -13.499999999999968, 866, 0.017769605159733137
370, 118, -11.699999999999974, 880, 0.012868705836939665
371, 76, -7.499999999999989, 876, 0.02271455893403629
372, 225, -22.40000000000005, 884, 0.024981241583184932
373, 86, -8.499999999999986, 886, 0.017244344099357933
374, 225, -22.40000000000005, 889, 0.027775609472034724
375, 50, -4.899999999999999, 874, 0.02054968684028946
376, 60, -5.899999999999995, 885, 0.01833013733220712
377, 77, -7.599999999999989, 888, 0.02138518106460352
378, 66, -6.499999999999993, 892, 0.02367361993881767
379, 109, -10.799999999999978, 887, 0.018446776614787774
380, 86, -8.499999999999986, 893, 0.026758656183933874
381, 63, -6.199999999999994, 888, 0.013065948202085842
382, 101, -9.99999999999998, 893, 0.022293173663949117
383, 124, -12.299999999999972, 901, 0.022880181619818085
384, 121, -11.999999999999973, 887, 0.02017775337998806
385, 99, -9.799999999999981, 881, 0.024563406129880394
386, 117, -11.599999999999975, 900, 0.02130287578138612
387, 84, -8.299999999999986, 904, 0.021411930149838776
388, 72, -7.099999999999991, 896, 0.027230153833353143
389, 225, -22.40000000000005, 884, 0.020845583261663858
390, 62, -6.099999999999994, 902, 0.0206806821340475
391, 52, -5.099999999999998, 904, 0.022643849904846913
392, 71, -6.999999999999991, 888, 0.02440496745364351
393, 56, -5.4999999999999964, 914, 0.022354050163792438
394, 225, -22.40000000000005, 896, 0.013813465344441056
395, 84, -8.299999999999986, 894, 0.01891680121542938
396, 225, -22.40000000000005, 909, 0.022060855866645523
397, 49, -4.799999999999999, 908, 0.02322907388839024
398, 225, -22.40000000000005, 901, 0.019169861075361005
399, 61, -5.999999999999995, 926, 0.023283988510720888
400, 51, -4.999999999999998, 889, 0.020043663978361437
401, 225, -22.40000000000005, 894, 0.02083338426295772
402, 66, -6.499999999999993, 912, 0.023452955442901935
403, 89, -8.799999999999985, 896, 0.026479640917210084
404, 72, -7.099999999999991, 889, 0.023117613923126556
405, 52, -5.099999999999998, 892, 0.024244355373423232
406, 66, -6.499999999999993, 901, 0.0211529927365397
407, 58, -5.699999999999996, 895, 0.025546210396201974
408, 126, -12.499999999999972, 902, 0.012339671705926536
409, 52, -5.099999999999998, 917, 0.018473930305341835
410, 74, -7.29999999999999, 889, 0.023344710593927287
411, 139, -13.799999999999967, 917, 0.022894025187055578
412, 56, -5.4999999999999964, 904, 0.02303568226968178
413, 225, -22.40000000000005, 911, 0.025372926307005272
414, 225, -22.40000000000005, 906, 0.016323011906097307
415, 80, -7.899999999999988, 917, 0.014756888883276531
416, 72, -7.099999999999991, 906, 0.018371262076792405
417, 192, -19.1, 904, 0.02320026204153347
418, 57, -5.599999999999996, 914, 0.022925423878716544
419, 225, -22.40000000000005, 912, 0.01632331914277696
420, 87, -8.599999999999985, 904, 0.02344409116263524
421, 57, -5.599999999999996, 904, 0.024908543263621907
422, 75, -7.39999999999999, 920, 0.026160272189320932
423, 93, -9.199999999999983, 910, 0.02651097669679503
424, 72, -7.099999999999991, 912, 0.02050490896297541
425, 72, -7.099999999999991, 930, 0.025241636702615367
426, 64, -6.299999999999994, 915, 0.021802557873784822
427, 68, -6.699999999999992, 915, 0.020549487398270005
428, 52, -5.099999999999998, 915, 0.022615935430879475
429, 84, -8.299999999999986, 904, 0.023578791769319096
430, 58, -5.699999999999996, 914, 0.02416458123640619
431, 59, -5.799999999999995, 911, 0.018231064066033476
432, 53, -5.1999999999999975, 930, 0.020789491039192698
433, 75, -7.39999999999999, 932, 0.020162307981725913
434, 66, -6.499999999999993, 940, 0.024801137067135937
435, 174, -17.299999999999976, 934, 0.024451908266351907
436, 225, -22.40000000000005, 925, 0.02222002506123011
437, 178, -17.69999999999998, 924, 0.021352364819722913
438, 78, -7.699999999999989, 916, 0.025218017299762696
439, 56, -5.4999999999999964, 939, 0.02401933340653395
440, 225, -22.40000000000005, 922, 0.024913212408846253
441, 45, -4.4, 922, 0.02256890504278064
442, 68, -6.699999999999992, 911, 0.019323617180819763
443, 93, -9.199999999999983, 938, 0.02025391866551196
444, 89, -8.799999999999985, 919, 0.021864235426532153
445, 52, -5.099999999999998, 921, 0.026104182218273903
446, 64, -6.299999999999994, 948, 0.017859034936344997
447, 62, -6.099999999999994, 927, 0.02099992218068758
448, 53, -5.1999999999999975, 922, 0.02395789849652441
449, 102, -10.09999999999998, 941, 0.020889951435266063
450, 52, -5.099999999999998, 943, 0.023876690576348558
451, 45, -4.4, 931, 0.01930122739990492
452, 50, -4.899999999999999, 929, 0.025528487451839776
453, 63, -6.199999999999994, 923, 0.027126748395402744
454, 225, -22.40000000000005, 917, 0.020392556462927786
455, 61, -5.999999999999995, 938, 0.010483907030241824
456, 82, -8.099999999999987, 938, 0.018987632460801596
457, 141, -13.999999999999966, 919, 0.022408380554026275
458, 61, -5.999999999999995, 935, 0.023528255035849988
459, 80, -7.899999999999988, 937, 0.021856162507530974
460, 60, -5.899999999999995, 942, 0.02394940320839331
461, 56, -5.4999999999999964, 922, 0.02025622620155687
462, 72, -7.099999999999991, 931, 0.0302977263394677
463, 225, -22.40000000000005, 939, 0.027798005674684656
464, 57, -5.599999999999996, 949, 0.022561458481122454
465, 68, -6.699999999999992, 952, 0.02487654013188434
466, 68, -6.699999999999992, 935, 0.028761079910673337
467, 47, -4.6, 959, 0.028951679276232156
468, 48, -4.699999999999999, 955, 0.021905137653469797
469, 51, -4.999999999999998, 936, 0.01903988522844058
470, 70, -6.8999999999999915, 940, 0.019635793945852686
471, 55, -5.399999999999997, 930, 0.025951124661168612
472, 59, -5.799999999999995, 933, 0.023252474247623722
473, 225, -22.40000000000005, 945, 0.023090419551240027
474, 55, -5.399999999999997, 942, 0.02220500014946447
475, 61, -5.999999999999995, 941, 0.020712964855788663
476, 60, -5.899999999999995, 945, 0.020440218858298387
477, 51, -4.999999999999998, 924, 0.02283462793250629
478, 81, -7.999999999999988, 951, 0.01831159792669812
479, 65, -6.399999999999993, 938, 0.023124182764478363
480, 61, -5.999999999999995, 951, 0.020042110826467674
481, 60, -5.899999999999995, 944, 0.021739668054969963
482, 55, -5.399999999999997, 944, 0.022853235536925753
483, 123, -12.199999999999973, 942, 0.02368790344675542
484, 68, -6.699999999999992, 944, 0.13601400002577968
485, 46, -4.5, 942, 0.02507194050741951
486, 58, -5.699999999999996, 943, 0.02107863302996371
487, 73, -7.19999999999999, 950, 0.015621882596749348
488, 65, -6.399999999999993, 935, 0.024158428847945945
489, 64, -6.299999999999994, 961, 0.01800972585464189
490, 46, -4.5, 960, 0.023745767594595568
491, 86, -8.499999999999986, 968, 0.01600848228598384
492, 63, -6.199999999999994, 966, 0.02126502674245173
493, 56, -5.4999999999999964, 956, 0.018858872330666188
494, 65, -6.399999999999993, 961, 0.01903626227747357
495, 55, -5.399999999999997, 958, 0.021089262445209478
496, 59, -5.799999999999995, 944, 0.01933382754531876
497, 62, -6.099999999999994, 942, 0.021542996411659132
498, 59, -5.799999999999995, 944, 0.017775751899421488
499, 73, -7.19999999999999, 954, 0.02098344420091358
500, 86, -8.499999999999986, 935, 0.024392797227105523
501, 55, -5.399999999999997, 946, 0.025741560005923425
502, 54, -5.299999999999997, 963, 0.024808256759780378
503, 54, -5.299999999999997, 948, 0.01848333027967386
504, 67, -6.5999999999999925, 979, 0.021368267596560964
505, 68, -6.699999999999992, 976, 0.020988521795968884
506, 72, -7.099999999999991, 950, 0.02269762552436827
507, 218, -21.70000000000004, 970, 0.021417416005446555
508, 57, -5.599999999999996, 976, 0.020387410233853043
509, 72, -7.099999999999991, 978, 0.023902096953672403
510, 65, -6.399999999999993, 966, 0.023324600343262836
511, 225, -22.40000000000005, 957, 0.021907345851225057
512, 58, -5.699999999999996, 961, 0.02335311576253274
513, 60, -5.899999999999995, 958, 0.022113760488115197
514, 54, -5.299999999999997, 968, 0.023870866256994194
515, 60, -5.899999999999995, 970, 0.0248839903644551
516, 57, -5.599999999999996, 963, 0.019514228853871884
517, 142, -14.099999999999966, 956, 0.019497761388586055
518, 54, -5.299999999999997, 971, 0.024651636606250582
519, 183, -18.19999999999999, 966, 0.02440557445214475
520, 53, -5.1999999999999975, 968, 0.02457677818704973
521, 54, -5.299999999999997, 964, 0.030332544687640517
522, 46, -4.5, 979, 0.020443631469970747
523, 64, -6.299999999999994, 969, 0.029746337046462623
524, 51, -4.999999999999998, 959, 0.02302942258552454
525, 56, -5.4999999999999964, 964, 0.019890002340919644
526, 60, -5.899999999999995, 964, 0.021662232109634805
527, 63, -6.199999999999994, 958, 0.025372842688033304
528, 57, -5.599999999999996, 981, 0.01695962385382721
529, 61, -5.999999999999995, 989, 0.020528375950036537
530, 225, -22.40000000000005, 982, 0.02353977508131666
531, 67, -6.5999999999999925, 977, 0.021241198848211962
532, 225, -22.40000000000005, 960, 0.021328603354898057
533, 55, -5.399999999999997, 979, 0.021037488027636053
534, 61, -5.999999999999995, 971, 0.020238826663363296
535, 48, -4.699999999999999, 966, 0.025697403638499594
536, 47, -4.6, 968, 0.02473746923202884
537, 64, -6.299999999999994, 975, 0.022197332261366776
538, 65, -6.399999999999993, 975, 0.023544968284763712
539, 51, -4.999999999999998, 968, 0.02330440800992839
540, 56, -5.4999999999999964, 994, 0.020011096016368413
541, 52, -5.099999999999998, 973, 0.02646652043921882
542, 60, -5.899999999999995, 978, 0.02355251737949693
543, 59, -5.799999999999995, 968, 0.01873320412598245
544, 59, -5.799999999999995, 982, 0.012051415439157775
545, 55, -5.399999999999997, 991, 0.020529090649497483
546, 51, -4.999999999999998, 974, 0.0235864381391388
547, 51, -4.999999999999998, 998, 0.03249725878140247
548, 59, -5.799999999999995, 992, 0.025193484413351452
549, 51, -4.999999999999998, 987, 0.013606935905995599
550, 52, -5.099999999999998, 994, 0.024210163450256394
551, 61, -5.999999999999995, 986, 0.01856051254094382
552, 59, -5.799999999999995, 981, 0.02287724341554953
553, 225, -22.40000000000005, 973, 0.025858719754780823
554, 60, -5.899999999999995, 991, 0.013743783946781107
555, 55, -5.399999999999997, 992, 0.01921896159288039
556, 64, -6.299999999999994, 994, 0.025465894075963336
557, 53, -5.1999999999999975, 986, 0.02497005728278312
558, 62, -6.099999999999994, 999, 0.014374530030166977
559, 55, -5.399999999999997, 986, 0.02478972057075768
560, 49, -4.799999999999999, 981, 0.024458819022178058
561, 48, -4.699999999999999, 989, 0.02553618502368471
562, 49, -4.799999999999999, 997, 0.0240898704250313
563, 75, -7.39999999999999, 999, 0.023587593656740916
564, 54, -5.299999999999997, 986, 0.022620099395684656
565, 71, -6.999999999999991, 981, 0.022426804028833458
566, 225, -22.40000000000005, 987, 0.024881453169877776
567, 58, -5.699999999999996, 987, 0.022362436919445616
568, 54, -5.299999999999997, 995, 0.02326662035329119
569, 47, -4.6, 987, 0.017954394398808304
570, 51, -4.999999999999998, 983, 0.017655770037617646
571, 86, -8.499999999999986, 989, 0.019318909288329023
572, 57, -5.599999999999996, 988, 0.02306409421391714
573, 63, -6.199999999999994, 995, 0.017894746163588326
574, 68, -6.699999999999992, 985, 0.021990356508129638
575, 225, -22.40000000000005, 973, 0.016879329838224155
576, 54, -5.299999999999997, 980, 0.021783838521515275
577, 50, -4.899999999999999, 1005, 0.02315251766394666
578, 74, -7.29999999999999, 1002, 0.026817008176380552
579, 56, -5.4999999999999964, 993, 0.017815765529468397
580, 48, -4.699999999999999, 1005, 0.02285527233494644
581, 53, -5.1999999999999975, 1004, 0.025096494331980246
582, 86, -8.499999999999986, 1016, 0.020669687209015297
583, 50, -4.899999999999999, 1004, 0.012219618297073964
584, 56, -5.4999999999999964, 990, 0.018689270236337707
585, 47, -4.6, 995, 0.022380569721367483
586, 58, -5.699999999999996, 997, 0.02235766029705663
587, 128, -12.69999999999997, 1005, 0.023466860422538427
588, 53, -5.1999999999999975, 990, 0.021195202921335587
589, 59, -5.799999999999995, 997, 0.022772894320206016
590, 72, -7.099999999999991, 994, 0.020707355485659495
591, 57, -5.599999999999996, 1006, 0.021020669048445573
592, 70, -6.8999999999999915, 1002, 0.020250542856714127
593, 66, -6.499999999999993, 995, 0.025908765920411803
594, 48, -4.699999999999999, 999, 0.02101473316753011
595, 46, -4.5, 997, 0.021164242665707045
596, 52, -5.099999999999998, 993, 0.019972211031527465
597, 56, -5.4999999999999964, 994, 0.016528581102386752
598, 49, -4.799999999999999, 993, 0.022709928993022044
599, 57, -5.599999999999996, 1005, 0.02593477654628784
600, 65, -6.399999999999993, 1002, 0.0160296378341509
601, 53, -5.1999999999999975, 1003, 0.025016791231892377
602, 54, -5.299999999999997, 1003, 0.01731864968304664
603, 49, -4.799999999999999, 998, 0.020977023508567894
604, 68, -6.699999999999992, 997, 0.021465357038389976
605, 59, -5.799999999999995, 1001, 0.021800781523688473
606, 59, -5.799999999999995, 1013, 0.023365243873281427
607, 58, -5.699999999999996, 1011, 0.02049999529050006
608, 56, -5.4999999999999964, 1010, 0.023570475426156867
609, 51, -4.999999999999998, 1021, 0.0188539842954647
610, 56, -5.4999999999999964, 1041, 0.015427694061557418
611, 53, -5.1999999999999975, 1020, 0.02583771229175691
612, 225, -22.40000000000005, 1007, 0.020127431073682756
613, 55, -5.399999999999997, 1009, 0.02073099202905737
614, 67, -6.5999999999999925, 1004, 0.020861974064489197
615, 60, -5.899999999999995, 1021, 0.021179820590344955
616, 63, -6.199999999999994, 1005, 0.016864113817729898
617, 55, -5.399999999999997, 1017, 0.029166252308580443
618, 55, -5.399999999999997, 1021, 0.0245282892737404
619, 56, -5.4999999999999964, 1027, 0.025259793922689622
620, 62, -6.099999999999994, 1026, 0.02559159441717751
621, 52, -5.099999999999998, 1022, 0.020260334885418785
622, 57, -5.599999999999996, 1009, 0.021281088044814767
623, 72, -7.099999999999991, 995, 0.02278068414852008
624, 56, -5.4999999999999964, 1002, 0.022674744069113073
625, 82, -8.099999999999987, 1010, 0.02674031448232106
626, 57, -5.599999999999996, 1007, 0.020898797203524833
627, 59, -5.799999999999995, 1034, 0.01950197174014412
628, 49, -4.799999999999999, 1028, 0.025166600644371373
629, 100, -9.89999999999998, 1026, 0.02176982383057191
630, 65, -6.399999999999993, 1017, 0.021561133767208474
631, 52, -5.099999999999998, 1027, 0.022470866887463525
632, 55, -5.399999999999997, 1020, 0.02050748103616007
633, 47, -4.6, 1027, 0.025952288305194138
634, 56, -5.4999999999999964, 1011, 0.02027590858703121
635, 50, -4.899999999999999, 1013, 0.022333780706329742
636, 50, -4.899999999999999, 1036, 0.023216209866229076
637, 50, -4.899999999999999, 1024, 0.024982002951533078
638, 55, -5.399999999999997, 1021, 0.02324321627162229
639, 69, -6.799999999999992, 1006, 0.023227728136404835
640, 50, -4.899999999999999, 1023, 0.02193083387315342
641, 59, -5.799999999999995, 1017, 0.02179971094758343
642, 52, -5.099999999999998, 1026, 0.022926412528384232
643, 225, -22.40000000000005, 1036, 0.02235462205795624
644, 50, -4.899999999999999, 1020, 0.016970279791198806
645, 53, -5.1999999999999975, 1008, 0.020551507292092985
646, 67, -6.5999999999999925, 1012, 0.022885399253893546
647, 63, -6.199999999999994, 1036, 0.020573603142882868
648, 48, -4.699999999999999, 1023, 0.023610952394030993
649, 51, -4.999999999999998, 1020, 0.024654641802927202
650, 55, -5.399999999999997, 1025, 0.018479238563952283
651, 58, -5.699999999999996, 1028, 0.025316705280495344
652, 50, -4.899999999999999, 1027, 0.01830313781648618
653, 72, -7.099999999999991, 1017, 0.02076208355688358
654, 76, -7.499999999999989, 1022, 0.02537566699279481
655, 65, -6.399999999999993, 1024, 0.020973840662145193
656, 57, -5.599999999999996, 1016, 0.023246243821794535
657, 58, -5.699999999999996, 1038, 0.02090968775962554
658, 60, -5.899999999999995, 1042, 0.017673600223739983
659, 61, -5.999999999999995, 1039, 0.017933702215127134
660, 225, -22.40000000000005, 1030, 0.02320260321049114
661, 60, -5.899999999999995, 1035, 0.023774008207721575
662, 56, -5.4999999999999964, 1032, 0.019634934559848993
663, 63, -6.199999999999994, 1023, 0.023153672274824122
664, 53, -5.1999999999999975, 1041, 0.022334156025566987
665, 63, -6.199999999999994, 1037, 0.017952236142819267
666, 57, -5.599999999999996, 1033, 0.023275591153238184
667, 55, -5.399999999999997, 1023, 0.018871461113841637
668, 51, -4.999999999999998, 1048, 0.020606974900669428
669, 66, -6.499999999999993, 1048, 0.025220627583764532
670, 62, -6.099999999999994, 1031, 0.02088012168948883
671, 52, -5.099999999999998, 1041, 0.02418476744792969
672, 58, -5.699999999999996, 1039, 0.024740307156287056
673, 61, -5.999999999999995, 1043, 0.015786243176933556
674, 59, -5.799999999999995, 1046, 0.024492824430101923
675, 50, -4.899999999999999, 1035, 0.024140919897879864
676, 51, -4.999999999999998, 1029, 0.02075886180320108
677, 60, -5.899999999999995, 1024, 0.022058816718744212
678, 47, -4.6, 1028, 0.022489614839352967
679, 54, -5.299999999999997, 1039, 0.020212042343238146
680, 56, -5.4999999999999964, 1039, 0.02255421527461765
681, 45, -4.4, 1038, 0.023729476702768093
682, 49, -4.799999999999999, 1037, 0.0212975711756741
683, 49, -4.799999999999999, 1028, 0.01915560653588999
684, 54, -5.299999999999997, 1030, 0.025241686455356405
685, 54, -5.299999999999997, 1028, 0.02200389958484622
686, 57, -5.599999999999996, 1033, 0.017569513257623903
687, 57, -5.599999999999996, 1045, 0.01918126558344513
688, 57, -5.599999999999996, 1032, 0.023412042359644947
689, 76, -7.499999999999989, 1047, 0.023293406772786795
690, 44, -4.300000000000001, 1043, 0.023523067853717494
691, 55, -5.399999999999997, 1025, 0.021844348447543765
692, 50, -4.899999999999999, 1024, 0.023436814619813173
693, 225, -22.40000000000005, 1042, 0.020373459951560924
694, 62, -6.099999999999994, 1048, 0.020608055323975583
695, 62, -6.099999999999994, 1051, 0.026720182299258072
696, 56, -5.4999999999999964, 1040, 0.02079121625724456
697, 60, -5.899999999999995, 1047, 0.021677391662290768
698, 48, -4.699999999999999, 1035, 0.02098174128157726
699, 49, -4.799999999999999, 1063, 0.025216253352272677
700, 41, -4.000000000000002, 1042, 0.024292220073015125
701, 60, -5.899999999999995, 1056, 0.023361075794792352
702, 54, -5.299999999999997, 1059, 0.021129040923492548
703, 62, -6.099999999999994, 1052, 0.02191276125327768
704, 51, -4.999999999999998, 1068, 0.018438949580243058
705, 52, -5.099999999999998, 1064, 0.023862220682496993
706, 69, -6.799999999999992, 1047, 0.016540009226280183
707, 50, -4.899999999999999, 1056, 0.028720619824027294
708, 50, -4.899999999999999, 1046, 0.023570896837474153
709, 59, -5.799999999999995, 1073, 0.021774728089496875
710, 225, -22.40000000000005, 1047, 0.018265803281578008
711, 58, -5.699999999999996, 1056, 0.02191567314318621
712, 66, -6.499999999999993, 1043, 0.020241526506999397
713, 56, -5.4999999999999964, 1047, 0.024848990963417306
714, 56, -5.4999999999999964, 1053, 0.02525187386605854
715, 55, -5.399999999999997, 1047, 0.0185458979864368
716, 64, -6.299999999999994, 1063, 0.023569146541376873
717, 54, -5.299999999999997, 1062, 0.024733921590354924
718, 52, -5.099999999999998, 1061, 0.021763154003244356
719, 53, -5.1999999999999975, 1045, 0.020504655321518683
720, 70, -6.8999999999999915, 1068, 0.02366138364706094
721, 52, -5.099999999999998, 1056, 0.022335150206358567
722, 53, -5.1999999999999975, 1046, 0.021086742361322575
723, 47, -4.6, 1060, 0.02157175303909975
724, 60, -5.899999999999995, 1056, 0.21794406029270674
725, 61, -5.999999999999995, 1063, 0.025457921996768107
726, 63, -6.199999999999994, 1057, 0.020990091047828674
727, 48, -4.699999999999999, 1058, 0.018947754826845742
728, 48, -4.699999999999999, 1055, 0.028914984717135717
729, 45, -4.4, 1060, 0.024933689171273588
730, 56, -5.4999999999999964, 1052, 0.02605271569977495
731, 49, -4.799999999999999, 1044, 0.017370685695431654
732, 59, -5.799999999999995, 1077, 0.020837701379405438
733, 54, -5.299999999999997, 1071, 0.015359203615322947
734, 52, -5.099999999999998, 1054, 0.016876338911267386
735, 53, -5.1999999999999975, 1052, 0.019194653488134206
736, 57, -5.599999999999996, 1059, 0.024372903844966043
737, 52, -5.099999999999998, 1051, 0.02568254721252461
738, 60, -5.899999999999995, 1064, 0.01682652055945688
739, 51, -4.999999999999998, 1053, 0.024634676659858856
740, 53, -5.1999999999999975, 1039, 0.027300484578940076
741, 62, -6.099999999999994, 1061, 0.024239295226585744
742, 62, -6.099999999999994, 1056, 0.01870264875284766
743, 53, -5.1999999999999975, 1074, 0.024386779159319083
744, 45, -4.4, 1063, 0.025452806504033365
745, 58, -5.699999999999996, 1070, 0.028409816107574204
746, 64, -6.299999999999994, 1062, 0.02596415726913648
747, 56, -5.4999999999999964, 1074, 0.022593834147072167
748, 77, -7.599999999999989, 1066, 0.015789084060612746
749, 54, -5.299999999999997, 1070, 0.023367775813103675
750, 64, -6.299999999999994, 1066, 0.02059813921158815
751, 47, -4.6, 1062, 0.024153041929692698
752, 50, -4.899999999999999, 1074, 0.025472882118337842
753, 59, -5.799999999999995, 1068, 0.021373048421837515
754, 61, -5.999999999999995, 1069, 0.02409550676232075
755, 75, -7.39999999999999, 1078, 0.023252469034985263
756, 55, -5.399999999999997, 1073, 0.02200814112005256
757, 54, -5.299999999999997, 1078, 0.022984312369284776
758, 51, -4.999999999999998, 1071, 0.015962075641838158
759, 58, -5.699999999999996, 1071, 0.023580759823456143
760, 70, -6.8999999999999915, 1081, 0.020795271447378694
761, 72, -7.099999999999991, 1067, 0.022103032122142097
762, 49, -4.799999999999999, 1074, 0.01916588809431441
763, 64, -6.299999999999994, 1064, 0.0224387132199933
764, 64, -6.299999999999994, 1067, 0.025177669429294225
765, 57, -5.599999999999996, 1073, 0.024669981484022774
766, 64, -6.299999999999994, 1070, 0.024987545600558214
767, 67, -6.5999999999999925, 1073, 0.02241764813935726
768, 225, -22.40000000000005, 1079, 0.02156746511954899
769, 55, -5.399999999999997, 1078, 0.025047226397236666
770, 59, -5.799999999999995, 1070, 0.02477790637247612
771, 51, -4.999999999999998, 1071, 0.02062072651875413
772, 51, -4.999999999999998, 1075, 0.026085226600949474
773, 67, -6.5999999999999925, 1075, 0.027516245511317858
774, 56, -5.4999999999999964, 1070, 0.019445263409761715
775, 70, -6.8999999999999915, 1074, 0.020616802929150913
776, 61, -5.999999999999995, 1078, 0.025051884316849904
777, 65, -6.399999999999993, 1080, 0.01833869221909179
778, 50, -4.899999999999999, 1080, 0.02092307592712328
779, 55, -5.399999999999997, 1076, 0.01797505650755027
780, 52, -5.099999999999998, 1072, 0.02507135001602956
781, 48, -4.699999999999999, 1089, 0.022792684925547535
782, 67, -6.5999999999999925, 1080, 0.023523626798089503
783, 54, -5.299999999999997, 1091, 0.022052276420866046
784, 69, -6.799999999999992, 1087, 0.01793828282853749
785, 51, -4.999999999999998, 1079, 0.018526864472466098
786, 53, -5.1999999999999975, 1068, 0.01925225848666301
787, 53, -5.1999999999999975, 1085, 0.020600096362168197
788, 50, -4.899999999999999, 1075, 0.02370658128401046
789, 59, -5.799999999999995, 1097, 0.030971369263958604
790, 65, -6.399999999999993, 1085, 0.022392984047900244
791, 57, -5.599999999999996, 1101, 0.02283611961715909
792, 60, -5.899999999999995, 1085, 0.027321077593646492
793, 62, -6.099999999999994, 1076, 0.018011487510525503
794, 53, -5.1999999999999975, 1086, 0.021667925560933332
795, 54, -5.299999999999997, 1079, 0.024901855219606084
796, 60, -5.899999999999995, 1085, 0.02518309421314513
797, 49, -4.799999999999999, 1095, 0.02454826152602374
798, 56, -5.4999999999999964, 1103, 0.02352133337810669
799, 65, -6.399999999999993, 1081, 0.02263449115918087
800, 96, -9.499999999999982, 1091, 0.017327162103011773
801, 48, -4.699999999999999, 1098, 0.019969659836355014
802, 58, -5.699999999999996, 1088, 0.021877288124245498
803, 54, -5.299999999999997, 1100, 0.025839593462370636
804, 66, -6.499999999999993, 1119, 0.021771787991389624
805, 60, -5.899999999999995, 1086, 0.02480635806001663
806, 62, -6.099999999999994, 1096, 0.022266881087882773
807, 59, -5.799999999999995, 1098, 0.020198671224647136
808, 69, -6.799999999999992, 1100, 0.02071694321544637
809, 61, -5.999999999999995, 1081, 0.019609921193492585
810, 56, -5.4999999999999964, 1089, 0.02312781100176131
811, 70, -6.8999999999999915, 1093, 0.020602011674146214
812, 53, -5.1999999999999975, 1102, 0.014924067902143179
813, 54, -5.299999999999997, 1098, 0.021775458109628776
814, 60, -5.899999999999995, 1092, 0.01853576601234508
815, 48, -4.699999999999999, 1090, 0.015961048340604744
816, 57, -5.599999999999996, 1103, 0.017797082013218057
817, 57, -5.599999999999996, 1099, 0.023371375223546043
818, 57, -5.599999999999996, 1103, 0.022374575532607965
819, 70, -6.8999999999999915, 1100, 0.019584522017422223
820, 48, -4.699999999999999, 1087, 0.023702000806663737
821, 53, -5.1999999999999975, 1097, 0.026297430597000515
822, 51, -4.999999999999998, 1083, 0.022680201433132652
823, 57, -5.599999999999996, 1103, 0.02424729142894444
824, 50, -4.899999999999999, 1100, 0.021151732211476926
825, 58, -5.699999999999996, 1103, 0.01532939275738121
826, 48, -4.699999999999999, 1104, 0.024475049394750092
827, 57, -5.599999999999996, 1102, 0.02302725111313475
828, 58, -5.699999999999996, 1106, 0.021810906308615152
829, 49, -4.799999999999999, 1089, 0.020731427734707708
830, 87, -8.599999999999985, 1079, 0.021433061113185214
831, 57, -5.599999999999996, 1094, 0.017030395708796053
832, 53, -5.1999999999999975, 1090, 0.022401011440152163
833, 57, -5.599999999999996, 1109, 0.029737399160436162
834, 63, -6.199999999999994, 1095, 0.020112562976377202
835, 133, -13.199999999999969, 1100, 0.02076519814105371
836, 57, -5.599999999999996, 1105, 0.020308514863045968
837, 58, -5.699999999999996, 1107, 0.020936792663091952
838, 63, -6.199999999999994, 1102, 0.017622617803515928
839, 64, -6.299999999999994, 1117, 0.021947123047068223
840, 58, -5.699999999999996, 1105, 0.023662253272813905
841, 80, -7.899999999999988, 1113, 0.02229876318047805
842, 58, -5.699999999999996, 1110, 0.019188247022201788
843, 56, -5.4999999999999964, 1118, 0.02365441105840016
844, 59, -5.799999999999995, 1101, 0.023416484014268102
845, 69, -6.799999999999992, 1120, 0.03181045650910423
846, 53, -5.1999999999999975, 1107, 0.022393714893423455
847, 62, -6.099999999999994, 1103, 0.022881862441272993
848, 51, -4.999999999999998, 1111, 0.026174918376575984
849, 58, -5.699999999999996, 1110, 0.018405577031302522
850, 48, -4.699999999999999, 1112, 0.02450576222859363
851, 60, -5.899999999999995, 1107, 0.021710854793315804
852, 55, -5.399999999999997, 1120, 0.02523613494754906
853, 49, -4.799999999999999, 1103, 0.023262334068173907
854, 52, -5.099999999999998, 1124, 0.022800907014709382
855, 65, -6.399999999999993, 1117, 0.012531126354836442
856, 54, -5.299999999999997, 1106, 0.01925583066943659
857, 44, -4.300000000000001, 1111, 0.019562925072944326
858, 62, -6.099999999999994, 1108, 0.025686899507603167
859, 66, -6.499999999999993, 1120, 0.012935685761931381
860, 59, -5.799999999999995, 1111, 0.023160690430230613
861, 64, -6.299999999999994, 1109, 0.02396480854779648
862, 46, -4.5, 1119, 0.026302256058340134
863, 50, -4.899999999999999, 1103, 0.018601934384131713
864, 57, -5.599999999999996, 1110, 0.021688262779977152
865, 48, -4.699999999999999, 1123, 0.020222351779652703
866, 58, -5.699999999999996, 1114, 0.024229593051714904
867, 51, -4.999999999999998, 1118, 0.020364852451163484
868, 57, -5.599999999999996, 1130, 0.02442389031843284
869, 63, -6.199999999999994, 1127, 0.022700944182079352
870, 55, -5.399999999999997, 1117, 0.01928811903237193
871, 68, -6.699999999999992, 1129, 0.025602064808573743
872, 59, -5.799999999999995, 1115, 0.020582067302193252
873, 65, -6.399999999999993, 1108, 0.022934324434598904
874, 65, -6.399999999999993, 1121, 0.024925426533613182
875, 71, -6.999999999999991, 1128, 0.022200036019491387
876, 45, -4.4, 1126, 0.02411052784719314
877, 61, -5.999999999999995, 1117, 0.02014283013929674
878, 56, -5.4999999999999964, 1137, 0.023720242620413057
879, 63, -6.199999999999994, 1125, 0.019985803182199113
880, 62, -6.099999999999994, 1145, 0.027196704688128737
881, 66, -6.499999999999993, 1126, 0.018879485762389736
882, 60, -5.899999999999995, 1127, 0.026805679430889018
883, 50, -4.899999999999999, 1116, 0.017324149677711898
884, 62, -6.099999999999994, 1120, 0.021868149604340248
885, 66, -6.499999999999993, 1124, 0.02295046530665068
886, 59, -5.799999999999995, 1122, 0.02701531605696461
887, 51, -4.999999999999998, 1137, 0.0201719572457999
888, 59, -5.799999999999995, 1110, 0.024587496314323776
889, 56, -5.4999999999999964, 1124, 0.03010228037283247
890, 58, -5.699999999999996, 1135, 0.025152750867684703
891, 62, -6.099999999999994, 1121, 0.021677244636936432
892, 56, -5.4999999999999964, 1122, 0.024275071355806643
893, 48, -4.699999999999999, 1121, 0.020433461170162648
894, 49, -4.799999999999999, 1125, 0.019847779495057782
895, 48, -4.699999999999999, 1121, 0.020279542497991798
896, 51, -4.999999999999998, 1136, 0.02596477978285039
897, 43, -4.200000000000001, 1125, 0.025399154422599213
898, 53, -5.1999999999999975, 1135, 0.021909977682711634
899, 69, -6.799999999999992, 1123, 0.019379408581006397
900, 55, -5.399999999999997, 1120, 0.021452736696191632
901, 65, -6.399999999999993, 1121, 0.02405480672129845
902, 65, -6.399999999999993, 1133, 0.02163773741399222
903, 67, -6.5999999999999925, 1139, 0.03050098778937893
904, 64, -6.299999999999994, 1144, 0.02104621861821432
905, 51, -4.999999999999998, 1151, 0.02129597278395584
906, 54, -5.299999999999997, 1136, 0.022242366114895717
907, 60, -5.899999999999995, 1124, 0.02613568728920823
908, 64, -6.299999999999994, 1137, 0.025239240992163126
909, 43, -4.200000000000001, 1123, 0.018717989984920358
910, 49, -4.799999999999999, 1149, 0.022174960704928637
911, 52, -5.099999999999998, 1140, 0.022198427367730478
912, 58, -5.699999999999996, 1138, 0.018914345691216194
913, 50, -4.899999999999999, 1150, 0.0265919852396721
914, 59, -5.799999999999995, 1137, 0.01815315653915861
915, 53, -5.1999999999999975, 1150, 0.021518744851060978
916, 63, -6.199999999999994, 1133, 0.02086405304449035
917, 52, -5.099999999999998, 1140, 0.020721735955217147
918, 54, -5.299999999999997, 1148, 0.02421577482389836
919, 53, -5.1999999999999975, 1129, 0.027194222151726122
920, 57, -5.599999999999996, 1139, 0.018053251422593952
921, 52, -5.099999999999998, 1151, 0.021013751927507762
922, 59, -5.799999999999995, 1122, 0.02025962388284297
923, 54, -5.299999999999997, 1130, 0.02251448477633411
924, 56, -5.4999999999999964, 1141, 0.019624701455482008
925, 48, -4.699999999999999, 1140, 0.019025653450572833
926, 60, -5.899999999999995, 1146, 0.022670409125079782
927, 58, -5.699999999999996, 1143, 0.01976916738106471
928, 47, -4.6, 1147, 0.022143552274188072
929, 52, -5.099999999999998, 1141, 0.017930466391905764
930, 51, -4.999999999999998, 1139, 0.0246910487531955
931, 53, -5.1999999999999975, 1157, 0.02331828605540487
932, 63, -6.199999999999994, 1145, 0.022416223303600297
933, 62, -6.099999999999994, 1154, 0.019302044425005604
934, 58, -5.699999999999996, 1143, 0.019967681090423905
935, 60, -5.899999999999995, 1149, 0.021144655827215697
936, 62, -6.099999999999994, 1148, 0.018103271608745253
937, 61, -5.999999999999995, 1141, 0.022534462488019658
938, 51, -4.999999999999998, 1155, 0.020145457441206105
939, 65, -6.399999999999993, 1146, 0.02070784706880624
940, 65, -6.399999999999993, 1145, 0.016960014356009356
941, 58, -5.699999999999996, 1157, 0.02236396056056522
942, 58, -5.699999999999996, 1158, 0.019028028389953322
943, 58, -5.699999999999996, 1145, 0.019805297386325083
944, 69, -6.799999999999992, 1150, 0.023489950297175544
945, 68, -6.699999999999992, 1161, 0.024070269930490107
946, 57, -5.599999999999996, 1136, 0.02150048796751247
947, 53, -5.1999999999999975, 1137, 0.026893427676638493
948, 61, -5.999999999999995, 1139, 0.01967925779879076
949, 60, -5.899999999999995, 1142, 0.021691682344246566
950, 57, -5.599999999999996, 1141, 0.016368509376567975
951, 51, -4.999999999999998, 1147, 0.02147307972604251
952, 60, -5.899999999999995, 1159, 0.02221463475088914
953, 52, -5.099999999999998, 1140, 0.024589525451615524
954, 71, -6.999999999999991, 1150, 0.023363125573839127
955, 51, -4.999999999999998, 1157, 0.02720378503171786
956, 63, -6.199999999999994, 1169, 0.031367643247096844
957, 68, -6.699999999999992, 1154, 0.022988162167047133
958, 49, -4.799999999999999, 1163, 0.025531044513874113
959, 51, -4.999999999999998, 1155, 0.024308002515615157
960, 59, -5.799999999999995, 1164, 0.021484281962482976
961, 51, -4.999999999999998, 1149, 0.02083119943343803
962, 52, -5.099999999999998, 1156, 0.021813707309443986
963, 55, -5.399999999999997, 1160, 0.025007305411051672
964, 54, -5.299999999999997, 1147, 0.018420404457918593
965, 56, -5.4999999999999964, 1164, 0.020820706279876866
966, 57, -5.599999999999996, 1169, 0.021975358973862047
967, 51, -4.999999999999998, 1155, 0.024388629749072743
968, 57, -5.599999999999996, 1170, 0.0180760081746274
969, 51, -4.999999999999998, 1156, 0.022125931140648092
970, 53, -5.1999999999999975, 1166, 0.022230106041932318
971, 52, -5.099999999999998, 1156, 0.021949145316600915
972, 62, -6.099999999999994, 1151, 0.021992088408892663
973, 50, -4.899999999999999, 1159, 0.023404548538179748
974, 66, -6.499999999999993, 1173, 0.016861618470359385
975, 56, -5.4999999999999964, 1159, 0.02685566494481101
976, 50, -4.899999999999999, 1152, 0.01768309459371542
977, 58, -5.699999999999996, 1174, 0.01531369260752058
978, 56, -5.4999999999999964, 1163, 0.0188139098417901
979, 50, -4.899999999999999, 1166, 0.02233091646080565
980, 61, -5.999999999999995, 1163, 0.0231174225434293
981, 49, -4.799999999999999, 1148, 0.026316109130760434
982, 58, -5.699999999999996, 1150, 0.02489641870754189
983, 54, -5.299999999999997, 1157, 0.02094959295679555
984, 42, -4.100000000000001, 1153, 0.025970824443815932
985, 60, -5.899999999999995, 1168, 0.017421266860371265
986, 56, -5.4999999999999964, 1155, 0.020391645222673116
987, 59, -5.799999999999995, 1167, 0.023426020322081964
988, 59, -5.799999999999995, 1161, 0.02307928934440584
989, 53, -5.1999999999999975, 1149, 0.016359262115406725
990, 56, -5.4999999999999964, 1159, 0.021620420640802607
991, 59, -5.799999999999995, 1161, 0.018807049066035475
992, 57, -5.599999999999996, 1157, 0.023159753166393404
993, 55, -5.399999999999997, 1163, 0.02567783206318741
994, 57, -5.599999999999996, 1178, 0.01868558220345129
995, 60, -5.899999999999995, 1178, 0.02046706446311064
996, 59, -5.799999999999995, 1170, 0.03194943058903299
997, 68, -6.699999999999992, 1170, 0.019209177015413026
998, 62, -6.099999999999994, 1167, 0.0201651049479854
999, 52, -5.099999999999998, 1180, 0.022235024870193465
1000, 60, -5.899999999999995, 1173, 0.02136600900529323
