Episode, Steps, Reward, Time (in milliseconds), Convergence
1, 225, -22.40000000000005, 27, 1.2924009380268162
2, 225, -22.40000000000005, 52, 1.2219273882697466
3, 225, -22.40000000000005, 52, 0.18065235817927972
4, 225, -22.40000000000005, 43, 0.16680499849597996
5, 225, -22.40000000000005, 63, 0.16166891070303824
6, 225, -22.40000000000005, 64, 0.1387063582330581
7, 225, -22.40000000000005, 62, 1.3945982621396653
8, 225, -22.40000000000005, 63, 0.13352551325952255
9, 225, -22.40000000000005, 68, 2.0928101015131975
10, 225, -22.40000000000005, 79, 0.202835269516209
11, 225, -22.40000000000005, 63, 0.1558121706811334
12, 225, -22.40000000000005, 82, 0.20716389668605806
13, 225, -22.40000000000005, 76, 0.16203099126863485
14, 225, -22.40000000000005, 87, 0.13047741362500892
15, 225, -22.40000000000005, 95, 0.2759745545297928
16, 225, -22.40000000000005, 114, 0.13385601048453233
17, 225, -22.40000000000005, 104, 0.15458488386517155
18, 225, -22.40000000000005, 94, 0.21097095255436837
19, 225, -22.40000000000005, 107, 0.1711720026069825
20, 225, -22.40000000000005, 94, 0.22235948274112038
21, 225, -22.40000000000005, 119, 0.17078694715336062
22, 225, -22.40000000000005, 109, 0.1924371222767175
23, 225, -22.40000000000005, 126, 0.125776057472875
24, 225, -22.40000000000005, 112, 0.14653376120467132
25, 225, -22.40000000000005, 122, 0.16733559151037225
26, 225, -22.40000000000005, 118, 1.4292636487255135
27, 225, -22.40000000000005, 119, 0.23259528558162312
28, 225, -22.40000000000005, 138, 0.2511193347410363
29, 199, -19.80000000000001, 122, 0.2424756088149982
30, 225, -22.40000000000005, 127, 0.13766992031577674
31, 225, -22.40000000000005, 130, 1.83711721255855
32, 163, -16.19999999999996, 130, 0.1511923002699458
33, 225, -22.40000000000005, 136, 0.253570351182994
34, 225, -22.40000000000005, 134, 0.18219348505880983
35, 84, -8.299999999999986, 131, 0.17788146919475167
36, 225, -22.40000000000005, 140, 0.3013719664137571
37, 225, -22.40000000000005, 131, 0.1533865302554589
38, 225, -22.40000000000005, 147, 0.22965885480460557
39, 225, -22.40000000000005, 137, 0.1629254088123655
40, 225, -22.40000000000005, 141, 0.1430257306515862
41, 225, -22.40000000000005, 131, 0.1801160682879166
42, 225, -22.40000000000005, 156, 0.1652276528059886
43, 225, -22.40000000000005, 146, 0.19808275494377958
44, 225, -22.40000000000005, 147, 0.331518093408385
45, 225, -22.40000000000005, 145, 0.26781995557807503
46, 225, -22.40000000000005, 153, 0.2216489975466786
47, 225, -22.40000000000005, 153, 0.18056478327091752
48, 225, -22.40000000000005, 159, 0.26981490888357706
49, 225, -22.40000000000005, 159, 0.3316130235678715
50, 100, -9.89999999999998, 153, 0.22695345613934204
51, 108, -10.699999999999978, 153, 0.29995566673327234
52, 225, -22.40000000000005, 148, 0.299005006510741
53, 225, -22.40000000000005, 159, 0.29818232835909186
54, 101, -9.99999999999998, 150, 0.20328048347961292
55, 73, -7.19999999999999, 163, 0.2775212782066159
56, 225, -22.40000000000005, 153, 0.20154275747920325
57, 225, -22.40000000000005, 157, 0.2710211820852848
58, 68, -6.699999999999992, 169, 0.22054563080036582
59, 82, -8.099999999999987, 170, 0.24241788348331184
60, 144, -14.299999999999965, 169, 0.2438641609869494
61, 225, -22.40000000000005, 149, 0.1780170460566629
62, 144, -14.299999999999965, 161, 0.2714922455208909
63, 86, -8.499999999999986, 154, 0.26405976081874627
64, 225, -22.40000000000005, 169, 0.321748909589476
65, 225, -22.40000000000005, 167, 0.36340363135579334
66, 162, -16.09999999999996, 167, 0.14099748315286031
67, 183, -18.19999999999999, 170, 0.21217812564811256
68, 90, -8.899999999999984, 181, 0.4163756357442048
69, 225, -22.40000000000005, 171, 0.3102653229731862
70, 225, -22.40000000000005, 168, 0.3042929354053534
71, 140, -13.899999999999967, 173, 0.2010816789486638
72, 101, -9.99999999999998, 175, 0.37328416192085045
73, 101, -9.99999999999998, 172, 0.32497890986766453
74, 225, -22.40000000000005, 176, 0.23348814277344043
75, 67, -6.5999999999999925, 173, 0.30203836187951794
76, 77, -7.599999999999989, 183, 0.17529872620393805
77, 225, -22.40000000000005, 179, 1.7578752281801207
78, 169, -16.79999999999997, 181, 0.3701155342646869
79, 225, -22.40000000000005, 170, 0.23920531115589094
80, 225, -22.40000000000005, 176, 0.2396703788169905
81, 142, -14.099999999999966, 183, 0.3150103123947523
82, 120, -11.899999999999974, 185, 0.3256218903305239
83, 225, -22.40000000000005, 184, 0.18604212774827245
84, 225, -22.40000000000005, 184, 0.31833532353201477
85, 110, -10.899999999999977, 180, 0.24676079373837645
86, 95, -9.399999999999983, 179, 0.34286407310825284
87, 55, -5.399999999999997, 180, 0.17475535999306335
88, 108, -10.699999999999978, 191, 0.2473536778241654
89, 61, -5.999999999999995, 182, 0.23661566505158405
90, 66, -6.499999999999993, 186, 0.24598779046951957
91, 173, -17.199999999999974, 181, 0.4016032688176354
92, 225, -22.40000000000005, 175, 0.22074282771995746
93, 129, -12.79999999999997, 189, 0.1552428240260859
94, 69, -6.799999999999992, 185, 0.1970835831259945
95, 59, -5.799999999999995, 192, 0.3267738617077396
96, 124, -12.299999999999972, 181, 0.18262188392625212
97, 225, -22.40000000000005, 183, 0.3821895103006494
98, 60, -5.899999999999995, 191, 0.2425834291699296
99, 54, -5.299999999999997, 196, 0.2665051040098705
100, 225, -22.40000000000005, 187, 0.21651654242336882
101, 79, -7.799999999999988, 184, 0.25929664921895346
102, 106, -10.499999999999979, 196, 0.27421275991188687
103, 65, -6.399999999999993, 189, 0.2219467310510541
104, 87, -8.599999999999985, 197, 0.24937266811440884
105, 225, -22.40000000000005, 185, 0.3246109418672085
106, 136, -13.499999999999968, 194, 0.23655044180925033
107, 225, -22.40000000000005, 195, 1.2165324399464001
108, 225, -22.40000000000005, 189, 0.38764391135742304
109, 107, -10.599999999999978, 192, 0.24087337559049038
110, 155, -15.399999999999961, 195, 0.23783468429972832
111, 155, -15.399999999999961, 205, 0.30984522271784387
112, 64, -6.299999999999994, 194, 0.2163173240142564
113, 62, -6.099999999999994, 193, 0.3284280800307333
114, 68, -6.699999999999992, 203, 0.28733522957621727
115, 108, -10.699999999999978, 204, 0.28900963157838344
116, 77, -7.599999999999989, 201, 0.22313095343599132
117, 85, -8.399999999999986, 200, 0.22818564795479412
118, 225, -22.40000000000005, 202, 0.17993563068954233
119, 225, -22.40000000000005, 209, 0.24650559671573236
120, 164, -16.29999999999996, 197, 0.22643239081757294
121, 156, -15.499999999999961, 203, 0.23395331911451667
122, 49, -4.799999999999999, 203, 0.21220971018924262
123, 138, -13.699999999999967, 199, 0.22167627520937394
124, 95, -9.399999999999983, 211, 0.2179581405460027
125, 127, -12.599999999999971, 205, 0.19422763562173495
126, 96, -9.499999999999982, 214, 0.3034850529548314
127, 67, -6.5999999999999925, 199, 0.27367492264518045
128, 225, -22.40000000000005, 206, 0.26370411169976693
129, 166, -16.499999999999964, 211, 0.283305506687078
130, 150, -14.899999999999963, 200, 0.2677812666090671
131, 131, -12.99999999999997, 210, 0.18566800774258363
132, 145, -14.399999999999965, 208, 0.35429402521166464
133, 225, -22.40000000000005, 208, 0.26667690629767
134, 83, -8.199999999999987, 208, 0.24597785640997882
135, 149, -14.799999999999963, 210, 0.28617752579588274
136, 142, -14.099999999999966, 214, 0.19331329847323486
137, 64, -6.299999999999994, 204, 0.2749366105162947
138, 74, -7.29999999999999, 209, 0.17378347434526153
139, 83, -8.199999999999987, 213, 0.3214843731476953
140, 225, -22.40000000000005, 216, 0.264956101745957
141, 55, -5.399999999999997, 209, 0.35213702621048637
142, 59, -5.799999999999995, 205, 0.23755482513823067
143, 75, -7.39999999999999, 212, 0.2015158199555902
144, 100, -9.89999999999998, 213, 0.32567202549766994
145, 165, -16.399999999999963, 212, 0.3748312594540568
146, 82, -8.099999999999987, 220, 0.3627907313066012
147, 95, -9.399999999999983, 213, 0.35502228546164183
148, 68, -6.699999999999992, 215, 0.25401713036737705
149, 86, -8.499999999999986, 220, 0.3096193304414123
150, 53, -5.1999999999999975, 210, 0.28463416054690605
151, 159, -15.79999999999996, 220, 0.2506206074831273
152, 119, -11.799999999999974, 223, 0.21224974212560754
153, 225, -22.40000000000005, 219, 0.28435521634835614
154, 50, -4.899999999999999, 225, 0.3736565423332605
155, 85, -8.399999999999986, 226, 0.2011742422073084
156, 149, -14.799999999999963, 225, 0.37279580302563353
157, 142, -14.099999999999966, 225, 0.25078363444529383
158, 92, -9.099999999999984, 212, 0.2691025043993558
159, 225, -22.40000000000005, 230, 0.25836358793664216
160, 90, -8.899999999999984, 218, 0.29158983134771077
161, 165, -16.399999999999963, 227, 0.26914250747228774
162, 73, -7.19999999999999, 230, 0.4216050733712673
163, 52, -5.099999999999998, 223, 0.16092338470198686
164, 132, -13.09999999999997, 223, 0.26979514874949206
165, 225, -22.40000000000005, 224, 0.3904695055241141
166, 169, -16.79999999999997, 237, 0.34286949019065105
167, 97, -9.599999999999982, 225, 0.39816073282741815
168, 160, -15.89999999999996, 233, 0.17629068820463312
169, 50, -4.899999999999999, 226, 0.23588310724724848
170, 80, -7.899999999999988, 227, 0.24785453281364744
171, 225, -22.40000000000005, 230, 0.28267746776092106
172, 117, -11.599999999999975, 221, 0.3610169109303084
173, 92, -9.099999999999984, 230, 0.40873382913617906
174, 132, -13.09999999999997, 223, 0.32411449506623224
175, 225, -22.40000000000005, 228, 0.5111653084193639
176, 197, -19.60000000000001, 229, 0.2848515813962038
177, 114, -11.299999999999976, 240, 0.38180290366104463
178, 73, -7.19999999999999, 241, 0.24451125738081014
179, 92, -9.099999999999984, 238, 0.2460284833807238
180, 225, -22.40000000000005, 233, 0.3530118286343322
181, 75, -7.39999999999999, 234, 0.23458715313206024
182, 112, -11.099999999999977, 231, 0.3093030029611996
183, 90, -8.899999999999984, 244, 0.2838165039614382
184, 137, -13.599999999999968, 251, 0.34003420572071263
185, 225, -22.40000000000005, 242, 0.20905375439790586
186, 225, -22.40000000000005, 235, 0.28661881615661056
187, 213, -21.20000000000003, 238, 0.38052571690719794
188, 180, -17.899999999999984, 241, 0.23952739053288497
189, 123, -12.199999999999973, 239, 0.3292923034318451
190, 107, -10.599999999999978, 246, 0.19600186787791474
191, 225, -22.40000000000005, 250, 0.28896859169867484
192, 87, -8.599999999999985, 258, 0.3126698546663689
193, 64, -6.299999999999994, 242, 0.438927676292558
194, 84, -8.299999999999986, 243, 0.31538008464111
195, 93, -9.199999999999983, 242, 0.2081183276217693
196, 200, -19.900000000000013, 238, 0.1776026718178163
197, 69, -6.799999999999992, 255, 0.26391166516016806
198, 150, -14.899999999999963, 235, 0.24873267233550322
199, 208, -20.700000000000024, 243, 0.25109073897494505
200, 67, -6.5999999999999925, 255, 0.2582413327103943
201, 225, -22.40000000000005, 244, 0.21066946584684174
202, 185, -18.39999999999999, 246, 0.28182577873426284
203, 225, -22.40000000000005, 254, 0.2336672679046896
204, 225, -22.40000000000005, 246, 0.17457337449978305
205, 61, -5.999999999999995, 250, 0.22732610561409072
206, 67, -6.5999999999999925, 246, 0.3408002143443045
207, 122, -12.099999999999973, 254, 0.20690584041472726
208, 225, -22.40000000000005, 246, 0.2671000874381386
209, 53, -5.1999999999999975, 252, 0.34124107632275114
210, 151, -14.999999999999963, 241, 0.41935367015243186
211, 94, -9.299999999999983, 254, 0.17809050763484124
212, 86, -8.499999999999986, 261, 0.21829783888161636
213, 225, -22.40000000000005, 250, 0.30087694961471767
214, 125, -12.399999999999972, 260, 0.29351454468729443
215, 103, -10.19999999999998, 246, 0.17518304694202402
216, 64, -6.299999999999994, 255, 0.26433183963312423
217, 225, -22.40000000000005, 270, 0.2775289098935374
218, 109, -10.799999999999978, 260, 0.25046403547086626
219, 113, -11.199999999999976, 260, 0.3396402143521202
220, 133, -13.199999999999969, 255, 0.270035704805915
221, 142, -14.099999999999966, 259, 0.27958207770305554
222, 75, -7.39999999999999, 258, 0.2794679809091103
223, 225, -22.40000000000005, 253, 0.28753897419676533
224, 109, -10.799999999999978, 268, 0.33079058606674794
225, 81, -7.999999999999988, 246, 0.16959766929177222
226, 69, -6.799999999999992, 265, 0.197514196151086
227, 225, -22.40000000000005, 257, 0.34481706724710115
228, 63, -6.199999999999994, 265, 0.2981413683697558
229, 82, -8.099999999999987, 265, 0.3277429385722219
230, 140, -13.899999999999967, 266, 0.2415902776876866
231, 160, -15.89999999999996, 264, 0.24153679691932073
232, 91, -8.999999999999984, 265, 0.24560516001836685
233, 225, -22.40000000000005, 278, 0.19293126615355694
234, 181, -17.999999999999986, 259, 0.3123735680915076
235, 198, -19.70000000000001, 266, 0.23977470534140788
236, 173, -17.199999999999974, 266, 0.36028483769607433
237, 109, -10.799999999999978, 267, 0.2628608296310615
238, 87, -8.599999999999985, 266, 0.32024733178060494
239, 66, -6.499999999999993, 280, 0.2563646037697973
240, 129, -12.79999999999997, 270, 0.26908493169928116
241, 225, -22.40000000000005, 268, 0.28932584577764286
242, 159, -15.79999999999996, 276, 0.35534246017674365
243, 225, -22.40000000000005, 271, 0.2375643813687085
244, 110, -10.899999999999977, 265, 0.21921626119473547
245, 82, -8.099999999999987, 281, 0.3692040805432417
246, 225, -22.40000000000005, 274, 0.28458404501583034
247, 48, -4.699999999999999, 270, 0.17107586741749303
248, 98, -9.699999999999982, 269, 0.32085613190145135
249, 77, -7.599999999999989, 275, 0.29137146349081533
250, 149, -14.799999999999963, 280, 0.2473775584220097
251, 76, -7.499999999999989, 276, 0.24091406196426757
252, 164, -16.29999999999996, 285, 0.2969560689731734
253, 97, -9.599999999999982, 287, 0.3812435101020277
254, 179, -17.799999999999983, 274, 0.385713726034543
255, 117, -11.599999999999975, 277, 0.1932784560663241
256, 204, -20.30000000000002, 281, 0.3507926064330693
257, 104, -10.29999999999998, 283, 0.253990875631531
258, 78, -7.699999999999989, 289, 0.24167384903979738
259, 62, -6.099999999999994, 272, 0.25184293812339886
260, 157, -15.59999999999996, 282, 0.3422834527449634
261, 225, -22.40000000000005, 282, 0.3840237210806341
262, 223, -22.200000000000045, 280, 0.2758785324316886
263, 119, -11.799999999999974, 282, 0.30466009403058925
264, 184, -18.29999999999999, 278, 0.2718143608007466
265, 102, -10.09999999999998, 283, 0.3051646536187831
266, 190, -18.9, 284, 0.28406317825541905
267, 132, -13.09999999999997, 288, 0.22540275787883224
268, 150, -14.899999999999963, 286, 0.23890100515972135
269, 79, -7.799999999999988, 272, 0.24496127398986722
270, 194, -19.300000000000004, 278, 0.2209494900623259
271, 225, -22.40000000000005, 287, 0.2690489512361487
272, 98, -9.699999999999982, 296, 0.23399945808379807
273, 225, -22.40000000000005, 287, 0.17825504330158182
274, 108, -10.699999999999978, 294, 0.28344800636752154
275, 159, -15.79999999999996, 290, 0.35618304174617943
276, 93, -9.199999999999983, 296, 0.22475459568440925
277, 225, -22.40000000000005, 295, 0.32892707305757374
278, 137, -13.599999999999968, 293, 0.310856822643502
279, 50, -4.899999999999999, 291, 0.13887641859485145
280, 110, -10.899999999999977, 289, 0.3803962076250387
281, 165, -16.399999999999963, 300, 0.20392975258822998
282, 147, -14.599999999999964, 295, 0.18985168331266067
283, 225, -22.40000000000005, 284, 0.23896588501153238
284, 48, -4.699999999999999, 291, 0.21341213057616626
285, 150, -14.899999999999963, 297, 0.20736158316873432
286, 133, -13.199999999999969, 295, 0.34557412315954084
287, 222, -22.100000000000044, 289, 0.2651210557619854
288, 103, -10.19999999999998, 301, 0.22084827077827152
289, 67, -6.5999999999999925, 291, 0.2783519384755273
290, 95, -9.399999999999983, 288, 0.28602547332015815
291, 225, -22.40000000000005, 310, 0.22492364778960183
292, 225, -22.40000000000005, 294, 0.3215277725008516
293, 93, -9.199999999999983, 302, 0.2619090029914566
294, 225, -22.40000000000005, 294, 0.2431638225470063
295, 50, -4.899999999999999, 308, 0.25501227714618135
296, 148, -14.699999999999964, 296, 0.35724212138919764
297, 83, -8.199999999999987, 293, 0.25605119827940515
298, 92, -9.099999999999984, 295, 0.4515068576244554
299, 146, -14.499999999999964, 294, 0.367423945290714
300, 87, -8.599999999999985, 305, 0.24294203558876726
301, 146, -14.499999999999964, 300, 0.24496579349613468
302, 135, -13.399999999999968, 302, 0.3136123529244439
303, 122, -12.099999999999973, 303, 0.24788182570213402
304, 108, -10.699999999999978, 308, 0.26229701349913626
305, 191, -19.0, 318, 0.25792192166428674
306, 225, -22.40000000000005, 308, 0.3281718836676385
307, 63, -6.199999999999994, 321, 0.20935216463018103
308, 51, -4.999999999999998, 306, 0.387701172593772
309, 82, -8.099999999999987, 304, 0.23444045532417057
310, 124, -12.299999999999972, 305, 0.3654550560278973
311, 76, -7.499999999999989, 307, 0.21204443548395613
312, 59, -5.799999999999995, 313, 0.27727325613029796
313, 160, -15.89999999999996, 302, 0.34160158840146115
314, 114, -11.299999999999976, 309, 0.2716085210206174
315, 180, -17.899999999999984, 309, 0.4056909599570697
316, 57, -5.599999999999996, 308, 0.30004902044316517
317, 53, -5.1999999999999975, 326, 0.31738443634567126
318, 169, -16.79999999999997, 309, 0.2851762890606109
319, 57, -5.599999999999996, 313, 0.4832960623323288
320, 77, -7.599999999999989, 305, 0.30817458893163563
321, 52, -5.099999999999998, 324, 0.3456862771890228
322, 132, -13.09999999999997, 309, 0.2676214401528796
323, 110, -10.899999999999977, 313, 0.20975876097359825
324, 146, -14.499999999999964, 319, 0.24338957920243454
325, 58, -5.699999999999996, 319, 0.14292785940329322
326, 70, -6.8999999999999915, 316, 0.31750487680209893
327, 225, -22.40000000000005, 320, 0.23628612194582077
328, 225, -22.40000000000005, 328, 0.1901892395115352
329, 165, -16.399999999999963, 315, 0.3205176741873872
330, 119, -11.799999999999974, 330, 0.27274152398998885
331, 225, -22.40000000000005, 316, 0.32967137467161534
332, 90, -8.899999999999984, 317, 0.2503975830044265
333, 225, -22.40000000000005, 327, 0.3169704892039009
334, 54, -5.299999999999997, 321, 0.17018750539635685
335, 125, -12.399999999999972, 312, 0.28348066806871186
336, 225, -22.40000000000005, 333, 0.20035598079234607
337, 116, -11.499999999999975, 325, 0.26116438320185215
338, 70, -6.8999999999999915, 333, 0.3492200697471597
339, 104, -10.29999999999998, 324, 0.44739810687582304
340, 225, -22.40000000000005, 318, 0.2918244700703334
341, 225, -22.40000000000005, 320, 0.2273624074886902
342, 159, -15.79999999999996, 325, 0.2898333440907508
343, 49, -4.799999999999999, 338, 0.19438406035264522
344, 225, -22.40000000000005, 331, 0.3024411090952286
345, 225, -22.40000000000005, 333, 0.3667407136331666
346, 225, -22.40000000000005, 331, 0.19397729181907852
347, 225, -22.40000000000005, 324, 0.2353119250757998
348, 96, -9.499999999999982, 330, 0.21273026385336857
349, 225, -22.40000000000005, 315, 0.4639519357120636
350, 218, -21.70000000000004, 331, 0.3452042122398794
351, 62, -6.099999999999994, 323, 0.30569886399747315
352, 95, -9.399999999999983, 344, 0.4067599756240936
353, 183, -18.19999999999999, 329, 0.27919037509008104
354, 77, -7.599999999999989, 337, 0.3020480519919775
355, 146, -14.499999999999964, 335, 0.45633467602665845
356, 124, -12.299999999999972, 340, 0.2677375699478759
357, 100, -9.89999999999998, 336, 0.41392699099392827
358, 168, -16.699999999999967, 340, 0.24254203716665446
359, 225, -22.40000000000005, 324, 0.335006665878089
360, 51, -4.999999999999998, 336, 0.2543895329621877
361, 69, -6.799999999999992, 336, 0.5077693340588514
362, 205, -20.40000000000002, 334, 0.24759974993181566
363, 222, -22.100000000000044, 333, 0.3359182580497717
364, 115, -11.399999999999975, 341, 0.17522178931473853
365, 137, -13.599999999999968, 337, 0.24522238169201782
366, 94, -9.299999999999983, 327, 0.20021032709007391
367, 225, -22.40000000000005, 332, 0.20922572385622118
368, 181, -17.999999999999986, 342, 0.34605021868876573
369, 154, -15.299999999999962, 332, 0.2525393731974682
370, 96, -9.499999999999982, 336, 0.34642031232238946
371, 91, -8.999999999999984, 348, 0.2537200865543824
372, 75, -7.39999999999999, 342, 0.2462748508340642
373, 65, -6.399999999999993, 341, 0.3510254126585184
374, 92, -9.099999999999984, 343, 0.20474047388042274
375, 127, -12.599999999999971, 343, 0.16949332751228363
376, 87, -8.599999999999985, 342, 0.32162368988661916
377, 179, -17.799999999999983, 350, 0.3506545182928864
378, 134, -13.299999999999969, 342, 0.22492079293458955
379, 76, -7.499999999999989, 348, 0.2086499147929406
380, 164, -16.29999999999996, 346, 0.3259426267091041
381, 131, -12.99999999999997, 346, 0.18772637886706955
382, 85, -8.399999999999986, 342, 0.23020545310304952
383, 97, -9.599999999999982, 351, 0.42282947390118375
384, 89, -8.799999999999985, 349, 0.23774867285258416
385, 82, -8.099999999999987, 340, 0.2027680418997735
386, 119, -11.799999999999974, 371, 0.35217592521629726
387, 81, -7.999999999999988, 359, 0.27941024982714346
388, 128, -12.69999999999997, 351, 0.28087540644458064
389, 65, -6.399999999999993, 340, 0.3132613553942756
390, 89, -8.799999999999985, 349, 0.2441054457460341
391, 88, -8.699999999999985, 354, 0.32677781960588703
392, 76, -7.499999999999989, 354, 0.2342019631393435
393, 167, -16.599999999999966, 360, 0.15132811232767507
394, 149, -14.799999999999963, 344, 0.48843402893620486
395, 114, -11.299999999999976, 358, 0.30407412867290984
396, 58, -5.699999999999996, 370, 0.2438673661418167
397, 103, -10.19999999999998, 363, 0.21073790901746536
398, 146, -14.499999999999964, 366, 0.27628602379971356
399, 83, -8.199999999999987, 356, 0.32380534165016117
400, 225, -22.40000000000005, 359, 0.3905318053079436
401, 57, -5.599999999999996, 363, 0.1931388907753946
402, 225, -22.40000000000005, 360, 0.2846558617718802
403, 225, -22.40000000000005, 357, 0.46161918174031724
404, 79, -7.799999999999988, 344, 0.38916548971885945
405, 104, -10.29999999999998, 366, 0.18577740564076262
406, 225, -22.40000000000005, 355, 0.2830826837297442
407, 93, -9.199999999999983, 357, 0.24353726413050447
408, 82, -8.099999999999987, 353, 0.2322512799022951
409, 136, -13.499999999999968, 360, 0.29731887716941385
410, 167, -16.599999999999966, 359, 0.27603718768348573
411, 222, -22.100000000000044, 354, 0.2672611511551585
412, 200, -19.900000000000013, 363, 0.24921121058013207
413, 75, -7.39999999999999, 363, 0.4381602713452879
414, 112, -11.099999999999977, 352, 0.24346723612992793
415, 117, -11.599999999999975, 370, 0.2870955206383847
416, 214, -21.300000000000033, 364, 0.24139633818663864
417, 225, -22.40000000000005, 363, 0.2913555544828389
418, 189, -18.799999999999997, 364, 0.2974943928551168
419, 57, -5.599999999999996, 358, 0.26193206515519063
420, 85, -8.399999999999986, 370, 0.14261788288085853
421, 225, -22.40000000000005, 370, 0.25735603054225464
422, 153, -15.199999999999962, 363, 0.20566830005321668
423, 83, -8.199999999999987, 359, 0.24897039836360602
424, 225, -22.40000000000005, 367, 0.273328895776473
425, 225, -22.40000000000005, 369, 0.24193179994337888
426, 54, -5.299999999999997, 373, 0.17466745758847546
427, 204, -20.30000000000002, 370, 0.29379782978267177
428, 225, -22.40000000000005, 373, 0.2289013961552251
429, 88, -8.699999999999985, 367, 0.2750063937185414
430, 133, -13.199999999999969, 377, 0.24367938806244482
431, 70, -6.8999999999999915, 387, 0.3472833429567248
432, 190, -18.9, 364, 0.2483428725460204
433, 225, -22.40000000000005, 377, 0.31413499622883556
434, 144, -14.299999999999965, 377, 0.25315551053446383
435, 60, -5.899999999999995, 373, 0.2837992042674018
436, 56, -5.4999999999999964, 379, 0.4303815767140424
437, 65, -6.399999999999993, 381, 0.27421646439323943
438, 91, -8.999999999999984, 370, 0.27708866300174284
439, 69, -6.799999999999992, 367, 0.2632464071212084
440, 65, -6.399999999999993, 382, 0.26157345154168476
441, 225, -22.40000000000005, 366, 0.33128488266713196
442, 101, -9.99999999999998, 389, 0.4025454252071987
443, 111, -10.999999999999977, 379, 0.34698322776269563
444, 135, -13.399999999999968, 381, 0.24994421640382836
445, 96, -9.499999999999982, 371, 0.18579701825848316
446, 152, -15.099999999999962, 378, 0.3945385348286179
447, 56, -5.4999999999999964, 387, 0.29701724129754004
448, 110, -10.899999999999977, 388, 0.263718259618023
449, 225, -22.40000000000005, 386, 0.4223457734657261
450, 100, -9.89999999999998, 393, 0.29990015138047244
451, 225, -22.40000000000005, 389, 0.29186938440172394
452, 124, -12.299999999999972, 395, 0.35009279914933567
453, 66, -6.499999999999993, 389, 0.3838239801782035
454, 78, -7.699999999999989, 381, 0.36553598447448943
455, 119, -11.799999999999974, 396, 0.3716449083453688
456, 173, -17.199999999999974, 391, 0.338376352030632
457, 69, -6.799999999999992, 388, 0.24872533326517265
458, 74, -7.29999999999999, 388, 0.37891458775537723
459, 82, -8.099999999999987, 374, 0.2588664968012213
460, 168, -16.699999999999967, 394, 0.2367814334844569
461, 111, -10.999999999999977, 398, 0.2904085045794438
462, 123, -12.199999999999973, 393, 0.499686607289477
463, 225, -22.40000000000005, 387, 0.23356077429950917
464, 167, -16.599999999999966, 393, 0.442792835415287
465, 225, -22.40000000000005, 392, 0.3393706072669209
466, 87, -8.599999999999985, 397, 0.16767744658384054
467, 101, -9.99999999999998, 395, 0.32696653641247364
468, 225, -22.40000000000005, 380, 0.3084551486902829
469, 178, -17.69999999999998, 383, 0.19132416640038308
470, 109, -10.799999999999978, 386, 0.24103396000214794
471, 67, -6.5999999999999925, 380, 0.2618805173000127
472, 94, -9.299999999999983, 386, 0.19570172403179864
473, 58, -5.699999999999996, 388, 0.2836697607341785
474, 225, -22.40000000000005, 388, 0.2316591659966334
475, 194, -19.300000000000004, 391, 0.2875953567038323
476, 225, -22.40000000000005, 402, 0.29259632208599395
477, 68, -6.699999999999992, 382, 0.20148971476714062
478, 225, -22.40000000000005, 394, 0.37086168715772105
479, 90, -8.899999999999984, 386, 0.21501162607711155
480, 85, -8.399999999999986, 390, 0.24680259787512027
481, 191, -19.0, 386, 0.23160239851874787
482, 115, -11.399999999999975, 394, 0.32920077671101433
483, 84, -8.299999999999986, 395, 0.3010987391349347
484, 201, -20.000000000000014, 409, 0.30152979993468065
485, 73, -7.19999999999999, 404, 0.2675427109121715
486, 60, -5.899999999999995, 402, 0.17637630381602976
487, 225, -22.40000000000005, 402, 0.20357745912323533
488, 104, -10.29999999999998, 402, 0.2879772086427239
489, 67, -6.5999999999999925, 386, 0.299078864641265
490, 61, -5.999999999999995, 408, 0.33176459566747174
491, 68, -6.699999999999992, 390, 0.1564012939585182
492, 225, -22.40000000000005, 421, 0.27404644460555705
493, 225, -22.40000000000005, 416, 0.26519596472618767
494, 225, -22.40000000000005, 406, 0.26145228398031173
495, 225, -22.40000000000005, 408, 0.2998255173708113
496, 199, -19.80000000000001, 408, 0.1961581257566709
497, 94, -9.299999999999983, 407, 0.20094177379803524
498, 58, -5.699999999999996, 408, 0.25745543228383205
499, 215, -21.400000000000034, 397, 0.27788235782579473
500, 225, -22.40000000000005, 408, 0.2996395801798144
501, 170, -16.89999999999997, 419, 0.15047833968879631
502, 114, -11.299999999999976, 407, 0.23439408199272704
503, 92, -9.099999999999984, 402, 0.29456867187505775
504, 86, -8.499999999999986, 401, 0.14477074799032397
505, 225, -22.40000000000005, 416, 0.27885530024871974
506, 120, -11.899999999999974, 405, 0.24520242219242228
507, 113, -11.199999999999976, 408, 0.34006979808553295
508, 81, -7.999999999999988, 416, 0.22588078964870206
509, 108, -10.699999999999978, 423, 0.3716412244629048
510, 141, -13.999999999999966, 418, 0.30286635080758817
511, 86, -8.499999999999986, 410, 0.2873790876490001
512, 62, -6.099999999999994, 412, 0.28151136824622647
513, 225, -22.40000000000005, 417, 0.2572117312717652
514, 59, -5.799999999999995, 414, 0.29313460726034757
515, 59, -5.799999999999995, 426, 0.24072686514605346
516, 56, -5.4999999999999964, 419, 0.24289606790413387
517, 149, -14.799999999999963, 419, 0.26587572254986336
518, 119, -11.799999999999974, 427, 0.19172179284078839
519, 210, -20.900000000000027, 421, 0.20604566257907386
520, 225, -22.40000000000005, 406, 0.2601330565978164
521, 97, -9.599999999999982, 420, 0.31263270325203063
522, 69, -6.799999999999992, 430, 0.2944125787962917
523, 71, -6.999999999999991, 418, 0.3322161370471943
524, 102, -10.09999999999998, 426, 0.3354312081580755
525, 205, -20.40000000000002, 411, 0.3024469364457292
526, 182, -18.099999999999987, 425, 0.20907773802493335
527, 142, -14.099999999999966, 426, 0.3491016886008269
528, 165, -16.399999999999963, 420, 0.22597581533103345
529, 128, -12.69999999999997, 436, 0.3003264010193134
530, 200, -19.900000000000013, 441, 0.37435301882803707
531, 130, -12.89999999999997, 426, 0.3432249476352238
532, 91, -8.999999999999984, 433, 0.3445558601738512
533, 88, -8.699999999999985, 426, 0.32884326217110305
534, 217, -21.600000000000037, 425, 0.20057415937721634
535, 72, -7.099999999999991, 432, 0.3279481878793975
536, 225, -22.40000000000005, 443, 0.260812358621735
537, 205, -20.40000000000002, 424, 0.222295880373923
538, 58, -5.699999999999996, 433, 0.32551076814256685
539, 225, -22.40000000000005, 432, 0.2599007829600979
540, 68, -6.699999999999992, 428, 0.2121438156962574
541, 225, -22.40000000000005, 432, 0.19427309429792539
542, 121, -11.999999999999973, 439, 0.356777017103175
543, 49, -4.799999999999999, 432, 0.1888596027601528
544, 57, -5.599999999999996, 428, 0.16856418038522758
545, 173, -17.199999999999974, 426, 0.24729189732610557
546, 63, -6.199999999999994, 446, 0.1612226220237334
547, 79, -7.799999999999988, 429, 0.20578090210855127
548, 225, -22.40000000000005, 439, 0.39838516096625054
549, 138, -13.699999999999967, 435, 0.2491044463366614
550, 83, -8.199999999999987, 437, 0.27334172794598266
551, 97, -9.599999999999982, 441, 0.2602981640756109
552, 113, -11.199999999999976, 437, 0.30244727212179434
553, 225, -22.40000000000005, 446, 0.34888639975895197
554, 163, -16.19999999999996, 419, 0.3814259731813876
555, 218, -21.70000000000004, 438, 0.22967818852947075
556, 103, -10.19999999999998, 436, 0.3497074075601665
557, 225, -22.40000000000005, 453, 0.3711870832501005
558, 225, -22.40000000000005, 434, 0.2713904425185123
559, 81, -7.999999999999988, 438, 0.22805340173453192
560, 131, -12.99999999999997, 439, 0.3319697637746768
561, 135, -13.399999999999968, 437, 0.26365709943308446
562, 55, -5.399999999999997, 450, 0.3252350664518193
563, 59, -5.799999999999995, 426, 0.22066634191928713
564, 98, -9.699999999999982, 442, 0.21191797854093508
565, 225, -22.40000000000005, 453, 0.43529918655684696
566, 62, -6.099999999999994, 452, 0.29318509666496384
567, 113, -11.199999999999976, 450, 0.33311400249070156
568, 127, -12.599999999999971, 445, 0.25274444888392544
569, 225, -22.40000000000005, 450, 0.39556483872275905
570, 137, -13.599999999999968, 446, 0.2189326977143029
571, 122, -12.099999999999973, 450, 0.3014277957560543
572, 65, -6.399999999999993, 445, 0.19829307782138827
573, 90, -8.899999999999984, 455, 0.35361320091216886
574, 225, -22.40000000000005, 456, 0.2852564046584427
575, 83, -8.199999999999987, 443, 0.2886666652476868
576, 107, -10.599999999999978, 443, 0.18879806328810567
577, 164, -16.29999999999996, 450, 0.3152739641865754
578, 143, -14.199999999999966, 451, 0.21550064989982487
579, 72, -7.099999999999991, 458, 0.30552224537008743
580, 61, -5.999999999999995, 466, 0.32680103659273163
581, 96, -9.499999999999982, 461, 0.27198983547962263
582, 57, -5.599999999999996, 455, 0.40574641333384465
583, 80, -7.899999999999988, 452, 0.21682119033187863
584, 57, -5.599999999999996, 450, 0.2572152441351647
585, 169, -16.79999999999997, 444, 0.2023889674169277
586, 74, -7.29999999999999, 474, 0.2605583983886385
587, 225, -22.40000000000005, 461, 0.3707621300906545
588, 112, -11.099999999999977, 452, 0.2029259917966253
589, 188, -18.699999999999996, 445, 0.4368347355050366
590, 108, -10.699999999999978, 452, 0.19561738272406926
591, 107, -10.599999999999978, 454, 0.2666743122849409
592, 103, -10.19999999999998, 459, 0.19359103740235017
593, 60, -5.899999999999995, 485, 0.3409804120561871
594, 68, -6.699999999999992, 466, 0.3924176262741059
595, 225, -22.40000000000005, 462, 0.3229474004847881
596, 74, -7.29999999999999, 465, 0.35554192261543927
597, 160, -15.89999999999996, 476, 0.2415761039350537
598, 133, -13.199999999999969, 463, 0.3749561737382896
599, 225, -22.40000000000005, 467, 0.33876367680619657
600, 101, -9.99999999999998, 472, 0.4078701526779256
601, 103, -10.19999999999998, 462, 0.26976312235110167
602, 117, -11.599999999999975, 457, 0.28140521465591795
603, 73, -7.19999999999999, 479, 0.29809282999908726
604, 153, -15.199999999999962, 464, 0.27483614198111006
605, 225, -22.40000000000005, 467, 0.18049484851592634
606, 172, -17.099999999999973, 470, 0.32503093402527083
607, 114, -11.299999999999976, 465, 0.24529299999927723
608, 87, -8.599999999999985, 481, 0.28310962071920454
609, 81, -7.999999999999988, 457, 0.3515712184331381
610, 225, -22.40000000000005, 486, 0.3915469634898918
611, 74, -7.29999999999999, 480, 0.301216368799488
612, 100, -9.89999999999998, 461, 0.3016102327795803
613, 60, -5.899999999999995, 464, 0.28708541899113804
614, 88, -8.699999999999985, 475, 0.2807019176717729
615, 101, -9.99999999999998, 464, 0.3337847212273979
616, 93, -9.199999999999983, 475, 0.24939588007507707
617, 225, -22.40000000000005, 484, 0.2080677564450566
618, 112, -11.099999999999977, 456, 0.2772106936881251
619, 190, -18.9, 472, 0.31939599504150906
620, 78, -7.699999999999989, 477, 0.19109133032068137
621, 84, -8.299999999999986, 480, 0.30022906314778064
622, 90, -8.899999999999984, 487, 0.48468340049979364
623, 170, -16.89999999999997, 475, 0.5081648173585158
624, 157, -15.59999999999996, 474, 0.17334818451644418
625, 132, -13.09999999999997, 490, 0.21904563272520994
626, 225, -22.40000000000005, 485, 0.4303386181970428
627, 64, -6.299999999999994, 471, 0.22562766602934303
628, 225, -22.40000000000005, 488, 0.43232667900004174
629, 225, -22.40000000000005, 491, 0.34158637815642345
630, 119, -11.799999999999974, 480, 0.22520608842363954
631, 182, -18.099999999999987, 487, 0.3287040041566105
632, 225, -22.40000000000005, 488, 0.32842442900775604
633, 225, -22.40000000000005, 488, 0.42965612463423586
634, 225, -22.40000000000005, 471, 0.19561173464275505
635, 76, -7.499999999999989, 478, 0.23522552357115878
636, 220, -21.90000000000004, 478, 0.2237402717173147
637, 168, -16.699999999999967, 476, 0.12541622682154818
638, 46, -4.5, 477, 0.24242660717110787
639, 192, -19.1, 489, 0.21807636072501113
640, 141, -13.999999999999966, 501, 0.4066800171418088
641, 225, -22.40000000000005, 483, 0.25383622498650116
642, 133, -13.199999999999969, 485, 0.25998952468161973
643, 131, -12.99999999999997, 489, 0.24198999774322427
644, 139, -13.799999999999967, 490, 0.3805631452295515
645, 190, -18.9, 488, 0.28279329138542475
646, 225, -22.40000000000005, 501, 0.36935596996075715
647, 175, -17.399999999999977, 486, 0.3018890304359122
648, 95, -9.399999999999983, 491, 0.24747784210487023
649, 225, -22.40000000000005, 501, 0.2564840301311817
650, 56, -5.4999999999999964, 497, 0.2916546778314399
651, 114, -11.299999999999976, 493, 0.18139185206598496
652, 225, -22.40000000000005, 490, 0.3424615754229521
653, 122, -12.099999999999973, 510, 0.3689529089236223
654, 225, -22.40000000000005, 494, 0.4678413813047477
655, 82, -8.099999999999987, 482, 0.39928099446670295
656, 97, -9.599999999999982, 478, 0.22338876836609955
657, 225, -22.40000000000005, 485, 0.44663189719172336
658, 122, -12.099999999999973, 487, 0.31825253479687954
659, 225, -22.40000000000005, 488, 0.24674121573737318
660, 54, -5.299999999999997, 482, 0.2336503770156768
661, 178, -17.69999999999998, 503, 0.24660918784529207
662, 225, -22.40000000000005, 498, 0.27869373052339963
663, 118, -11.699999999999974, 501, 0.25472727827221897
664, 114, -11.299999999999976, 501, 0.2939919783103768
665, 225, -22.40000000000005, 503, 0.31059008705769475
666, 97, -9.599999999999982, 499, 0.34686772851460956
667, 225, -22.40000000000005, 500, 0.21271652083305792
668, 191, -19.0, 496, 0.30834072072900176
669, 225, -22.40000000000005, 495, 0.32033409311784555
670, 134, -13.299999999999969, 503, 0.3816757031678497
671, 225, -22.40000000000005, 516, 0.26080887801375097
672, 225, -22.40000000000005, 512, 0.33314897099917307
673, 49, -4.799999999999999, 506, 0.42718593041131525
674, 128, -12.69999999999997, 502, 0.19082858335683373
675, 124, -12.299999999999972, 510, 0.3209250185384589
676, 77, -7.599999999999989, 496, 0.2268238736655187
677, 191, -19.0, 495, 0.270750079918457
678, 225, -22.40000000000005, 495, 0.2439208944390585
679, 55, -5.399999999999997, 508, 0.20945734468131771
680, 72, -7.099999999999991, 507, 0.23029293240435944
681, 100, -9.89999999999998, 516, 0.1856436549236533
682, 55, -5.399999999999997, 496, 0.22223543652028166
683, 68, -6.699999999999992, 513, 0.21769093952381224
684, 225, -22.40000000000005, 512, 0.3029200933127728
685, 169, -16.79999999999997, 510, 0.264303946572336
686, 169, -16.79999999999997, 507, 0.3370130702087084
687, 225, -22.40000000000005, 519, 0.24659449488080876
688, 139, -13.799999999999967, 502, 0.2045454563699991
689, 114, -11.299999999999976, 506, 0.3747128564984856
690, 84, -8.299999999999986, 504, 0.2465116944715644
691, 225, -22.40000000000005, 529, 0.2085205069537216
692, 97, -9.599999999999982, 511, 0.20942716777400783
693, 181, -17.999999999999986, 505, 0.2752924678298063
694, 72, -7.099999999999991, 507, 0.32015951171152324
695, 79, -7.799999999999988, 529, 0.2524088589310045
696, 177, -17.59999999999998, 517, 0.3107564760705692
697, 92, -9.099999999999984, 515, 0.38857438300663283
698, 93, -9.199999999999983, 510, 0.19222866774447755
699, 115, -11.399999999999975, 521, 0.19558264305366846
700, 106, -10.499999999999979, 515, 0.30217327977464303
701, 101, -9.99999999999998, 510, 0.18692985610393748
702, 67, -6.5999999999999925, 509, 0.20302380096056982
703, 105, -10.399999999999979, 509, 0.24606756902458082
704, 76, -7.499999999999989, 522, 0.2973670625266229
705, 113, -11.199999999999976, 523, 0.40095877517984846
706, 225, -22.40000000000005, 528, 0.2906921110418601
707, 225, -22.40000000000005, 512, 0.37417334955191905
708, 96, -9.499999999999982, 526, 0.18899400049439707
709, 169, -16.79999999999997, 521, 0.19434561263399508
710, 122, -12.099999999999973, 519, 0.4164744837353136
711, 153, -15.199999999999962, 522, 0.24191253904869559
712, 78, -7.699999999999989, 527, 0.3264740418190417
713, 77, -7.599999999999989, 528, 0.26725046768805816
714, 213, -21.20000000000003, 519, 0.19148221901365936
715, 103, -10.19999999999998, 508, 0.3579309310435729
716, 193, -19.200000000000003, 530, 0.34119021226044266
717, 73, -7.19999999999999, 521, 0.13883770895054726
718, 86, -8.499999999999986, 525, 0.2155732104463708
719, 112, -11.099999999999977, 521, 0.19508340792688517
720, 143, -14.199999999999966, 540, 0.2695958780229124
721, 93, -9.199999999999983, 535, 0.26848542259698505
722, 222, -22.100000000000044, 535, 0.2298757144930037
723, 225, -22.40000000000005, 516, 0.3501214813753195
724, 122, -12.099999999999973, 529, 0.18656231032218162
725, 225, -22.40000000000005, 536, 0.3247621621903374
726, 157, -15.59999999999996, 525, 0.34770715756121884
727, 59, -5.799999999999995, 525, 0.3844631878120115
728, 102, -10.09999999999998, 520, 0.3472920271975921
729, 127, -12.599999999999971, 533, 0.3723331054378427
730, 106, -10.499999999999979, 530, 0.19593857290987615
731, 74, -7.29999999999999, 524, 0.26767923854478726
732, 161, -15.99999999999996, 526, 0.308092145431746
733, 77, -7.599999999999989, 525, 0.24370664233539419
734, 118, -11.699999999999974, 539, 0.13928475448973865
735, 68, -6.699999999999992, 528, 0.19962285448686767
736, 173, -17.199999999999974, 537, 0.3671442058957224
737, 111, -10.999999999999977, 547, 0.34343711676594046
738, 225, -22.40000000000005, 546, 0.2708962114381248
739, 225, -22.40000000000005, 544, 0.2866508792283464
740, 135, -13.399999999999968, 543, 0.26497888931700464
741, 96, -9.499999999999982, 553, 0.2272928824119278
742, 102, -10.09999999999998, 533, 0.2962191838840691
743, 80, -7.899999999999988, 551, 0.3952106101832813
744, 60, -5.899999999999995, 538, 0.28815579377181866
745, 94, -9.299999999999983, 528, 0.2704118087802909
746, 225, -22.40000000000005, 557, 0.22778859794528517
747, 225, -22.40000000000005, 545, 0.2076949439578324
748, 74, -7.29999999999999, 544, 0.1830781773667005
749, 61, -5.999999999999995, 542, 0.27386984626004507
750, 81, -7.999999999999988, 542, 0.24039756271513268
751, 113, -11.199999999999976, 545, 0.2608359729678664
752, 56, -5.4999999999999964, 551, 0.20628463780936857
753, 173, -17.199999999999974, 551, 0.2532750865636997
754, 55, -5.399999999999997, 555, 0.2723484306589699
755, 93, -9.199999999999983, 539, 0.20573196568924645
756, 225, -22.40000000000005, 550, 0.46033703845535356
757, 225, -22.40000000000005, 558, 0.34550917353618704
758, 92, -9.099999999999984, 542, 0.15960549560361037
759, 80, -7.899999999999988, 538, 0.2519033370555701
760, 97, -9.599999999999982, 559, 0.4530753638049543
761, 114, -11.299999999999976, 550, 0.24037352596765915
762, 205, -20.40000000000002, 566, 0.3152793465065824
763, 126, -12.499999999999972, 539, 0.2085395333538438
764, 198, -19.70000000000001, 552, 0.20956328566621707
765, 74, -7.29999999999999, 543, 0.29941453253513195
766, 53, -5.1999999999999975, 571, 0.3841473717138646
767, 225, -22.40000000000005, 547, 0.28364718201887174
768, 162, -16.09999999999996, 556, 0.3280927722232283
769, 165, -16.399999999999963, 548, 0.2671114136286188
770, 225, -22.40000000000005, 576, 0.3159190243932213
771, 98, -9.699999999999982, 573, 0.28121850797553494
772, 143, -14.199999999999966, 558, 0.2668176231229644
773, 180, -17.899999999999984, 555, 0.25031325593182663
774, 96, -9.499999999999982, 544, 0.2243463463473241
775, 225, -22.40000000000005, 566, 0.26860437248422186
776, 225, -22.40000000000005, 540, 0.2516007374769584
777, 225, -22.40000000000005, 547, 0.2035243701209759
778, 68, -6.699999999999992, 565, 0.2631922806804152
779, 61, -5.999999999999995, 556, 0.36922220410507034
780, 76, -7.499999999999989, 551, 0.2660512163901254
781, 225, -22.40000000000005, 548, 0.24301252528920125
782, 225, -22.40000000000005, 560, 0.44659516853333336
783, 145, -14.399999999999965, 550, 0.3104563497919378
784, 62, -6.099999999999994, 555, 0.2980582979533706
785, 125, -12.399999999999972, 570, 0.23795282307465193
786, 92, -9.099999999999984, 556, 0.2679982817681683
787, 148, -14.699999999999964, 563, 0.25185173672795136
788, 51, -4.999999999999998, 549, 0.17026599596270575
789, 191, -19.0, 554, 0.21467888530697588
790, 225, -22.40000000000005, 553, 0.27725258365441374
791, 225, -22.40000000000005, 565, 0.2663770156434384
792, 106, -10.499999999999979, 561, 0.20972899172873494
793, 140, -13.899999999999967, 571, 0.30761175168645494
794, 75, -7.39999999999999, 561, 0.16279454097063084
795, 165, -16.399999999999963, 572, 0.2494634996970071
796, 225, -22.40000000000005, 571, 0.27876459293419664
797, 65, -6.399999999999993, 573, 0.3308125816931291
798, 164, -16.29999999999996, 572, 0.24604186954858642
799, 108, -10.699999999999978, 554, 0.24244946014333058
800, 140, -13.899999999999967, 569, 0.22067375406832934
801, 225, -22.40000000000005, 572, 0.1465214922901359
802, 120, -11.899999999999974, 562, 0.3008873198582629
803, 124, -12.299999999999972, 581, 0.3271528172494973
804, 115, -11.399999999999975, 573, 0.26073816949623896
805, 68, -6.699999999999992, 581, 0.2442723291541582
806, 102, -10.09999999999998, 581, 0.20401896280118925
807, 105, -10.399999999999979, 602, 0.2772648942342749
808, 165, -16.399999999999963, 571, 0.22440236234726174
809, 128, -12.69999999999997, 560, 0.33610973269821676
810, 125, -12.399999999999972, 571, 0.2654880859673181
811, 124, -12.299999999999972, 580, 0.2552604424927143
812, 225, -22.40000000000005, 586, 0.16442170128383715
813, 95, -9.399999999999983, 576, 0.41112505709675595
814, 137, -13.599999999999968, 586, 0.24885553926820725
815, 103, -10.19999999999998, 556, 0.3577001116653502
816, 145, -14.399999999999965, 583, 0.3779079972926671
817, 76, -7.499999999999989, 566, 0.26665127361486807
818, 225, -22.40000000000005, 572, 0.2323762955345079
819, 225, -22.40000000000005, 579, 0.3066135970101376
820, 55, -5.399999999999997, 571, 0.316138057560428
821, 225, -22.40000000000005, 579, 0.1842784715715915
822, 85, -8.399999999999986, 589, 0.22347343344804949
823, 194, -19.300000000000004, 575, 0.3126013189899317
824, 112, -11.099999999999977, 572, 0.1597373339440964
825, 49, -4.799999999999999, 587, 0.29494234525283103
826, 225, -22.40000000000005, 583, 0.30489544632664245
827, 77, -7.599999999999989, 597, 0.3099060829721272
828, 62, -6.099999999999994, 579, 0.2672321515259233
829, 61, -5.999999999999995, 591, 0.5537192413175802
830, 71, -6.999999999999991, 588, 0.4008952840635829
831, 123, -12.199999999999973, 595, 0.30916118881830057
832, 174, -17.299999999999976, 586, 0.352022526797795
833, 65, -6.399999999999993, 583, 0.30461565430935444
834, 69, -6.799999999999992, 579, 0.30190338020025664
835, 91, -8.999999999999984, 597, 0.251662461225695
836, 68, -6.699999999999992, 595, 0.3601956845777603
837, 83, -8.199999999999987, 594, 0.30112966973505095
838, 225, -22.40000000000005, 595, 0.2496606948274862
839, 225, -22.40000000000005, 588, 0.2863716451968257
840, 145, -14.399999999999965, 593, 0.21645597680316486
841, 177, -17.59999999999998, 601, 0.23628274115480474
842, 225, -22.40000000000005, 597, 0.19633182153176643
843, 124, -12.299999999999972, 591, 0.2447971447836545
844, 78, -7.699999999999989, 600, 0.25374690188313753
845, 125, -12.399999999999972, 594, 0.31668815098968217
846, 77, -7.599999999999989, 591, 0.2901846928032885
847, 122, -12.099999999999973, 591, 0.18705915262622397
848, 98, -9.699999999999982, 585, 0.46956835023876975
849, 120, -11.899999999999974, 593, 0.25728750945240675
850, 186, -18.499999999999993, 604, 0.2741712964151337
851, 66, -6.499999999999993, 611, 0.2163266690502499
852, 163, -16.19999999999996, 605, 0.2725698895892963
853, 77, -7.599999999999989, 602, 0.29149388102254825
854, 110, -10.899999999999977, 600, 0.23015596813225292
855, 121, -11.999999999999973, 605, 0.31846048128909565
856, 67, -6.5999999999999925, 593, 0.49424701481605426
857, 149, -14.799999999999963, 598, 0.3080840901832458
858, 131, -12.99999999999997, 608, 0.23758307368435028
859, 104, -10.29999999999998, 600, 0.37772647422814254
860, 110, -10.899999999999977, 586, 0.25941192932906887
861, 107, -10.599999999999978, 605, 0.2961409857643704
862, 154, -15.299999999999962, 607, 0.2527127014127819
863, 109, -10.799999999999978, 591, 0.27382537905944027
864, 225, -22.40000000000005, 600, 0.32181418899196407
865, 206, -20.50000000000002, 602, 0.18338103173375475
866, 71, -6.999999999999991, 621, 0.33236594117577
867, 153, -15.199999999999962, 593, 0.37507706294467513
868, 81, -7.999999999999988, 620, 0.3153335485416142
869, 87, -8.599999999999985, 609, 0.2590514498273615
870, 48, -4.699999999999999, 608, 0.21113336506222724
871, 86, -8.499999999999986, 599, 0.24265371314635487
872, 128, -12.69999999999997, 610, 0.26779579504184037
873, 54, -5.299999999999997, 607, 0.45318715232146256
874, 162, -16.09999999999996, 605, 0.318099462037686
875, 63, -6.199999999999994, 609, 0.17641516578098493
876, 72, -7.099999999999991, 589, 0.2901725169411753
877, 120, -11.899999999999974, 606, 0.3538887939168007
878, 56, -5.4999999999999964, 608, 0.25304876975351376
879, 95, -9.399999999999983, 625, 0.18257504412021364
880, 169, -16.79999999999997, 624, 0.2789894809752349
881, 166, -16.499999999999964, 616, 0.18793988171917242
882, 117, -11.599999999999975, 612, 0.18805890711596174
883, 160, -15.89999999999996, 621, 0.25245672892043336
884, 225, -22.40000000000005, 600, 0.26201527497084864
885, 162, -16.09999999999996, 622, 0.3225004861473706
886, 59, -5.799999999999995, 611, 0.2682999230704992
887, 181, -17.999999999999986, 620, 0.3860336423267072
888, 53, -5.1999999999999975, 630, 0.2629047596770584
889, 122, -12.099999999999973, 620, 0.23610860127095656
890, 225, -22.40000000000005, 625, 0.3849922180440697
891, 225, -22.40000000000005, 605, 0.2601802794043897
892, 111, -10.999999999999977, 621, 0.33377858694995743
893, 90, -8.899999999999984, 616, 0.18891822406797232
894, 73, -7.19999999999999, 624, 0.15986924491080506
895, 171, -16.99999999999997, 615, 0.2937976022114102
896, 117, -11.599999999999975, 628, 0.1719681159213764
897, 110, -10.899999999999977, 626, 0.24713990582822953
898, 198, -19.70000000000001, 622, 0.31349470335125096
899, 106, -10.499999999999979, 626, 0.22574814245563157
900, 62, -6.099999999999994, 620, 0.1761176385945622
901, 185, -18.39999999999999, 630, 0.40640353068130497
902, 51, -4.999999999999998, 616, 0.27954186577462536
903, 225, -22.40000000000005, 633, 0.24157835473674116
904, 225, -22.40000000000005, 624, 0.271841116025366
905, 117, -11.599999999999975, 623, 0.2442758862900969
906, 139, -13.799999999999967, 620, 0.31435443381958406
907, 96, -9.499999999999982, 617, 0.22839260681621898
908, 117, -11.599999999999975, 617, 0.292868758881626
909, 102, -10.09999999999998, 622, 0.37069243869191215
910, 174, -17.299999999999976, 640, 0.15610607028968393
911, 115, -11.399999999999975, 644, 0.35853497133758516
912, 123, -12.199999999999973, 639, 0.3040982637286147
913, 225, -22.40000000000005, 626, 0.23336721093903412
914, 99, -9.799999999999981, 618, 0.2749563068041798
915, 222, -22.100000000000044, 620, 0.19000207753305898
916, 186, -18.499999999999993, 636, 0.26981332495311516
917, 225, -22.40000000000005, 641, 0.2805590452367688
918, 57, -5.599999999999996, 635, 0.2654146369953634
919, 156, -15.499999999999961, 627, 0.3102817111602292
920, 152, -15.099999999999962, 629, 0.28531761088564767
921, 62, -6.099999999999994, 630, 0.38277483157172965
922, 82, -8.099999999999987, 649, 0.21391276132337522
923, 106, -10.499999999999979, 641, 0.3614240529641175
924, 69, -6.799999999999992, 642, 0.22235663242124426
925, 115, -11.399999999999975, 633, 0.2837331533628349
926, 153, -15.199999999999962, 637, 0.462132820385468
927, 119, -11.799999999999974, 635, 0.25893538413626543
928, 67, -6.5999999999999925, 645, 0.3479352780447922
929, 164, -16.29999999999996, 643, 0.27229033857367924
930, 117, -11.599999999999975, 625, 0.3410641613113592
931, 71, -6.999999999999991, 639, 0.3049097355416195
932, 96, -9.499999999999982, 631, 0.3310935294375692
933, 160, -15.89999999999996, 639, 0.4175330250762799
934, 225, -22.40000000000005, 639, 0.408258657989474
935, 93, -9.199999999999983, 632, 0.3106047339591127
936, 137, -13.599999999999968, 650, 0.319477021020824
937, 106, -10.499999999999979, 663, 0.34387529901327085
938, 225, -22.40000000000005, 646, 0.32456376069245385
939, 131, -12.99999999999997, 650, 0.3186151833140096
940, 225, -22.40000000000005, 637, 0.1636789099527758
941, 123, -12.199999999999973, 654, 0.2850606473445141
942, 103, -10.19999999999998, 654, 0.1480485543815626
943, 56, -5.4999999999999964, 646, 0.3056546489267302
944, 71, -6.999999999999991, 635, 0.20557760102586808
945, 225, -22.40000000000005, 652, 0.1901037388849045
946, 146, -14.499999999999964, 683, 0.3368311570015683
947, 225, -22.40000000000005, 653, 0.2694920697645662
948, 225, -22.40000000000005, 657, 0.19774448719206839
949, 110, -10.899999999999977, 654, 0.3618607404847869
950, 135, -13.399999999999968, 649, 0.29529314684429675
951, 92, -9.099999999999984, 642, 0.31746759609914665
952, 225, -22.40000000000005, 653, 0.2698288639936739
953, 211, -21.00000000000003, 656, 0.2515720775780623
954, 161, -15.99999999999996, 658, 0.18072682486198266
955, 79, -7.799999999999988, 645, 0.19414682198665645
956, 54, -5.299999999999997, 651, 0.3155921819776282
957, 55, -5.399999999999997, 649, 0.19899881648807216
958, 110, -10.899999999999977, 660, 0.3190402832054333
959, 93, -9.199999999999983, 670, 0.352857126596404
960, 81, -7.999999999999988, 681, 0.39837315596162615
961, 225, -22.40000000000005, 649, 0.5137409788873288
962, 225, -22.40000000000005, 653, 0.2727498522667533
963, 105, -10.399999999999979, 660, 0.31225598099252716
964, 75, -7.39999999999999, 672, 0.222890408577606
965, 203, -20.200000000000017, 658, 0.24575005553815843
966, 84, -8.299999999999986, 670, 0.19009239558956015
967, 60, -5.899999999999995, 647, 0.2412837405963888
968, 84, -8.299999999999986, 669, 0.32944139975688636
969, 66, -6.499999999999993, 664, 0.20010407615957515
970, 225, -22.40000000000005, 681, 0.3260086972522349
971, 136, -13.499999999999968, 659, 0.19512241045449885
972, 132, -13.09999999999997, 668, 0.35085566749270836
973, 78, -7.699999999999989, 677, 0.18664877683614334
974, 225, -22.40000000000005, 673, 0.23530764688747663
975, 83, -8.199999999999987, 648, 0.2542342493501266
976, 225, -22.40000000000005, 666, 0.2453962130799865
977, 61, -5.999999999999995, 672, 0.23042701402805488
978, 225, -22.40000000000005, 656, 0.2142215618229273
979, 225, -22.40000000000005, 670, 0.36953054694190124
980, 117, -11.599999999999975, 666, 0.25822286528739347
981, 106, -10.499999999999979, 670, 0.42891968043128115
982, 225, -22.40000000000005, 668, 0.40122922106511116
983, 68, -6.699999999999992, 662, 0.26865863061164763
984, 75, -7.39999999999999, 667, 0.3544834464836053
985, 201, -20.000000000000014, 664, 0.4055393600922277
986, 87, -8.599999999999985, 670, 0.18743955523409372
987, 79, -7.799999999999988, 683, 0.2851835916712293
988, 225, -22.40000000000005, 670, 0.21593707230645798
989, 86, -8.499999999999986, 668, 0.26056502649645763
990, 182, -18.099999999999987, 664, 0.16226481662814818
991, 67, -6.5999999999999925, 704, 0.1930108198042697
992, 105, -10.399999999999979, 678, 0.2054916554972288
993, 95, -9.399999999999983, 680, 0.21290231875643384
994, 203, -20.200000000000017, 681, 0.16282287992412003
995, 125, -12.399999999999972, 679, 0.3253893613170109
996, 198, -19.70000000000001, 685, 0.16305405819130447
997, 225, -22.40000000000005, 686, 0.30984730646953507
998, 225, -22.40000000000005, 666, 0.2406286583520174
999, 68, -6.699999999999992, 673, 0.2446551413584669
1000, 106, -10.499999999999979, 681, 0.23796537280413554
