Episode, Steps, Reward, Time (in milliseconds), Convergence
1, 225, -22.40000000000005, 37, 0.14385826980010408
2, 225, -22.40000000000005, 45, 0.9914515443853007
3, 225, -22.40000000000005, 36, 0.09623491388574218
4, 225, -22.40000000000005, 60, 0.12895480441228468
5, 225, -22.40000000000005, 101, 0.6994511543289055
6, 225, -22.40000000000005, 97, 0.4733590114401329
7, 225, -22.40000000000005, 103, 0.11740402222466362
8, 225, -22.40000000000005, 98, 0.9317779149392045
9, 225, -22.40000000000005, 91, 0.10773449287020087
10, 225, -22.40000000000005, 102, 0.10450598537042732
11, 225, -22.40000000000005, 122, 0.1907139944695424
12, 225, -22.40000000000005, 96, 0.11976457954852027
13, 225, -22.40000000000005, 128, 0.09499122737604071
14, 225, -22.40000000000005, 125, 0.1242956002844503
15, 225, -22.40000000000005, 139, 0.12378068390660923
16, 225, -22.40000000000005, 135, 0.9114944932383235
17, 225, -22.40000000000005, 143, 0.15276992828072333
18, 225, -22.40000000000005, 154, 0.9116072434206837
19, 225, -22.40000000000005, 156, 0.14006942284064489
20, 225, -22.40000000000005, 158, 0.16851013666261494
21, 225, -22.40000000000005, 167, 0.14381066441229495
22, 225, -22.40000000000005, 174, 0.17754520794875361
23, 225, -22.40000000000005, 163, 0.1039258851196283
24, 225, -22.40000000000005, 171, 0.08009041314489451
25, 225, -22.40000000000005, 181, 0.10688809017729728
26, 225, -22.40000000000005, 175, 0.0924260653971345
27, 225, -22.40000000000005, 176, 0.11328082569461806
28, 225, -22.40000000000005, 199, 0.14589632494606475
29, 225, -22.40000000000005, 183, 0.12769661455956793
30, 225, -22.40000000000005, 184, 0.670316836334425
31, 225, -22.40000000000005, 184, 0.15246730038087442
32, 225, -22.40000000000005, 203, 0.20410157356733682
33, 225, -22.40000000000005, 193, 0.16433442270236798
34, 225, -22.40000000000005, 206, 0.16482768511512136
35, 86, -8.499999999999986, 224, 0.20704412192705712
36, 225, -22.40000000000005, 202, 0.1779214372718405
37, 225, -22.40000000000005, 209, 0.20490463698504874
38, 225, -22.40000000000005, 225, 0.16980157594331402
39, 225, -22.40000000000005, 216, 0.13580200662111497
40, 225, -22.40000000000005, 223, 0.12945063078280306
41, 225, -22.40000000000005, 215, 0.10714117379086074
42, 96, -9.499999999999982, 226, 0.12171410552326589
43, 225, -22.40000000000005, 232, 0.20304913297515892
44, 107, -10.599999999999978, 232, 0.1164285568540564
45, 225, -22.40000000000005, 232, 0.1295875768143493
46, 89, -8.799999999999985, 247, 0.1230897507464519
47, 172, -17.099999999999973, 245, 0.1282774619155953
48, 225, -22.40000000000005, 227, 0.11200204584329243
49, 97, -9.599999999999982, 227, 0.15608364053928436
50, 225, -22.40000000000005, 232, 0.18102298972228015
51, 56, -5.4999999999999964, 253, 0.11673304196661904
52, 225, -22.40000000000005, 249, 0.13534397955250022
53, 225, -22.40000000000005, 249, 0.9241738997453322
54, 102, -10.09999999999998, 232, 0.2219976484627484
55, 180, -17.899999999999984, 245, 0.14492530822928784
56, 105, -10.399999999999979, 250, 0.14070551456452496
57, 186, -18.499999999999993, 261, 0.15224666023356637
58, 99, -9.799999999999981, 259, 0.13509741858301982
59, 144, -14.299999999999965, 267, 0.1402407270978423
60, 97, -9.599999999999982, 266, 0.12982133278072983
61, 225, -22.40000000000005, 262, 0.14546660402275102
62, 77, -7.599999999999989, 259, 0.09768244117734426
63, 188, -18.699999999999996, 254, 0.14579201919999463
64, 140, -13.899999999999967, 263, 0.16302623260728
65, 106, -10.499999999999979, 268, 0.14635813899900096
66, 158, -15.69999999999996, 270, 0.14542670922255668
67, 93, -9.199999999999983, 272, 0.12433699567288481
68, 73, -7.19999999999999, 264, 0.10333086328451307
69, 73, -7.19999999999999, 287, 0.0913805119750406
70, 225, -22.40000000000005, 285, 0.1336968137643204
71, 92, -9.099999999999984, 282, 0.16391102935678203
72, 53, -5.1999999999999975, 263, 0.13539972258253452
73, 63, -6.199999999999994, 270, 0.19316268958417931
74, 225, -22.40000000000005, 279, 0.18743666124601033
75, 137, -13.599999999999968, 288, 0.14576859427007394
76, 84, -8.299999999999986, 280, 0.16620669827426604
77, 214, -21.300000000000033, 298, 0.9935874347123677
78, 128, -12.69999999999997, 287, 0.13241959930373426
79, 64, -6.299999999999994, 285, 0.1738558115904163
80, 54, -5.299999999999997, 285, 0.14306682449195884
81, 115, -11.399999999999975, 298, 0.10742298723143517
82, 150, -14.899999999999963, 287, 0.10753322378012597
83, 79, -7.799999999999988, 278, 0.10748921854578208
84, 59, -5.799999999999995, 296, 0.12783777806394747
85, 225, -22.40000000000005, 292, 0.15862529366811728
86, 89, -8.799999999999985, 296, 0.19371531386375596
87, 124, -12.299999999999972, 302, 0.13783593971073138
88, 57, -5.599999999999996, 286, 0.14579843599071474
89, 128, -12.69999999999997, 295, 0.17420473153367988
90, 64, -6.299999999999994, 303, 0.22172364079194207
91, 82, -8.099999999999987, 304, 0.14803146693714364
92, 67, -6.5999999999999925, 303, 0.15315082755425402
93, 100, -9.89999999999998, 302, 0.12646252683677206
94, 75, -7.39999999999999, 312, 0.12975837424044634
95, 168, -16.699999999999967, 310, 0.12951038296651785
96, 59, -5.799999999999995, 310, 0.14843136503954363
97, 61, -5.999999999999995, 317, 0.135072538567083
98, 53, -5.1999999999999975, 303, 0.14503461360573366
99, 225, -22.40000000000005, 315, 0.15921705243557627
100, 81, -7.999999999999988, 311, 0.11999154557932723
101, 99, -9.799999999999981, 329, 0.15479109233903543
102, 74, -7.29999999999999, 317, 0.14971058429236672
103, 76, -7.499999999999989, 316, 0.1531604540394611
104, 79, -7.799999999999988, 317, 0.12691290911168296
105, 67, -6.5999999999999925, 314, 0.12681307577276169
106, 88, -8.699999999999985, 322, 0.12822675302845887
107, 73, -7.19999999999999, 316, 0.1582584475863693
108, 135, -13.399999999999968, 331, 0.15745782151942977
109, 70, -6.8999999999999915, 333, 0.1506593847673059
110, 102, -10.09999999999998, 332, 0.19100345906488303
111, 63, -6.199999999999994, 328, 0.13249652152655234
112, 111, -10.999999999999977, 317, 0.1125253361967995
113, 78, -7.699999999999989, 330, 0.13823409803613806
114, 95, -9.399999999999983, 334, 0.8452904124636991
115, 81, -7.999999999999988, 352, 0.11208388245998269
116, 78, -7.699999999999989, 334, 0.10910884151702183
117, 181, -17.999999999999986, 340, 0.11255133381206667
118, 92, -9.099999999999984, 342, 0.10816520852415756
119, 69, -6.799999999999992, 333, 0.1319149110865061
120, 115, -11.399999999999975, 350, 0.1537859659768901
121, 94, -9.299999999999983, 339, 0.16226891212523142
122, 67, -6.5999999999999925, 347, 0.13821933705235345
123, 57, -5.599999999999996, 349, 0.22369676631569568
124, 177, -17.59999999999998, 348, 0.1385819173995484
125, 45, -4.4, 350, 0.15765862887932125
126, 62, -6.099999999999994, 344, 0.15126772777876968
127, 72, -7.099999999999991, 328, 0.1459317678463683
128, 57, -5.599999999999996, 354, 0.14630793614358395
129, 58, -5.699999999999996, 363, 0.17849957193250754
130, 138, -13.699999999999967, 349, 0.17589102246275123
131, 77, -7.599999999999989, 353, 0.15275880677078746
132, 225, -22.40000000000005, 360, 0.23276050683300809
133, 76, -7.499999999999989, 366, 0.1816177051805994
134, 182, -18.099999999999987, 363, 0.14274107932687402
135, 61, -5.999999999999995, 355, 0.8850697964582825
136, 113, -11.199999999999976, 364, 0.12069378068814318
137, 70, -6.8999999999999915, 365, 0.19000237623546745
138, 69, -6.799999999999992, 360, 0.14920300636905637
139, 47, -4.6, 364, 0.13500305050745443
140, 61, -5.999999999999995, 369, 0.23139257733711638
141, 102, -10.09999999999998, 372, 0.11736264405450847
142, 57, -5.599999999999996, 362, 0.1297150254725868
143, 225, -22.40000000000005, 370, 0.17535795896571926
144, 144, -14.299999999999965, 369, 0.15625072088065628
145, 65, -6.399999999999993, 372, 0.12759576746508827
146, 163, -16.19999999999996, 376, 0.16301805905082833
147, 76, -7.499999999999989, 372, 0.14127424210743067
148, 59, -5.799999999999995, 372, 0.19518273852287793
149, 58, -5.699999999999996, 364, 0.10409577671385284
150, 104, -10.29999999999998, 376, 0.139826054352594
151, 149, -14.799999999999963, 377, 0.15475778092172732
152, 208, -20.700000000000024, 386, 0.1380018313192649
153, 80, -7.899999999999988, 400, 0.15307765419929287
154, 67, -6.5999999999999925, 389, 0.1282067698542273
155, 119, -11.799999999999974, 377, 0.1783188005525611
156, 74, -7.29999999999999, 381, 0.1475800924081474
157, 225, -22.40000000000005, 377, 0.1372009657546458
158, 129, -12.79999999999997, 380, 0.19617302582918517
159, 101, -9.99999999999998, 398, 0.1744635994901128
160, 189, -18.799999999999997, 388, 0.14234709409213897
161, 225, -22.40000000000005, 396, 0.12519159043703887
162, 67, -6.5999999999999925, 381, 0.15847981615848017
163, 95, -9.399999999999983, 395, 0.14446330942036534
164, 225, -22.40000000000005, 396, 0.13340739491273124
165, 207, -20.600000000000023, 403, 0.13099078578848822
166, 86, -8.499999999999986, 398, 0.15095595249732174
167, 69, -6.799999999999992, 395, 0.15510633135212615
168, 107, -10.599999999999978, 398, 0.16392746660657614
169, 215, -21.400000000000034, 404, 0.18102873734829927
170, 225, -22.40000000000005, 399, 0.18516111440360117
171, 82, -8.099999999999987, 426, 0.14984282434656304
172, 102, -10.09999999999998, 411, 0.10821419299424728
173, 96, -9.499999999999982, 409, 0.16520552873266015
174, 72, -7.099999999999991, 402, 0.1101989607639462
175, 135, -13.399999999999968, 406, 0.14994160274953316
176, 60, -5.899999999999995, 401, 0.11681357976087381
177, 225, -22.40000000000005, 412, 0.19447662214584738
178, 201, -20.000000000000014, 419, 0.15108807845639283
179, 46, -4.5, 417, 0.13333567834564297
180, 74, -7.29999999999999, 415, 0.14180637845445654
181, 103, -10.19999999999998, 434, 0.14561118405288687
182, 73, -7.19999999999999, 420, 0.17800274600139487
183, 122, -12.099999999999973, 434, 1.074919326069677
184, 122, -12.099999999999973, 435, 0.15038466466467248
185, 56, -5.4999999999999964, 418, 0.16194824538060848
186, 94, -9.299999999999983, 430, 0.13623520230707853
187, 82, -8.099999999999987, 426, 0.16215804335511907
188, 54, -5.299999999999997, 433, 0.1460818349111307
189, 77, -7.599999999999989, 428, 0.1850144437828839
190, 93, -9.199999999999983, 421, 0.1459389442763328
191, 135, -13.399999999999968, 427, 0.1808902669050192
192, 85, -8.399999999999986, 426, 0.2140440820047651
193, 62, -6.099999999999994, 441, 0.1850084676738799
194, 52, -5.099999999999998, 436, 0.13412115606239539
195, 57, -5.599999999999996, 442, 0.09892833835288606
196, 221, -22.000000000000043, 427, 0.17033669409054264
197, 97, -9.599999999999982, 438, 0.11687564411849705
198, 61, -5.999999999999995, 436, 0.15620166937196744
199, 48, -4.699999999999999, 449, 0.11578085280635664
200, 181, -17.999999999999986, 440, 0.11622373654076923
201, 60, -5.899999999999995, 428, 0.16585129326440518
202, 89, -8.799999999999985, 453, 0.12040058780740415
203, 156, -15.499999999999961, 451, 0.14262302096727275
204, 66, -6.499999999999993, 450, 0.1822213849063994
205, 225, -22.40000000000005, 452, 0.14241927823784328
206, 70, -6.8999999999999915, 450, 0.1148701078278811
207, 76, -7.499999999999989, 451, 0.14248882157622855
208, 56, -5.4999999999999964, 446, 0.12789717144951585
209, 155, -15.399999999999961, 448, 0.16090954917685063
210, 96, -9.499999999999982, 457, 0.18035484710302807
211, 77, -7.599999999999989, 454, 0.14878314981316443
212, 58, -5.699999999999996, 457, 0.1422831872778798
213, 79, -7.799999999999988, 454, 0.12206941222320844
214, 93, -9.199999999999983, 472, 0.1888432703371068
215, 41, -4.000000000000002, 463, 0.1337639128424961
216, 58, -5.699999999999996, 459, 0.12650573269138898
217, 77, -7.599999999999989, 457, 0.16829336260725003
218, 50, -4.899999999999999, 450, 0.1381376098337288
219, 66, -6.499999999999993, 470, 0.12890687910189236
220, 63, -6.199999999999994, 469, 0.16129155857814342
221, 111, -10.999999999999977, 456, 0.18751422866886136
222, 152, -15.099999999999962, 474, 0.14225214786982132
223, 48, -4.699999999999999, 464, 0.1344027237268719
224, 67, -6.5999999999999925, 463, 0.15919223214398937
225, 225, -22.40000000000005, 461, 0.14622277453229726
226, 163, -16.19999999999996, 457, 0.14363114082794448
227, 79, -7.799999999999988, 455, 0.14766286327646183
228, 49, -4.799999999999999, 472, 0.16925736642556366
229, 91, -8.999999999999984, 480, 0.16122421532698272
230, 91, -8.999999999999984, 479, 0.1539807897121701
231, 85, -8.399999999999986, 476, 0.13336590106783675
232, 56, -5.4999999999999964, 487, 0.14952567639277836
233, 65, -6.399999999999993, 484, 0.1715121254891887
234, 116, -11.499999999999975, 479, 0.13058567565993373
235, 182, -18.099999999999987, 474, 0.16919890677560723
236, 57, -5.599999999999996, 484, 0.2067907637723423
237, 56, -5.4999999999999964, 488, 0.11596249257374058
238, 225, -22.40000000000005, 481, 0.17649057281402225
239, 122, -12.099999999999973, 488, 0.13648948439281888
240, 86, -8.499999999999986, 493, 0.15993349506756904
241, 59, -5.799999999999995, 494, 0.1294353982042522
242, 72, -7.099999999999991, 498, 0.16102692107496008
243, 135, -13.399999999999968, 498, 0.1307400465488131
244, 225, -22.40000000000005, 485, 0.15241010945465083
245, 69, -6.799999999999992, 495, 0.12008078594351668
246, 59, -5.799999999999995, 462, 0.22157814745856164
247, 45, -4.4, 481, 0.116330178686888
248, 51, -4.999999999999998, 496, 0.18473267748555555
249, 56, -5.4999999999999964, 508, 0.12056215221866595
250, 106, -10.499999999999979, 493, 0.11103821853702955
251, 179, -17.799999999999983, 500, 0.18590468892427459
252, 54, -5.299999999999997, 521, 1.0870699176300866
253, 65, -6.399999999999993, 488, 0.12951263464382534
254, 73, -7.19999999999999, 502, 0.15059049138831293
255, 49, -4.799999999999999, 508, 0.18579972037398296
256, 57, -5.599999999999996, 494, 0.13686235464365737
257, 100, -9.89999999999998, 516, 0.14746117155426486
258, 54, -5.299999999999997, 500, 0.14646790416179556
259, 69, -6.799999999999992, 502, 0.2047257989094592
260, 54, -5.299999999999997, 505, 0.12658617752060408
261, 225, -22.40000000000005, 520, 0.11988339508849499
262, 126, -12.499999999999972, 524, 0.09189952377325028
263, 83, -8.199999999999987, 512, 0.1984869142961565
264, 80, -7.899999999999988, 514, 0.15636677194554438
265, 51, -4.999999999999998, 504, 0.12586275446835593
266, 85, -8.399999999999986, 503, 0.19390355432478779
267, 73, -7.19999999999999, 524, 0.13303991769888457
268, 100, -9.89999999999998, 522, 0.10622132959049946
269, 55, -5.399999999999997, 525, 0.12969323184453607
270, 94, -9.299999999999983, 498, 0.12921767397918038
271, 59, -5.799999999999995, 516, 0.11643350581246459
272, 55, -5.399999999999997, 512, 0.12018714878237624
273, 66, -6.499999999999993, 527, 0.13964571492549416
274, 83, -8.199999999999987, 515, 0.22236553067917297
275, 55, -5.399999999999997, 518, 0.14982193802411137
276, 63, -6.199999999999994, 530, 0.1838935418257428
277, 82, -8.099999999999987, 517, 0.16627584339165757
278, 160, -15.89999999999996, 538, 0.13404607178194738
279, 101, -9.99999999999998, 526, 0.14727289528307352
280, 97, -9.599999999999982, 534, 0.12788984764363276
281, 56, -5.4999999999999964, 517, 0.13199646688289857
282, 108, -10.699999999999978, 527, 0.12285036432240348
283, 105, -10.399999999999979, 538, 0.14431044215317623
284, 58, -5.699999999999996, 542, 0.1380311817576496
285, 73, -7.19999999999999, 552, 0.16353033668542882
286, 71, -6.999999999999991, 533, 0.11797879497224595
287, 58, -5.699999999999996, 552, 0.15477248092905116
288, 64, -6.299999999999994, 534, 0.18718740185460847
289, 66, -6.499999999999993, 548, 0.13613571116160017
290, 49, -4.799999999999999, 542, 0.14213767304407904
291, 82, -8.099999999999987, 542, 0.15080989307501902
292, 75, -7.39999999999999, 545, 0.12415376093300345
293, 72, -7.099999999999991, 538, 0.1442728370540287
294, 73, -7.19999999999999, 546, 0.11599439673973233
295, 121, -11.999999999999973, 561, 0.11138694738470267
296, 69, -6.799999999999992, 534, 0.2035841236732685
297, 110, -10.899999999999977, 568, 0.14967804410815677
298, 82, -8.099999999999987, 552, 0.1099045232412541
299, 141, -13.999999999999966, 550, 0.17028331405256747
300, 63, -6.199999999999994, 562, 0.14888156816812614
301, 225, -22.40000000000005, 568, 0.13755226447614705
302, 225, -22.40000000000005, 554, 0.12918268181116854
303, 184, -18.29999999999999, 555, 0.16111809180385483
304, 68, -6.699999999999992, 567, 0.11080911841746177
305, 112, -11.099999999999977, 576, 0.1919584315660594
306, 206, -20.50000000000002, 569, 0.10143713403805688
307, 88, -8.699999999999985, 551, 0.1311849426920988
308, 66, -6.499999999999993, 565, 0.12169080011418876
309, 100, -9.89999999999998, 573, 0.20998183439871143
310, 88, -8.699999999999985, 577, 0.16415668040438325
311, 213, -21.20000000000003, 564, 0.1533736244817847
312, 78, -7.699999999999989, 569, 0.13137462180457815
313, 84, -8.299999999999986, 570, 0.11550666364182871
314, 209, -20.800000000000026, 569, 0.11014172690889623
315, 225, -22.40000000000005, 566, 0.13731939594929843
316, 74, -7.29999999999999, 575, 0.1217855709193838
317, 88, -8.699999999999985, 579, 0.16369405790590363
318, 82, -8.099999999999987, 582, 0.1783200422276947
319, 54, -5.299999999999997, 573, 0.14621078771186402
320, 82, -8.099999999999987, 573, 0.2391286927116818
321, 61, -5.999999999999995, 576, 0.12060548969032359
322, 106, -10.499999999999979, 583, 0.16166780131949143
323, 87, -8.599999999999985, 577, 0.16487570857952827
324, 74, -7.29999999999999, 595, 0.15988460653321868
325, 98, -9.699999999999982, 579, 0.16081175966020933
326, 134, -13.299999999999969, 601, 0.12114182489236858
327, 88, -8.699999999999985, 587, 0.18624304188957463
328, 184, -18.29999999999999, 584, 0.13055959889272795
329, 225, -22.40000000000005, 590, 0.13874282918891656
330, 86, -8.499999999999986, 599, 0.14197807130063067
331, 59, -5.799999999999995, 599, 0.12641056346017665
332, 69, -6.799999999999992, 595, 0.12564603036505595
333, 99, -9.799999999999981, 597, 0.13047284421120775
334, 225, -22.40000000000005, 594, 0.19824860703190073
335, 101, -9.99999999999998, 607, 0.1943034520225706
336, 75, -7.39999999999999, 608, 0.12262362121726245
337, 67, -6.5999999999999925, 607, 0.1293941952761546
338, 86, -8.499999999999986, 593, 0.13667145842426764
339, 55, -5.399999999999997, 606, 0.16861157089666445
340, 52, -5.099999999999998, 617, 0.12161061598282608
341, 171, -16.99999999999997, 594, 0.11207076740305016
342, 156, -15.499999999999961, 601, 0.5492111909715915
343, 75, -7.39999999999999, 615, 0.18411271685535913
344, 129, -12.79999999999997, 591, 0.13835492038897823
345, 162, -16.09999999999996, 621, 0.14818908011174337
346, 55, -5.399999999999997, 602, 0.1523208408277349
347, 129, -12.79999999999997, 597, 0.19130677304608312
348, 57, -5.599999999999996, 609, 0.14853759950387935
349, 52, -5.099999999999998, 629, 0.12543658118421064
350, 55, -5.399999999999997, 623, 0.10913795291809181
351, 92, -9.099999999999984, 618, 0.17955345571050782
352, 77, -7.599999999999989, 606, 0.14641706414121014
353, 67, -6.5999999999999925, 625, 0.13203389139480404
354, 122, -12.099999999999973, 636, 0.11517636375588391
355, 82, -8.099999999999987, 609, 0.2091739170128708
356, 62, -6.099999999999994, 614, 0.1288040475116854
357, 225, -22.40000000000005, 640, 0.14459721260697112
358, 82, -8.099999999999987, 631, 0.13530961850458123
359, 62, -6.099999999999994, 616, 0.15756288714134925
360, 141, -13.999999999999966, 627, 1.1354406571340845
361, 225, -22.40000000000005, 635, 0.165790544537616
362, 87, -8.599999999999985, 636, 0.11633164195868834
363, 58, -5.699999999999996, 637, 0.11167740206779331
364, 176, -17.49999999999998, 629, 0.1503403317230685
365, 68, -6.699999999999992, 638, 0.16329130488319654
366, 119, -11.799999999999974, 633, 0.1564328510774189
367, 93, -9.199999999999983, 635, 0.15033129328613537
368, 195, -19.400000000000006, 637, 0.14409356643533133
369, 224, -22.300000000000047, 633, 0.10513526759431024
370, 91, -8.999999999999984, 645, 0.1647342517365291
371, 63, -6.199999999999994, 643, 0.13383076426846774
372, 62, -6.099999999999994, 641, 0.12913514004532922
373, 129, -12.79999999999997, 650, 0.11409008409393828
374, 94, -9.299999999999983, 629, 0.17208568468261642
375, 64, -6.299999999999994, 663, 0.21441333847351074
376, 63, -6.199999999999994, 653, 0.15830769999099825
377, 130, -12.89999999999997, 669, 0.12761749481100693
378, 71, -6.999999999999991, 663, 0.2048706226452195
379, 128, -12.69999999999997, 666, 0.18139900168885276
380, 125, -12.399999999999972, 647, 0.11505887826586303
381, 145, -14.399999999999965, 658, 0.13658866765721767
382, 87, -8.599999999999985, 643, 0.13018103924813063
383, 55, -5.399999999999997, 675, 0.1436036043421609
384, 52, -5.099999999999998, 657, 0.14276932333477532
385, 54, -5.299999999999997, 669, 0.9553570954734116
386, 89, -8.799999999999985, 649, 0.1588511462821527
387, 134, -13.299999999999969, 655, 0.1719222567686307
388, 59, -5.799999999999995, 666, 0.15392143138319625
389, 65, -6.399999999999993, 675, 0.1366327735494588
390, 90, -8.899999999999984, 653, 0.14441683706954778
391, 79, -7.799999999999988, 671, 0.1495924589318629
392, 84, -8.299999999999986, 670, 0.119066238965026
393, 225, -22.40000000000005, 656, 0.1684119564971025
394, 63, -6.199999999999994, 661, 0.13964864692071943
395, 76, -7.499999999999989, 662, 0.16371168761707366
396, 86, -8.499999999999986, 693, 0.1319989047108634
397, 56, -5.4999999999999964, 684, 0.1829151556918862
398, 67, -6.5999999999999925, 674, 0.14303375927090745
399, 123, -12.199999999999973, 675, 0.80230319502936
400, 179, -17.799999999999983, 702, 0.142427155709397
401, 64, -6.299999999999994, 660, 0.12409189618670524
402, 81, -7.999999999999988, 691, 0.1433595710352562
403, 80, -7.899999999999988, 680, 0.16328012641388145
404, 89, -8.799999999999985, 674, 0.1558440201217266
405, 134, -13.299999999999969, 686, 0.1411822420842075
406, 82, -8.099999999999987, 695, 0.15773662717478132
407, 107, -10.599999999999978, 683, 0.12397333600398941
408, 79, -7.799999999999988, 686, 0.19531159220396632
409, 58, -5.699999999999996, 678, 0.09989455625447663
410, 65, -6.399999999999993, 687, 0.19052512811939204
411, 51, -4.999999999999998, 706, 0.15536283206969825
412, 75, -7.39999999999999, 684, 0.1574617235493334
413, 145, -14.399999999999965, 694, 0.09608340782948788
414, 225, -22.40000000000005, 707, 0.16800473991896658
415, 70, -6.8999999999999915, 688, 0.1969749152189475
416, 225, -22.40000000000005, 702, 0.11693025272625979
417, 111, -10.999999999999977, 700, 0.12893683774541742
418, 116, -11.499999999999975, 687, 0.1432337191984383
419, 52, -5.099999999999998, 697, 0.14799424649887638
420, 89, -8.799999999999985, 699, 0.13670612727100884
421, 91, -8.999999999999984, 698, 0.11533286520658903
422, 52, -5.099999999999998, 686, 0.1381861428687684
423, 163, -16.19999999999996, 698, 0.16039061584966774
424, 101, -9.99999999999998, 703, 0.14911503057572656
425, 54, -5.299999999999997, 703, 0.14890867295364374
426, 155, -15.399999999999961, 694, 0.1478341261388305
427, 139, -13.799999999999967, 719, 0.11887895745176946
428, 225, -22.40000000000005, 686, 0.15553592223590684
429, 160, -15.89999999999996, 726, 0.15371731874853667
430, 70, -6.8999999999999915, 702, 0.10407656804317444
431, 151, -14.999999999999963, 719, 0.12079797947970672
432, 207, -20.600000000000023, 681, 0.14517096867007395
433, 143, -14.199999999999966, 715, 0.15848606160289958
434, 78, -7.699999999999989, 729, 0.13182757128266553
435, 53, -5.1999999999999975, 715, 0.14904076386039966
436, 92, -9.099999999999984, 740, 0.16617943544915276
437, 117, -11.599999999999975, 702, 0.14673444092016297
438, 69, -6.799999999999992, 731, 0.1565595857859038
439, 187, -18.599999999999994, 723, 0.16834491776546878
440, 161, -15.99999999999996, 720, 0.1289639704053831
441, 78, -7.699999999999989, 744, 0.1482618948745893
442, 81, -7.999999999999988, 729, 0.19570100862061035
443, 103, -10.19999999999998, 738, 0.14105872591179747
444, 225, -22.40000000000005, 727, 0.1631785098813694
445, 79, -7.799999999999988, 735, 0.19307450425274225
446, 67, -6.5999999999999925, 748, 0.13583658776765795
447, 69, -6.799999999999992, 733, 0.14888470238849605
448, 59, -5.799999999999995, 735, 0.13878530145084556
449, 71, -6.999999999999991, 738, 0.16023159622221073
450, 154, -15.299999999999962, 735, 0.13712252504089095
451, 68, -6.699999999999992, 727, 0.12236900834913556
452, 69, -6.799999999999992, 729, 0.16291044802266663
453, 86, -8.499999999999986, 739, 0.1759213514254645
454, 55, -5.399999999999997, 724, 0.15594561799983797
455, 81, -7.999999999999988, 728, 0.1538950259526457
456, 99, -9.799999999999981, 764, 0.11186066519660254
457, 145, -14.399999999999965, 743, 0.1774776166419858
458, 113, -11.199999999999976, 741, 0.22881492303981865
459, 112, -11.099999999999977, 749, 0.20770622681256223
460, 70, -6.8999999999999915, 751, 0.12923038403774623
461, 75, -7.39999999999999, 756, 0.15186902422431947
462, 121, -11.999999999999973, 774, 0.12590963376592174
463, 120, -11.899999999999974, 758, 0.18571444600198994
464, 131, -12.99999999999997, 732, 0.13663096365025362
465, 95, -9.399999999999983, 763, 0.11233234777665402
466, 63, -6.199999999999994, 770, 0.13714798198732048
467, 225, -22.40000000000005, 767, 0.14068285725807428
468, 52, -5.099999999999998, 756, 0.1681891174182062
469, 67, -6.5999999999999925, 762, 0.13425255004573966
470, 90, -8.899999999999984, 776, 0.15525063905593287
471, 132, -13.09999999999997, 762, 0.1315156005438276
472, 140, -13.899999999999967, 753, 0.169636913255669
473, 85, -8.399999999999986, 769, 0.12709953367932592
474, 98, -9.699999999999982, 769, 0.1550726617249083
475, 59, -5.799999999999995, 755, 0.16379858429042704
476, 50, -4.899999999999999, 760, 0.16009866426675468
477, 225, -22.40000000000005, 767, 0.16358089709438417
478, 173, -17.199999999999974, 776, 0.1438805807120076
479, 57, -5.599999999999996, 781, 0.1553993976535848
480, 85, -8.399999999999986, 766, 0.12817463299182785
481, 81, -7.999999999999988, 762, 0.1285556825288463
482, 82, -8.099999999999987, 785, 0.1692517785779697
483, 145, -14.399999999999965, 787, 0.1346427287034322
484, 225, -22.40000000000005, 785, 0.18084187593454004
485, 54, -5.299999999999997, 790, 0.12511963181096986
486, 84, -8.299999999999986, 770, 0.17802863025493287
487, 195, -19.400000000000006, 776, 0.11963913386082126
488, 225, -22.40000000000005, 774, 0.18255262918119308
489, 131, -12.99999999999997, 802, 0.12307651891810156
490, 66, -6.499999999999993, 782, 0.1420275674340461
491, 131, -12.99999999999997, 768, 0.16643599853984092
492, 54, -5.299999999999997, 790, 0.11829744651271934
493, 225, -22.40000000000005, 794, 0.1344888269047675
494, 66, -6.499999999999993, 798, 0.12505553868386876
495, 80, -7.899999999999988, 781, 0.15964134420110065
496, 120, -11.899999999999974, 772, 0.15166823176165356
497, 55, -5.399999999999997, 792, 0.14073123207954352
498, 88, -8.699999999999985, 792, 0.11456673810699691
499, 74, -7.29999999999999, 788, 0.16640689087730154
500, 66, -6.499999999999993, 802, 0.15897870991728613
501, 161, -15.99999999999996, 797, 0.16011138048397155
502, 70, -6.8999999999999915, 803, 0.12406943130537451
503, 61, -5.999999999999995, 811, 0.1370616741280397
504, 56, -5.4999999999999964, 821, 0.18036282413409177
505, 225, -22.40000000000005, 806, 0.22219547606459633
506, 124, -12.299999999999972, 803, 0.1309599311265024
507, 92, -9.099999999999984, 820, 0.15405622424494747
508, 60, -5.899999999999995, 815, 0.14643383119069875
509, 225, -22.40000000000005, 797, 0.13363420755106087
510, 146, -14.499999999999964, 799, 0.13701619172971347
511, 68, -6.699999999999992, 789, 0.11918578015864867
512, 225, -22.40000000000005, 825, 0.12602125277856402
513, 110, -10.899999999999977, 795, 0.1721050075612205
514, 80, -7.899999999999988, 826, 0.1721416373774578
515, 117, -11.599999999999975, 817, 0.12987112316345772
516, 86, -8.499999999999986, 815, 0.9483900714009341
517, 62, -6.099999999999994, 836, 0.12196739745615104
518, 48, -4.699999999999999, 814, 0.1314408506794209
519, 67, -6.5999999999999925, 831, 0.17390455163794738
520, 74, -7.29999999999999, 830, 0.16903426432675617
521, 77, -7.599999999999989, 833, 0.14611299353977403
522, 70, -6.8999999999999915, 798, 0.21496210434725738
523, 67, -6.5999999999999925, 818, 0.18476370674449716
524, 63, -6.199999999999994, 839, 0.1170868607887714
525, 170, -16.89999999999997, 817, 0.12984288400136257
526, 85, -8.399999999999986, 853, 0.18063800115109085
527, 64, -6.299999999999994, 823, 0.1504069056627051
528, 120, -11.899999999999974, 819, 0.19645855691171477
529, 121, -11.999999999999973, 842, 0.17093252918751195
530, 76, -7.499999999999989, 842, 0.14263378099602075
531, 57, -5.599999999999996, 829, 0.16405396424355034
532, 225, -22.40000000000005, 841, 0.1456974004545697
533, 63, -6.199999999999994, 823, 0.13129479718571835
534, 115, -11.399999999999975, 830, 0.11949424108652734
535, 104, -10.29999999999998, 824, 0.15919393753185748
536, 87, -8.599999999999985, 845, 0.18883285693970464
537, 51, -4.999999999999998, 827, 0.1558041542515456
538, 83, -8.199999999999987, 829, 0.1696174122804528
539, 108, -10.699999999999978, 861, 0.14909781696575486
540, 79, -7.799999999999988, 838, 0.12379874213745978
541, 142, -14.099999999999966, 821, 0.14187407355176718
542, 53, -5.1999999999999975, 842, 0.1467024530051413
543, 225, -22.40000000000005, 847, 0.12955995510324403
544, 95, -9.399999999999983, 830, 0.14172024402333472
545, 53, -5.1999999999999975, 821, 0.12211941606740595
546, 48, -4.699999999999999, 847, 0.12809622695086298
547, 76, -7.499999999999989, 845, 1.0474162249881687
548, 87, -8.599999999999985, 853, 0.14022982982707521
549, 98, -9.699999999999982, 850, 0.18321563663656093
550, 111, -10.999999999999977, 837, 0.13621839946485537
551, 70, -6.8999999999999915, 867, 0.1551922734011657
552, 148, -14.699999999999964, 852, 0.23079174465068997
553, 70, -6.8999999999999915, 846, 0.16246276091903455
554, 73, -7.19999999999999, 844, 0.10584307561231315
555, 225, -22.40000000000005, 852, 0.1327983924579872
556, 99, -9.799999999999981, 853, 0.1298003711577762
557, 79, -7.799999999999988, 878, 0.11805288018410653
558, 52, -5.099999999999998, 872, 0.13566116517990956
559, 69, -6.799999999999992, 874, 0.9982653576562925
560, 198, -19.70000000000001, 865, 0.235732687128122
561, 92, -9.099999999999984, 869, 0.1835839213211421
562, 71, -6.999999999999991, 891, 0.12130906542588882
563, 113, -11.199999999999976, 842, 0.10413982509871422
564, 129, -12.79999999999997, 867, 0.1472827928325937
565, 75, -7.39999999999999, 881, 0.14146952171689997
566, 225, -22.40000000000005, 876, 0.13282774509104378
567, 62, -6.099999999999994, 875, 0.14995421316268764
568, 55, -5.399999999999997, 874, 0.12354787084537677
569, 71, -6.999999999999991, 877, 0.1387973145602296
570, 110, -10.899999999999977, 889, 0.19100757193614015
571, 94, -9.299999999999983, 893, 0.14367296348281045
572, 68, -6.699999999999992, 875, 0.1533097203867011
573, 74, -7.29999999999999, 880, 0.12263579392728596
574, 51, -4.999999999999998, 874, 0.11807761278596152
575, 82, -8.099999999999987, 894, 0.5710362399842897
576, 83, -8.199999999999987, 885, 0.16731527858752382
577, 83, -8.199999999999987, 878, 0.17375857349335
578, 62, -6.099999999999994, 888, 0.11324463974007015
579, 104, -10.29999999999998, 892, 0.14941443668626908
580, 102, -10.09999999999998, 891, 0.3026635757210996
581, 70, -6.8999999999999915, 903, 0.1448186592475138
582, 86, -8.499999999999986, 909, 0.18121772425134153
583, 130, -12.89999999999997, 913, 0.19387084283163913
584, 187, -18.599999999999994, 918, 0.14998997342768527
585, 92, -9.099999999999984, 901, 0.1137252377750686
586, 96, -9.499999999999982, 916, 0.13887172570362116
587, 63, -6.199999999999994, 899, 0.13814976399155654
588, 169, -16.79999999999997, 896, 0.1890329160083084
589, 68, -6.699999999999992, 912, 0.1556629900657147
590, 61, -5.999999999999995, 913, 0.13537320008005338
591, 116, -11.499999999999975, 875, 0.14629804847133165
592, 65, -6.399999999999993, 899, 0.1638481936725607
593, 85, -8.399999999999986, 910, 0.15976345895061383
594, 71, -6.999999999999991, 916, 0.17653566360300554
595, 135, -13.399999999999968, 911, 0.1597863609029
596, 103, -10.19999999999998, 911, 0.1226914941984969
597, 76, -7.499999999999989, 908, 0.15730589646643173
598, 62, -6.099999999999994, 926, 0.21068410515606706
599, 98, -9.699999999999982, 906, 0.1733750209195275
600, 78, -7.699999999999989, 915, 0.11295148736602922
601, 225, -22.40000000000005, 908, 0.13563981348863008
602, 68, -6.699999999999992, 917, 0.16396731708578427
603, 112, -11.099999999999977, 924, 0.13457612351967274
604, 53, -5.1999999999999975, 910, 0.1566207217914135
605, 120, -11.899999999999974, 915, 0.18722117754598355
606, 59, -5.799999999999995, 904, 0.11585917171944526
607, 86, -8.499999999999986, 924, 0.14805156143298492
608, 213, -21.20000000000003, 924, 0.510842032427572
609, 100, -9.89999999999998, 917, 0.16362703486115615
610, 63, -6.199999999999994, 915, 0.10922455241314155
611, 94, -9.299999999999983, 921, 0.1246317705511728
612, 82, -8.099999999999987, 951, 0.1257347137479341
613, 59, -5.799999999999995, 946, 0.14830859648728056
614, 225, -22.40000000000005, 934, 0.17808997563609008
615, 62, -6.099999999999994, 937, 0.13333726541907476
616, 154, -15.299999999999962, 945, 0.18686090524004273
617, 72, -7.099999999999991, 931, 0.11943434672016551
618, 81, -7.999999999999988, 941, 0.16611447867912643
619, 63, -6.199999999999994, 933, 0.16113113077757557
620, 61, -5.999999999999995, 944, 0.17518607934938135
621, 69, -6.799999999999992, 944, 0.12018942410398892
622, 76, -7.499999999999989, 946, 0.18721850425385167
623, 98, -9.699999999999982, 975, 0.14756717526012808
624, 55, -5.399999999999997, 943, 0.10471835970909282
625, 94, -9.299999999999983, 948, 0.14536001830603063
626, 83, -8.199999999999987, 929, 0.12868171727632927
627, 57, -5.599999999999996, 950, 0.18290898101105957
628, 64, -6.299999999999994, 945, 0.15272666123028777
629, 83, -8.199999999999987, 949, 0.1665798786992848
630, 97, -9.599999999999982, 947, 0.14733056631779762
631, 149, -14.799999999999963, 952, 0.14709080223989268
632, 84, -8.299999999999986, 924, 0.1720243053452748
633, 109, -10.799999999999978, 944, 0.11798436082306729
634, 219, -21.80000000000004, 949, 0.12418537475423896
635, 225, -22.40000000000005, 967, 0.1939708552673336
636, 96, -9.499999999999982, 966, 0.1387426574078856
637, 64, -6.299999999999994, 967, 0.16068162401855568
638, 113, -11.199999999999976, 948, 0.18137965174131132
639, 63, -6.199999999999994, 963, 0.19060626458271068
640, 58, -5.699999999999996, 950, 0.13451308658082706
641, 69, -6.799999999999992, 950, 0.13667264935683265
642, 118, -11.699999999999974, 955, 0.14975732289442245
643, 138, -13.699999999999967, 959, 0.1496006166265249
644, 151, -14.999999999999963, 964, 0.17271199099592083
645, 106, -10.499999999999979, 937, 0.1459101241506624
646, 100, -9.89999999999998, 959, 0.1295245697340457
647, 171, -16.99999999999997, 964, 0.12176846418283604
648, 58, -5.699999999999996, 977, 0.1497473518798742
649, 84, -8.299999999999986, 977, 0.1308730757650749
650, 48, -4.699999999999999, 971, 0.12253084247219714
651, 212, -21.10000000000003, 958, 0.1400786892276824
652, 74, -7.29999999999999, 959, 0.1425765407980002
653, 225, -22.40000000000005, 985, 0.13693420389654654
654, 59, -5.799999999999995, 974, 0.1775210312302522
655, 217, -21.600000000000037, 993, 0.1410805256412111
656, 103, -10.19999999999998, 999, 0.14249722388757347
657, 49, -4.799999999999999, 987, 0.1453554801006942
658, 87, -8.599999999999985, 990, 0.15738010163659322
659, 55, -5.399999999999997, 994, 0.14631574516996482
660, 102, -10.09999999999998, 1009, 0.14160819146691006
661, 81, -7.999999999999988, 984, 0.15437910367012808
662, 111, -10.999999999999977, 987, 0.14710756980054063
663, 125, -12.399999999999972, 983, 0.19144846033149765
664, 89, -8.799999999999985, 976, 0.17650336725167692
665, 165, -16.399999999999963, 983, 0.2385736268926002
666, 68, -6.699999999999992, 986, 0.14461935618006816
667, 74, -7.29999999999999, 990, 0.13138802922728754
668, 62, -6.099999999999994, 1016, 0.15934605015167835
669, 59, -5.799999999999995, 981, 0.13107983382556565
670, 58, -5.699999999999996, 996, 0.16601354783501865
671, 51, -4.999999999999998, 1003, 0.11590084755662455
672, 133, -13.199999999999969, 997, 0.13622184057618192
673, 75, -7.39999999999999, 997, 0.12400363128961556
674, 59, -5.799999999999995, 990, 0.13201603025088104
675, 91, -8.999999999999984, 1012, 0.1933227888376421
676, 75, -7.39999999999999, 1001, 0.17779936859363588
677, 176, -17.49999999999998, 1001, 0.12358006522902842
678, 171, -16.99999999999997, 1013, 0.15079212050892798
679, 70, -6.8999999999999915, 1018, 0.15428042329776392
680, 76, -7.499999999999989, 1015, 0.11714391212218334
681, 90, -8.899999999999984, 1007, 0.14430876919382368
682, 63, -6.199999999999994, 1017, 0.15404374247492747
683, 110, -10.899999999999977, 1014, 0.16358562242335095
684, 73, -7.19999999999999, 1029, 0.1551733384303584
685, 128, -12.69999999999997, 1015, 0.16189213632188793
686, 72, -7.099999999999991, 1014, 0.1589953179853345
687, 225, -22.40000000000005, 1035, 0.2586426381497473
688, 120, -11.899999999999974, 1012, 0.1504980986082085
689, 79, -7.799999999999988, 1035, 0.1305918228895535
690, 51, -4.999999999999998, 1040, 0.17130415633790586
691, 106, -10.499999999999979, 1003, 0.12611195933500352
692, 55, -5.399999999999997, 1026, 0.20174923087203256
693, 57, -5.599999999999996, 1014, 0.14132078016911853
694, 105, -10.399999999999979, 1019, 0.13555575053198443
695, 130, -12.89999999999997, 1021, 0.15515464308843868
696, 78, -7.699999999999989, 1011, 0.13471928830150404
697, 61, -5.999999999999995, 1041, 0.15538314437324807
698, 65, -6.399999999999993, 1045, 0.1439420688090196
699, 90, -8.899999999999984, 1035, 0.11147730615065399
700, 54, -5.299999999999997, 1044, 0.1784211159270832
701, 48, -4.699999999999999, 1024, 0.14965989281866543
702, 62, -6.099999999999994, 1041, 0.1657588645268966
703, 197, -19.60000000000001, 1040, 0.10965272092842815
704, 96, -9.499999999999982, 1030, 0.14939710240962079
705, 67, -6.5999999999999925, 1009, 0.15819541581065
706, 57, -5.599999999999996, 1033, 0.19197076868823104
707, 225, -22.40000000000005, 1043, 0.16947859243613195
708, 92, -9.099999999999984, 1034, 0.15474300276568753
709, 81, -7.999999999999988, 1029, 0.17874909813376139
710, 79, -7.799999999999988, 1057, 0.15502283489506308
711, 59, -5.799999999999995, 1034, 0.20559866412819527
712, 125, -12.399999999999972, 1055, 0.1231622283770224
713, 76, -7.499999999999989, 1032, 0.10180859333459713
714, 98, -9.699999999999982, 1046, 0.10799402981852901
715, 55, -5.399999999999997, 1053, 0.17265174904720593
716, 65, -6.399999999999993, 1037, 0.17225126109564526
717, 51, -4.999999999999998, 1043, 0.11140747453283378
718, 182, -18.099999999999987, 1072, 0.9203463063296793
719, 70, -6.8999999999999915, 1047, 0.11230504390364793
720, 80, -7.899999999999988, 1049, 0.15609714872983083
721, 153, -15.199999999999962, 1053, 0.12506679281396682
722, 142, -14.099999999999966, 1090, 0.14906379927149938
723, 93, -9.199999999999983, 1045, 0.20359801274318512
724, 71, -6.999999999999991, 1052, 0.13085132564341118
725, 109, -10.799999999999978, 1064, 0.17140381128831628
726, 102, -10.09999999999998, 1057, 0.1540003369117673
727, 105, -10.399999999999979, 1057, 0.12530764980680775
728, 133, -13.199999999999969, 1062, 0.12846336497028754
729, 172, -17.099999999999973, 1075, 0.11751813720431614
730, 90, -8.899999999999984, 1064, 0.13215973947628656
731, 131, -12.99999999999997, 1069, 0.18549830216036356
732, 89, -8.799999999999985, 1070, 0.1502142233959165
733, 74, -7.29999999999999, 1075, 0.14984257971753667
734, 59, -5.799999999999995, 1065, 0.1995316256272921
735, 144, -14.299999999999965, 1078, 0.10929561176231672
736, 225, -22.40000000000005, 1088, 0.16517262411648104
737, 120, -11.899999999999974, 1064, 0.14046856593419532
738, 61, -5.999999999999995, 1096, 0.1683084883483863
739, 67, -6.5999999999999925, 1090, 0.17371055698808435
740, 52, -5.099999999999998, 1078, 0.12770651831251367
741, 71, -6.999999999999991, 1086, 0.13298318517458618
742, 81, -7.999999999999988, 1080, 0.19242054345687887
743, 225, -22.40000000000005, 1092, 0.16260003880666174
744, 123, -12.199999999999973, 1075, 0.15777191566615367
745, 225, -22.40000000000005, 1074, 0.1136481212309497
746, 100, -9.89999999999998, 1106, 0.1758848337548562
747, 63, -6.199999999999994, 1071, 0.22382333487783979
748, 116, -11.499999999999975, 1084, 0.12498866275240766
749, 166, -16.499999999999964, 1086, 0.42541258950739946
750, 194, -19.300000000000004, 1096, 0.17360416663188616
751, 87, -8.599999999999985, 1082, 0.1709045902360442
752, 75, -7.39999999999999, 1078, 0.17887392121917878
753, 52, -5.099999999999998, 1095, 0.20135636571869608
754, 69, -6.799999999999992, 1067, 0.1606809630329209
755, 71, -6.999999999999991, 1103, 0.10504177047265897
756, 59, -5.799999999999995, 1090, 0.17613670995030195
757, 54, -5.299999999999997, 1102, 0.17828398261341993
758, 68, -6.699999999999992, 1096, 0.19065938620315848
759, 109, -10.799999999999978, 1093, 0.181282876771925
760, 84, -8.299999999999986, 1081, 1.0238675030907767
761, 212, -21.10000000000003, 1129, 0.14533131586033488
762, 60, -5.899999999999995, 1084, 0.13399009499902537
763, 115, -11.399999999999975, 1105, 0.1345495291741039
764, 225, -22.40000000000005, 1101, 0.16373244674176424
765, 61, -5.999999999999995, 1116, 0.19014497462792712
766, 112, -11.099999999999977, 1104, 0.1185315701202696
767, 93, -9.199999999999983, 1102, 0.5263322867245304
768, 96, -9.499999999999982, 1096, 0.17846436614023187
769, 67, -6.5999999999999925, 1100, 0.17107702415019777
770, 73, -7.19999999999999, 1086, 0.13346175444333652
771, 58, -5.699999999999996, 1099, 0.18679386878629023
772, 225, -22.40000000000005, 1133, 1.0017062590664891
773, 175, -17.399999999999977, 1153, 0.1092763384451092
774, 225, -22.40000000000005, 1139, 0.1275149655331761
775, 138, -13.699999999999967, 1143, 0.15464715836610488
776, 164, -16.29999999999996, 1119, 0.17142340853790383
777, 51, -4.999999999999998, 1147, 0.13111562185116243
778, 206, -20.50000000000002, 1155, 0.1554677273031051
779, 52, -5.099999999999998, 1146, 0.13510586604075936
780, 101, -9.99999999999998, 1101, 0.15655597638883334
781, 128, -12.69999999999997, 1138, 1.0240210235873606
782, 56, -5.4999999999999964, 1139, 0.13957085253979096
783, 54, -5.299999999999997, 1144, 0.13260435492631784
784, 88, -8.699999999999985, 1139, 0.9303470609520037
785, 68, -6.699999999999992, 1139, 0.12037118762775467
786, 71, -6.999999999999991, 1145, 0.13869948757962103
787, 58, -5.699999999999996, 1110, 0.13249251986966382
788, 55, -5.399999999999997, 1135, 0.1501202902796286
789, 66, -6.499999999999993, 1143, 0.1351072421173649
790, 98, -9.699999999999982, 1139, 0.14119108586221185
791, 77, -7.599999999999989, 1139, 0.14545756431383827
792, 133, -13.199999999999969, 1122, 0.22687397779911855
793, 66, -6.499999999999993, 1127, 0.1266546634751049
794, 149, -14.799999999999963, 1129, 0.15951030204565297
795, 93, -9.199999999999983, 1135, 0.26507788478182626
796, 64, -6.299999999999994, 1132, 0.12100437085643106
797, 102, -10.09999999999998, 1141, 0.143073863753439
798, 96, -9.499999999999982, 1141, 0.1700758799657347
799, 50, -4.899999999999999, 1159, 0.15219773627396727
800, 83, -8.199999999999987, 1145, 0.18373048244070822
801, 94, -9.299999999999983, 1156, 1.031121719098298
802, 68, -6.699999999999992, 1148, 0.13144117680072664
803, 83, -8.199999999999987, 1169, 0.2211759035508014
804, 112, -11.099999999999977, 1148, 0.1559303906477889
805, 98, -9.699999999999982, 1147, 0.13607029060782416
806, 57, -5.599999999999996, 1162, 0.10444621138724486
807, 65, -6.399999999999993, 1158, 0.13971426284943256
808, 113, -11.199999999999976, 1164, 0.12679031301199606
809, 225, -22.40000000000005, 1179, 0.11566466483928517
810, 79, -7.799999999999988, 1169, 0.15713590377967357
811, 73, -7.19999999999999, 1152, 0.1585957566462748
812, 60, -5.899999999999995, 1167, 0.1543247633867879
813, 102, -10.09999999999998, 1150, 0.13971930989957437
814, 68, -6.699999999999992, 1167, 0.17721918751663557
815, 72, -7.099999999999991, 1159, 0.18078462682792917
816, 53, -5.1999999999999975, 1180, 1.073429208326033
817, 158, -15.69999999999996, 1184, 0.11251383103633006
818, 124, -12.299999999999972, 1174, 0.17665544435483738
819, 61, -5.999999999999995, 1189, 0.10681186461632586
820, 58, -5.699999999999996, 1177, 0.15094274010548359
821, 118, -11.699999999999974, 1169, 0.1409904508543096
822, 50, -4.899999999999999, 1206, 0.16069447455749564
823, 51, -4.999999999999998, 1194, 0.10638681967992314
824, 99, -9.799999999999981, 1165, 0.15506239063188776
825, 117, -11.599999999999975, 1187, 0.1735716994519636
826, 58, -5.699999999999996, 1195, 0.16583867462709123
827, 111, -10.999999999999977, 1181, 0.16896021037677844
828, 123, -12.199999999999973, 1159, 0.1547018242700568
829, 92, -9.099999999999984, 1174, 0.1565598447825125
830, 124, -12.299999999999972, 1159, 0.16154375272428023
831, 80, -7.899999999999988, 1179, 0.14840670668445055
832, 64, -6.299999999999994, 1185, 0.13689164736266324
833, 117, -11.599999999999975, 1158, 0.14029894439100565
834, 91, -8.999999999999984, 1189, 0.16486783205444389
835, 109, -10.799999999999978, 1196, 0.14259597536297242
836, 82, -8.099999999999987, 1203, 0.12014916413635213
837, 129, -12.79999999999997, 1216, 0.13197936063553506
838, 225, -22.40000000000005, 1207, 0.14688272036851924
839, 68, -6.699999999999992, 1209, 0.18938719411658367
840, 104, -10.29999999999998, 1207, 0.17617742816287052
841, 61, -5.999999999999995, 1205, 0.17455875862922254
842, 53, -5.1999999999999975, 1180, 0.14328075109385097
843, 54, -5.299999999999997, 1205, 0.2288829481962178
844, 97, -9.599999999999982, 1212, 0.1068905616915159
845, 138, -13.699999999999967, 1196, 0.29023550160089906
846, 56, -5.4999999999999964, 1197, 0.13484245877100332
847, 100, -9.89999999999998, 1182, 0.1509794031530376
848, 75, -7.39999999999999, 1196, 0.15143763727954074
849, 58, -5.699999999999996, 1222, 0.12901642287923432
850, 85, -8.399999999999986, 1187, 0.14982538137935264
851, 91, -8.999999999999984, 1215, 0.10842249130031201
852, 225, -22.40000000000005, 1234, 0.15841222788489384
853, 93, -9.199999999999983, 1227, 0.20578613769220633
854, 225, -22.40000000000005, 1212, 0.1435840029265183
855, 64, -6.299999999999994, 1205, 0.14356325556462668
856, 154, -15.299999999999962, 1215, 0.15454006409855492
857, 225, -22.40000000000005, 1213, 0.13003569392630698
858, 105, -10.399999999999979, 1219, 0.14880085550337085
859, 79, -7.799999999999988, 1217, 0.12868147956631426
860, 93, -9.199999999999983, 1204, 0.167797388867311
861, 124, -12.299999999999972, 1236, 0.14390357063345727
862, 74, -7.29999999999999, 1210, 0.1429062840348454
863, 49, -4.799999999999999, 1217, 0.20235121991004412
864, 138, -13.699999999999967, 1202, 0.11310026533600315
865, 67, -6.5999999999999925, 1236, 0.15326947557143233
866, 76, -7.499999999999989, 1234, 0.17425109399716687
867, 153, -15.199999999999962, 1214, 0.16431696232316906
868, 75, -7.39999999999999, 1221, 0.13949480655085322
869, 146, -14.499999999999964, 1208, 0.19117450692562654
870, 56, -5.4999999999999964, 1234, 0.17133780561071177
871, 86, -8.499999999999986, 1255, 0.13257117512613603
872, 225, -22.40000000000005, 1251, 0.14242566794134315
873, 225, -22.40000000000005, 1226, 0.1430721889877602
874, 56, -5.4999999999999964, 1231, 0.11772075550897476
875, 82, -8.099999999999987, 1261, 0.10431782713710147
876, 85, -8.399999999999986, 1256, 0.16703939986054694
877, 86, -8.499999999999986, 1245, 0.1387493157329791
878, 72, -7.099999999999991, 1263, 0.20197765860616945
879, 83, -8.199999999999987, 1262, 0.15302302574001003
880, 79, -7.799999999999988, 1249, 0.2356737098113224
881, 56, -5.4999999999999964, 1245, 0.15925559628367214
882, 130, -12.89999999999997, 1258, 0.13082563195111918
883, 225, -22.40000000000005, 1251, 0.19465225007158748
884, 225, -22.40000000000005, 1270, 0.10973066131859577
885, 105, -10.399999999999979, 1247, 0.1459616952057583
886, 61, -5.999999999999995, 1265, 0.11097677551478213
887, 100, -9.89999999999998, 1264, 0.14988191593936007
888, 188, -18.699999999999996, 1262, 0.1555946489347515
889, 225, -22.40000000000005, 1249, 0.17612715752702268
890, 45, -4.4, 1260, 0.18489869523067148
891, 53, -5.1999999999999975, 1249, 0.18016022004283605
892, 195, -19.400000000000006, 1296, 0.14735538242446683
893, 225, -22.40000000000005, 1236, 0.16524447224575534
894, 59, -5.799999999999995, 1266, 0.1498423353146432
895, 100, -9.89999999999998, 1240, 0.1448176389658875
896, 100, -9.89999999999998, 1253, 0.12839660508921602
897, 96, -9.499999999999982, 1276, 0.19837321967743282
898, 69, -6.799999999999992, 1281, 0.13798975263833468
899, 160, -15.89999999999996, 1274, 0.1689293142941748
900, 49, -4.799999999999999, 1273, 0.12216554594417717
901, 60, -5.899999999999995, 1243, 0.17024066666404303
902, 210, -20.900000000000027, 1276, 0.16821596538755745
903, 71, -6.999999999999991, 1279, 0.13392978638614705
904, 109, -10.799999999999978, 1245, 0.17066519091111587
905, 192, -19.1, 1280, 0.14470339333167725
906, 90, -8.899999999999984, 1254, 0.10778322542653201
907, 225, -22.40000000000005, 1274, 0.16136572445850117
908, 75, -7.39999999999999, 1250, 0.1273832117164012
909, 128, -12.69999999999997, 1276, 0.12991078758599306
910, 89, -8.799999999999985, 1270, 0.12215494762596624
911, 119, -11.799999999999974, 1267, 0.14542559633321156
912, 67, -6.5999999999999925, 1315, 0.1708951344737324
913, 108, -10.699999999999978, 1256, 0.1680918819387882
914, 64, -6.299999999999994, 1278, 0.23412568671459888
915, 120, -11.899999999999974, 1293, 1.1979602970133278
916, 117, -11.599999999999975, 1298, 0.1420396790110381
917, 225, -22.40000000000005, 1278, 0.1886184024228741
918, 82, -8.099999999999987, 1289, 0.7395672968307596
919, 92, -9.099999999999984, 1298, 0.16509677437664694
920, 225, -22.40000000000005, 1294, 0.15952886128176313
921, 77, -7.599999999999989, 1309, 0.18216573163198668
922, 88, -8.699999999999985, 1320, 0.23035878121719255
923, 65, -6.399999999999993, 1312, 0.16923176741486867
924, 61, -5.999999999999995, 1271, 0.11234330845048301
925, 59, -5.799999999999995, 1319, 0.13980271598630323
926, 148, -14.699999999999964, 1290, 0.16349038093611679
927, 102, -10.09999999999998, 1297, 0.12086851258813569
928, 95, -9.399999999999983, 1307, 0.15142930368400465
929, 73, -7.19999999999999, 1292, 0.16375098705099436
930, 63, -6.199999999999994, 1312, 0.11041803380951176
931, 80, -7.899999999999988, 1288, 0.17373559542812433
932, 63, -6.199999999999994, 1303, 0.12920591161913486
933, 60, -5.899999999999995, 1286, 0.13887901388335644
934, 126, -12.499999999999972, 1304, 0.1581040853768919
935, 106, -10.499999999999979, 1326, 0.11704584756623637
936, 87, -8.599999999999985, 1341, 0.15187943193290332
937, 50, -4.899999999999999, 1314, 0.22905861642733893
938, 63, -6.199999999999994, 1300, 0.13364461859337506
939, 100, -9.89999999999998, 1317, 0.13791295381098223
940, 67, -6.5999999999999925, 1311, 0.20314746381301063
941, 153, -15.199999999999962, 1309, 0.19666118045608805
942, 87, -8.599999999999985, 1329, 0.1447519793366414
943, 52, -5.099999999999998, 1325, 0.1147228035218375
944, 117, -11.599999999999975, 1325, 0.12995183540744382
945, 111, -10.999999999999977, 1322, 0.17287771904979277
946, 116, -11.499999999999975, 1338, 0.13104493534853257
947, 53, -5.1999999999999975, 1346, 0.17873146577507404
948, 222, -22.100000000000044, 1331, 0.17635089246914237
949, 48, -4.699999999999999, 1308, 0.18586743894852686
950, 145, -14.399999999999965, 1325, 0.5266990364652893
951, 88, -8.699999999999985, 1317, 0.16730307135025624
952, 54, -5.299999999999997, 1352, 0.17505816383311767
953, 225, -22.40000000000005, 1337, 0.16019676744971223
954, 91, -8.999999999999984, 1319, 0.17094286488333177
955, 146, -14.499999999999964, 1332, 0.12828280927023372
956, 78, -7.699999999999989, 1336, 0.18535780766370058
957, 53, -5.1999999999999975, 1330, 0.1100054634474974
958, 97, -9.599999999999982, 1360, 0.16273378707114822
959, 53, -5.1999999999999975, 1359, 0.16053541844045816
960, 105, -10.399999999999979, 1357, 0.14624424432131627
961, 72, -7.099999999999991, 1376, 0.1848174091268473
962, 95, -9.399999999999983, 1371, 0.1413815995824339
963, 80, -7.899999999999988, 1353, 0.20025860719216482
964, 225, -22.40000000000005, 1350, 0.15732295812031527
965, 88, -8.699999999999985, 1342, 0.7655650113019195
966, 173, -17.199999999999974, 1346, 0.15866839523081633
967, 59, -5.799999999999995, 1359, 0.1330061033276566
968, 68, -6.699999999999992, 1368, 0.11820176356533252
969, 88, -8.699999999999985, 1347, 0.15271199978248273
970, 80, -7.899999999999988, 1347, 0.17221432111843926
971, 99, -9.799999999999981, 1377, 0.11261389747493222
972, 130, -12.89999999999997, 1366, 0.11794676188373732
973, 225, -22.40000000000005, 1348, 0.493077213829066
974, 80, -7.899999999999988, 1333, 0.09137911790277375
975, 157, -15.59999999999996, 1366, 0.12117933127065017
976, 66, -6.499999999999993, 1352, 0.17516240992042564
977, 84, -8.299999999999986, 1398, 0.14624919206065723
978, 225, -22.40000000000005, 1358, 0.1452621656284121
979, 63, -6.199999999999994, 1389, 0.1422171297165069
980, 113, -11.199999999999976, 1369, 0.12255424677780447
981, 196, -19.500000000000007, 1374, 0.15313175904739662
982, 70, -6.8999999999999915, 1355, 0.1665546176254371
983, 67, -6.5999999999999925, 1373, 0.15218653450837172
984, 84, -8.299999999999986, 1352, 0.1693379708921594
985, 97, -9.599999999999982, 1379, 0.1513874936879711
986, 72, -7.099999999999991, 1361, 0.15164894970268605
987, 58, -5.699999999999996, 1400, 0.11518049993617097
988, 112, -11.099999999999977, 1375, 0.18546056547334624
989, 169, -16.79999999999997, 1386, 0.17261386088298125
990, 225, -22.40000000000005, 1420, 0.1380514779785167
991, 71, -6.999999999999991, 1374, 0.18151726083050157
992, 91, -8.999999999999984, 1389, 0.15052252309051184
993, 83, -8.199999999999987, 1388, 0.11460568541558902
994, 53, -5.1999999999999975, 1356, 1.1081678198692155
995, 225, -22.40000000000005, 1382, 0.15620084981286997
996, 74, -7.29999999999999, 1381, 0.13021391530854443
997, 54, -5.299999999999997, 1382, 0.1413031768485249
998, 128, -12.69999999999997, 1397, 0.20377584063245013
999, 50, -4.899999999999999, 1373, 0.13251842129320823
1000, 150, -14.899999999999963, 1404, 0.1452846331659512
