Episode, Steps, Reward, Time (in milliseconds), Convergence
1, 225, -22.40000000000005, 34, 0.017090010000000003
2, 225, -22.40000000000005, 78, 0.016200000000000006
3, 225, -22.40000000000005, 100, 0.01458
4, 225, -22.40000000000005, 108, 0.18693466256094204
5, 225, -22.40000000000005, 118, 0.016194490327174543
6, 225, -22.40000000000005, 110, 0.01672327126566789
7, 225, -22.40000000000005, 125, 0.10242390324692197
8, 225, -22.40000000000005, 120, 0.014256983941997425
9, 225, -22.40000000000005, 156, 0.015769198702866083
10, 225, -22.40000000000005, 193, 0.19821227381828277
11, 225, -22.40000000000005, 187, 0.01359480099114635
12, 225, -22.40000000000005, 170, 0.01898988585634398
13, 225, -22.40000000000005, 186, 0.1978898703972778
14, 225, -22.40000000000005, 203, 0.17317723744759805
15, 225, -22.40000000000005, 208, 0.01572328425049868
16, 225, -22.40000000000005, 223, 0.017127128182036933
17, 225, -22.40000000000005, 222, 0.19784019204047842
18, 225, -22.40000000000005, 227, 0.015205507130367724
19, 225, -22.40000000000005, 258, 0.01690949353769472
20, 225, -22.40000000000005, 242, 0.015120831879343766
21, 225, -22.40000000000005, 261, 0.01630950200090664
22, 225, -22.40000000000005, 250, 0.1602158028508509
23, 225, -22.40000000000005, 265, 0.016552463298918338
24, 225, -22.40000000000005, 266, 0.19758620268741645
25, 225, -22.40000000000005, 291, 0.01802854840784185
26, 225, -22.40000000000005, 277, 0.18947156976718482
27, 225, -22.40000000000005, 285, 0.015015100645002222
28, 225, -22.40000000000005, 321, 0.017112443216316026
29, 225, -22.40000000000005, 313, 0.018299949912841562
30, 225, -22.40000000000005, 305, 0.01718065370751304
31, 225, -22.40000000000005, 318, 0.017214950653780647
32, 225, -22.40000000000005, 294, 0.01772255939522649
33, 225, -22.40000000000005, 335, 0.1967710082530898
34, 225, -22.40000000000005, 315, 0.18805569978319425
35, 225, -22.40000000000005, 333, 0.015048626498508688
36, 225, -22.40000000000005, 350, 0.018559052849565355
37, 225, -22.40000000000005, 349, 0.017460501763823633
38, 225, -22.40000000000005, 345, 0.016192750755277374
39, 225, -22.40000000000005, 389, 0.1880921688619649
40, 225, -22.40000000000005, 339, 0.015191879803976183
41, 225, -22.40000000000005, 367, 0.016356565161920522
42, 225, -22.40000000000005, 376, 0.20285801800729308
43, 225, -22.40000000000005, 384, 0.0173769775236845
44, 225, -22.40000000000005, 370, 0.022538959606784703
45, 225, -22.40000000000005, 380, 0.017844438625254866
46, 225, -22.40000000000005, 391, 0.017163525491538767
47, 225, -22.40000000000005, 409, 0.01738400395015982
48, 225, -22.40000000000005, 393, 0.019139101400014402
49, 225, -22.40000000000005, 409, 0.0163131796171333
50, 225, -22.40000000000005, 400, 0.0157912501934101
51, 225, -22.40000000000005, 438, 0.015062751235008331
52, 225, -22.40000000000005, 410, 0.024199398415840956
53, 225, -22.40000000000005, 411, 0.015321685063008461
54, 225, -22.40000000000005, 429, 0.01696545067609556
55, 225, -22.40000000000005, 436, 0.017400932937966462
56, 225, -22.40000000000005, 436, 0.01751178097012762
57, 225, -22.40000000000005, 466, 0.020307420776414453
58, 225, -22.40000000000005, 448, 0.016887005793165488
59, 225, -22.40000000000005, 448, 0.016759374872910793
60, 225, -22.40000000000005, 470, 0.015257530071729919
61, 225, -22.40000000000005, 450, 0.015454462518029621
62, 225, -22.40000000000005, 454, 0.019744620905382093
63, 225, -22.40000000000005, 461, 0.014471280794386976
64, 225, -22.40000000000005, 448, 0.022733688499780552
65, 225, -22.40000000000005, 476, 0.018231669968828523
66, 225, -22.40000000000005, 486, 0.016154757410132503
67, 225, -22.40000000000005, 504, 0.01640036318892646
68, 225, -22.40000000000005, 471, 0.18287334929260313
69, 225, -22.40000000000005, 507, 0.016905963298623816
70, 225, -22.40000000000005, 484, 0.020543653314123556
71, 225, -22.40000000000005, 512, 0.01714789324894528
72, 225, -22.40000000000005, 509, 0.01858214288219806
73, 225, -22.40000000000005, 491, 0.019085099248314252
74, 225, -22.40000000000005, 508, 0.02176528056671298
75, 225, -22.40000000000005, 502, 0.020257304138818655
76, 225, -22.40000000000005, 494, 0.020211054318895916
77, 225, -22.40000000000005, 498, 0.02488244640421078
78, 225, -22.40000000000005, 506, 0.02201545342097988
79, 225, -22.40000000000005, 494, 0.019671627040478035
80, 225, -22.40000000000005, 502, 0.018257172971890168
81, 225, -22.40000000000005, 512, 0.02070634028861279
82, 225, -22.40000000000005, 514, 0.01724844881291543
83, 225, -22.40000000000005, 513, 0.015319432702274316
84, 225, -22.40000000000005, 531, 0.023045680959183856
85, 225, -22.40000000000005, 540, 0.02187060615433256
86, 225, -22.40000000000005, 549, 0.016907647134134618
87, 225, -22.40000000000005, 524, 0.18484211397180794
88, 225, -22.40000000000005, 552, 0.015209884692362952
89, 225, -22.40000000000005, 556, 0.013479104465982106
90, 225, -22.40000000000005, 547, 0.017982786657655403
91, 225, -22.40000000000005, 546, 0.020403643376872838
92, 225, -22.40000000000005, 566, 0.023955823843255675
93, 225, -22.40000000000005, 535, 0.02365869146109395
94, 225, -22.40000000000005, 575, 0.017014133259122044
95, 225, -22.40000000000005, 546, 0.019417748209995256
96, 225, -22.40000000000005, 590, 0.02363263235001478
97, 225, -22.40000000000005, 574, 0.018089841650333116
98, 225, -22.40000000000005, 564, 0.022395920529315383
99, 225, -22.40000000000005, 569, 0.01904678761739942
100, 225, -22.40000000000005, 559, 0.015351189057978054
101, 225, -22.40000000000005, 545, 0.02076132574313616
102, 225, -22.40000000000005, 591, 0.023824491119983637
103, 225, -22.40000000000005, 579, 0.023826878794638517
104, 225, -22.40000000000005, 585, 0.018644123436536875
105, 225, -22.40000000000005, 597, 0.016778966213235158
106, 225, -22.40000000000005, 578, 0.017433293558640095
107, 225, -22.40000000000005, 600, 0.023893107138871383
108, 225, -22.40000000000005, 576, 0.019662373455679116
109, 225, -22.40000000000005, 598, 0.023353438743041632
110, 225, -22.40000000000005, 609, 0.022455470008892364
111, 225, -22.40000000000005, 606, 0.01927723058249553
112, 225, -22.40000000000005, 595, 0.022100010851077934
113, 200, -19.900000000000013, 616, 0.01669963941363939
114, 225, -22.40000000000005, 616, 0.015684966248945997
115, 225, -22.40000000000005, 618, 0.18424059487007582
116, 225, -22.40000000000005, 605, 0.015835194677193964
117, 225, -22.40000000000005, 599, 0.019704299027027528
118, 152, -15.099999999999962, 633, 0.019054742238450828
119, 225, -22.40000000000005, 623, 0.023809537750843657
120, 225, -22.40000000000005, 622, 0.0246677436422566
121, 225, -22.40000000000005, 631, 0.019700158473284768
122, 225, -22.40000000000005, 626, 0.01666061484704673
123, 225, -22.40000000000005, 618, 0.01983955516488689
124, 225, -22.40000000000005, 630, 0.024085752549976025
125, 225, -22.40000000000005, 641, 0.02410406383757069
126, 225, -22.40000000000005, 629, 0.01690733470689909
127, 225, -22.40000000000005, 640, 0.016995301773947702
128, 225, -22.40000000000005, 647, 0.018764834869482994
129, 225, -22.40000000000005, 650, 0.023749005267828693
130, 225, -22.40000000000005, 635, 0.015194159126742823
131, 225, -22.40000000000005, 651, 0.020923357618531757
132, 225, -22.40000000000005, 665, 0.01630734369686926
133, 225, -22.40000000000005, 660, 0.01759060638306087
134, 225, -22.40000000000005, 662, 0.023120938089005866
135, 225, -22.40000000000005, 660, 0.026112553935697613
136, 225, -22.40000000000005, 662, 0.013906837068336841
137, 225, -22.40000000000005, 674, 0.0173331913685959
138, 225, -22.40000000000005, 650, 0.01678818859662612
139, 225, -22.40000000000005, 668, 0.01897484550673534
140, 225, -22.40000000000005, 659, 0.1000470065792598
141, 225, -22.40000000000005, 658, 0.024047471112162877
142, 225, -22.40000000000005, 668, 0.0173464139375874
143, 225, -22.40000000000005, 666, 0.019387422733567305
144, 225, -22.40000000000005, 678, 0.016009544658243335
145, 225, -22.40000000000005, 672, 0.02225914452901584
146, 225, -22.40000000000005, 669, 0.022913081811161806
147, 225, -22.40000000000005, 679, 0.02291739631196532
148, 225, -22.40000000000005, 675, 0.020841312263131684
149, 225, -22.40000000000005, 688, 0.014631562445384994
150, 225, -22.40000000000005, 690, 0.02430548121541809
151, 225, -22.40000000000005, 675, 0.02064318925157771
152, 225, -22.40000000000005, 698, 0.021353882798900714
153, 148, -14.699999999999964, 701, 0.1880654377715314
154, 225, -22.40000000000005, 687, 0.02597063754814677
155, 225, -22.40000000000005, 715, 0.020289118664615913
156, 225, -22.40000000000005, 694, 0.022298138766702613
157, 225, -22.40000000000005, 713, 0.023089374955468867
158, 225, -22.40000000000005, 686, 0.02185973296615662
159, 224, -22.300000000000047, 709, 0.020239845869025608
160, 225, -22.40000000000005, 699, 0.01700437436594271
161, 225, -22.40000000000005, 704, 0.02052263203397897
162, 225, -22.40000000000005, 691, 0.015012325418757078
163, 225, -22.40000000000005, 719, 0.017700481852101713
164, 225, -22.40000000000005, 696, 0.01702623883880161
165, 225, -22.40000000000005, 700, 0.021715696186396127
166, 225, -22.40000000000005, 724, 0.025763266030099374
167, 225, -22.40000000000005, 742, 0.026338738260835215
168, 225, -22.40000000000005, 735, 0.012095459479214643
169, 189, -18.799999999999997, 745, 0.024162834905303465
170, 225, -22.40000000000005, 736, 0.019956434127695544
171, 225, -22.40000000000005, 743, 0.027171464569499704
172, 225, -22.40000000000005, 726, 0.018364584618743685
173, 225, -22.40000000000005, 739, 0.02174746201812794
174, 225, -22.40000000000005, 739, 0.017013060171956473
175, 225, -22.40000000000005, 731, 0.020852885827589596
176, 225, -22.40000000000005, 753, 0.02271559389642397
177, 225, -22.40000000000005, 736, 0.01813986588945382
178, 225, -22.40000000000005, 726, 0.020440717365997063
179, 225, -22.40000000000005, 723, 0.02016639972064005
180, 225, -22.40000000000005, 733, 0.020968974791525596
181, 225, -22.40000000000005, 752, 0.018703009568510343
182, 100, -9.89999999999998, 763, 0.019378841865726137
183, 225, -22.40000000000005, 747, 0.0225739514352315
184, 225, -22.40000000000005, 758, 0.022438513797568227
185, 217, -21.600000000000037, 751, 0.013944970956634162
186, 225, -22.40000000000005, 768, 0.026820920976259432
187, 225, -22.40000000000005, 758, 0.024994670984352374
188, 105, -10.399999999999979, 770, 0.021130745971123188
189, 225, -22.40000000000005, 755, 0.018873431812146846
190, 225, -22.40000000000005, 776, 0.02628100669200384
191, 154, -15.299999999999962, 748, 0.019517136869179996
192, 225, -22.40000000000005, 760, 0.0233040514461047
193, 225, -22.40000000000005, 767, 0.023042782845297705
194, 225, -22.40000000000005, 782, 0.02207308288390264
195, 184, -18.29999999999999, 782, 0.018797119036739196
196, 167, -16.599999999999966, 753, 0.02764238745686154
197, 225, -22.40000000000005, 762, 0.025694065884087347
198, 130, -12.89999999999997, 765, 0.022365672499428113
199, 225, -22.40000000000005, 768, 0.018783069358591753
200, 225, -22.40000000000005, 786, 0.021091854805857402
201, 225, -22.40000000000005, 771, 0.025697632889238042
202, 133, -13.199999999999969, 792, 0.02690602226190253
203, 169, -16.79999999999997, 810, 0.02780765234926652
204, 225, -22.40000000000005, 763, 0.019845534123200004
205, 225, -22.40000000000005, 785, 0.025320994660242402
206, 80, -7.899999999999988, 773, 0.013283558436346432
207, 225, -22.40000000000005, 789, 0.1783414746809342
208, 225, -22.40000000000005, 788, 0.012656933648002466
209, 225, -22.40000000000005, 781, 0.01810858314728936
210, 225, -22.40000000000005, 799, 0.02036271198055939
211, 225, -22.40000000000005, 792, 0.024621396672351303
212, 225, -22.40000000000005, 800, 0.020861973540208356
213, 225, -22.40000000000005, 789, 0.01466435595542892
214, 225, -22.40000000000005, 806, 0.025393084521297293
215, 225, -22.40000000000005, 808, 0.022754658018800278
216, 93, -9.199999999999983, 817, 0.021945199090043666
217, 225, -22.40000000000005, 804, 0.022192957312077877
218, 225, -22.40000000000005, 815, 0.018646472148723614
219, 225, -22.40000000000005, 809, 0.016857235325952846
220, 225, -22.40000000000005, 792, 0.02023748656341262
221, 225, -22.40000000000005, 798, 0.02672266938803103
222, 142, -14.099999999999966, 798, 0.021482813652936805
223, 225, -22.40000000000005, 806, 0.01643479441753226
224, 225, -22.40000000000005, 800, 0.019784880106569147
225, 148, -14.699999999999964, 803, 0.02283503664728931
226, 134, -13.299999999999969, 799, 0.026537574561888627
227, 156, -15.499999999999961, 807, 0.07425259809120277
228, 144, -14.299999999999965, 800, 0.020214464687238975
229, 225, -22.40000000000005, 804, 0.019648611443013553
230, 225, -22.40000000000005, 815, 0.02169247789288009
231, 225, -22.40000000000005, 821, 0.020314291985015887
232, 225, -22.40000000000005, 833, 0.024316568292636898
233, 225, -22.40000000000005, 819, 0.027990546749229628
234, 225, -22.40000000000005, 801, 0.016720434295774744
235, 76, -7.499999999999989, 830, 0.025735760775170036
236, 225, -22.40000000000005, 807, 0.024400232886829687
237, 225, -22.40000000000005, 818, 0.0210509209714822
238, 225, -22.40000000000005, 834, 0.012270448133440137
239, 225, -22.40000000000005, 821, 0.020868898175789186
240, 225, -22.40000000000005, 833, 0.022556563915876016
241, 225, -22.40000000000005, 831, 0.023361764020454867
242, 225, -22.40000000000005, 813, 0.02407855717479357
243, 81, -7.999999999999988, 854, 0.023972744563717563
244, 225, -22.40000000000005, 839, 0.023588449158067015
245, 225, -22.40000000000005, 836, 0.02827132011365832
246, 140, -13.899999999999967, 834, 0.0252568130178511
247, 225, -22.40000000000005, 824, 0.0211559024097836
248, 217, -21.600000000000037, 855, 0.02198054473089206
249, 201, -20.000000000000014, 834, 0.021594080552566064
250, 225, -22.40000000000005, 831, 0.02395767156229711
251, 225, -22.40000000000005, 834, 0.02215501171087264
252, 225, -22.40000000000005, 836, 0.021409986196959552
253, 225, -22.40000000000005, 842, 0.025641769274744985
254, 105, -10.399999999999979, 862, 0.021323835983437567
255, 225, -22.40000000000005, 838, 0.02475805216547733
256, 225, -22.40000000000005, 853, 0.02216226743722216
257, 48, -4.699999999999999, 883, 0.02921591021776715
258, 53, -5.1999999999999975, 846, 0.01643043199250327
259, 195, -19.400000000000006, 853, 0.021175000541936884
260, 117, -11.599999999999975, 877, 0.02381136391063371
261, 58, -5.699999999999996, 849, 0.024192606524052973
262, 138, -13.699999999999967, 855, 0.023416768266076526
263, 71, -6.999999999999991, 861, 0.027288715886584214
264, 225, -22.40000000000005, 850, 0.023852273859777506
265, 91, -8.999999999999984, 872, 0.019603276537981884
266, 225, -22.40000000000005, 865, 0.02745369584505647
267, 225, -22.40000000000005, 875, 0.02259203526501885
268, 141, -13.999999999999966, 867, 0.02316914585204477
269, 165, -16.399999999999963, 877, 0.02426693501665933
270, 197, -19.60000000000001, 869, 0.024072115073756173
271, 172, -17.099999999999973, 861, 0.01410157596503181
272, 225, -22.40000000000005, 887, 0.025722233776312775
273, 100, -9.89999999999998, 877, 0.014566465551802299
274, 225, -22.40000000000005, 881, 0.02328017411983463
275, 225, -22.40000000000005, 865, 0.024124612782772337
276, 225, -22.40000000000005, 878, 0.02660606251699077
277, 225, -22.40000000000005, 883, 0.026744896799517748
278, 88, -8.699999999999985, 877, 0.02516270336879367
279, 225, -22.40000000000005, 882, 0.021841329416956823
280, 225, -22.40000000000005, 876, 0.023186787146470378
281, 78, -7.699999999999989, 867, 0.023469305417334385
282, 225, -22.40000000000005, 890, 0.012458026604915684
283, 225, -22.40000000000005, 883, 0.016390758136910488
284, 225, -22.40000000000005, 887, 0.020130619627588775
285, 100, -9.89999999999998, 885, 0.018855613491883583
286, 63, -6.199999999999994, 893, 0.02605210534402852
287, 52, -5.099999999999998, 887, 0.20600238850636465
288, 225, -22.40000000000005, 889, 0.022550347323051945
289, 76, -7.499999999999989, 873, 0.023149751458306778
290, 121, -11.999999999999973, 906, 0.020242628841102617
291, 225, -22.40000000000005, 890, 0.022771699244988508
292, 225, -22.40000000000005, 895, 0.02346826364155774
293, 175, -17.399999999999977, 877, 0.018574130468483663
294, 82, -8.099999999999987, 883, 0.018353270213844475
295, 151, -14.999999999999963, 900, 0.01410838120250435
296, 52, -5.099999999999998, 880, 0.024904567573803993
297, 225, -22.40000000000005, 901, 0.026127353991280744
298, 110, -10.899999999999977, 907, 0.0259764242050749
299, 124, -12.299999999999972, 896, 0.02140822943316678
300, 98, -9.699999999999982, 883, 0.02200841444784296
301, 211, -21.00000000000003, 889, 0.028149672540551285
302, 225, -22.40000000000005, 902, 0.02426383445638286
303, 225, -22.40000000000005, 892, 0.01824128269203462
304, 225, -22.40000000000005, 900, 0.022678846671955577
305, 225, -22.40000000000005, 898, 0.02585360649170143
306, 49, -4.799999999999999, 894, 0.020098135295096575
307, 65, -6.399999999999993, 916, 0.018633129669849424
308, 97, -9.599999999999982, 900, 0.02267368816218429
309, 85, -8.399999999999986, 921, 0.02549344150377965
310, 152, -15.099999999999962, 911, 0.02002328145436455
311, 82, -8.099999999999987, 899, 0.02355826367968472
312, 225, -22.40000000000005, 919, 0.02168408881105255
313, 225, -22.40000000000005, 909, 0.021876719720330756
314, 64, -6.299999999999994, 899, 0.02132568447090799
315, 51, -4.999999999999998, 913, 0.023984668412520005
316, 68, -6.699999999999992, 903, 0.027414161999094744
317, 157, -15.59999999999996, 921, 0.027449876742061785
318, 81, -7.999999999999988, 916, 0.011021340147411962
319, 225, -22.40000000000005, 902, 0.022759241447787293
320, 104, -10.29999999999998, 903, 0.021463553017781356
321, 107, -10.599999999999978, 902, 0.022412420453964632
322, 157, -15.59999999999996, 902, 0.02147445076490362
323, 225, -22.40000000000005, 923, 0.01142888398162345
324, 92, -9.099999999999984, 933, 0.024141021868047785
325, 104, -10.29999999999998, 920, 0.02085119681673442
326, 225, -22.40000000000005, 917, 0.024990754404433213
327, 133, -13.199999999999969, 920, 0.028654258067569383
328, 73, -7.19999999999999, 912, 0.017236587727706754
329, 182, -18.099999999999987, 911, 0.020061473216903103
330, 225, -22.40000000000005, 926, 0.028053827196755643
331, 225, -22.40000000000005, 912, 0.020309743263533964
332, 80, -7.899999999999988, 904, 0.026312558727232038
333, 52, -5.099999999999998, 907, 0.023686579188166912
334, 53, -5.1999999999999975, 914, 0.020970621967077108
335, 55, -5.399999999999997, 903, 0.019037378844307007
336, 57, -5.599999999999996, 944, 0.024040218785313372
337, 106, -10.499999999999979, 935, 0.018124816392913523
338, 73, -7.19999999999999, 935, 0.025357533067683402
339, 75, -7.39999999999999, 941, 0.024254768845982544
340, 78, -7.699999999999989, 933, 0.02423382873104829
341, 185, -18.39999999999999, 945, 0.02036373972311012
342, 57, -5.599999999999996, 917, 0.023429120419558316
343, 225, -22.40000000000005, 941, 0.026774111845094817
344, 54, -5.299999999999997, 926, 0.024508482583381064
345, 79, -7.799999999999988, 922, 0.025420946573774916
346, 57, -5.599999999999996, 966, 0.019561611900304865
347, 63, -6.199999999999994, 930, 0.023052852468499474
348, 179, -17.799999999999983, 930, 0.018764248757995095
349, 61, -5.999999999999995, 937, 0.018556557453287326
350, 225, -22.40000000000005, 948, 0.021224157826039702
351, 62, -6.099999999999994, 953, 0.024088274508812457
352, 56, -5.4999999999999964, 942, 0.01977337300515769
353, 77, -7.599999999999989, 947, 0.02112965897533936
354, 192, -19.1, 937, 0.02506987019863738
355, 65, -6.399999999999993, 952, 0.0235715871108515
356, 93, -9.199999999999983, 930, 0.020974070743140505
357, 60, -5.899999999999995, 931, 0.021744641818701504
358, 93, -9.199999999999983, 931, 0.021603098564403345
359, 56, -5.4999999999999964, 946, 0.020117215818632128
360, 173, -17.199999999999974, 951, 0.019948147059645316
361, 109, -10.799999999999978, 955, 0.02113091007073553
362, 67, -6.5999999999999925, 947, 0.0167087983825982
363, 169, -16.79999999999997, 961, 0.023033817676225254
364, 48, -4.699999999999999, 939, 0.026557804319571998
365, 48, -4.699999999999999, 952, 0.025287607156816078
366, 56, -5.4999999999999964, 947, 0.021404709194791316
367, 48, -4.699999999999999, 953, 0.01628743585745207
368, 70, -6.8999999999999915, 961, 0.018604196015806096
369, 83, -8.199999999999987, 955, 0.025781084501364182
370, 225, -22.40000000000005, 951, 0.018710912981001915
371, 151, -14.999999999999963, 953, 0.024595835704421767
372, 69, -6.799999999999992, 955, 0.02264215194298136
373, 87, -8.599999999999985, 966, 0.021964785815277832
374, 55, -5.399999999999997, 958, 0.027767832638925904
375, 225, -22.40000000000005, 952, 0.02253218801844492
376, 73, -7.19999999999999, 973, 0.023220634695756415
377, 128, -12.69999999999997, 972, 0.023152011764390412
378, 77, -7.599999999999989, 978, 0.023026415044692605
379, 91, -8.999999999999984, 968, 0.023192193800306724
380, 52, -5.099999999999998, 971, 0.023084782976169782
381, 92, -9.099999999999984, 984, 0.02301028923943038
382, 69, -6.799999999999992, 972, 0.02144825591854438
383, 64, -6.299999999999994, 973, 0.021593046649397207
384, 70, -6.8999999999999915, 967, 0.023486955790524178
385, 152, -15.099999999999962, 966, 0.025373091983641294
386, 62, -6.099999999999994, 989, 0.025291290155249113
387, 51, -4.999999999999998, 985, 0.01859031939387079
388, 75, -7.39999999999999, 967, 0.022742795704651764
389, 57, -5.599999999999996, 982, 0.022667876540996168
390, 89, -8.799999999999985, 977, 0.021283899615306634
391, 70, -6.8999999999999915, 981, 0.02050704825125349
392, 57, -5.599999999999996, 973, 0.023265868763687525
393, 120, -11.899999999999974, 986, 0.026438570463064304
394, 225, -22.40000000000005, 987, 0.020403706876855665
395, 74, -7.29999999999999, 960, 0.023933549153319356
396, 58, -5.699999999999996, 991, 0.02567880624725405
397, 53, -5.1999999999999975, 979, 0.025182966813346086
398, 54, -5.299999999999997, 982, 0.019184027577626606
399, 49, -4.799999999999999, 972, 0.02795278452245742
400, 48, -4.699999999999999, 978, 0.02028833445598055
401, 80, -7.899999999999988, 972, 0.02157239265208033
402, 51, -4.999999999999998, 972, 0.02593113356923782
403, 225, -22.40000000000005, 1000, 0.023400649158711095
404, 60, -5.899999999999995, 974, 0.021121741740457445
405, 89, -8.799999999999985, 985, 0.021830554879398
406, 48, -4.699999999999999, 996, 0.021952617446360567
407, 54, -5.299999999999997, 981, 0.022126117609560403
408, 48, -4.699999999999999, 981, 0.02172579019391474
409, 84, -8.299999999999986, 1005, 0.02177822342646274
410, 225, -22.40000000000005, 996, 0.02214104970974673
411, 76, -7.499999999999989, 989, 0.02000376379381108
412, 55, -5.399999999999997, 995, 0.0177240431238061
413, 69, -6.799999999999992, 987, 0.018320427955677454
414, 63, -6.199999999999994, 1002, 0.020241166805106126
415, 64, -6.299999999999994, 999, 0.022613886532734773
416, 84, -8.299999999999986, 1003, 0.021536385524389523
417, 52, -5.099999999999998, 1006, 0.026194957443909872
418, 58, -5.699999999999996, 1009, 0.024455289957715065
419, 56, -5.4999999999999964, 993, 0.025736190239261214
420, 50, -4.899999999999999, 1005, 0.025180912879804285
421, 55, -5.399999999999997, 1006, 0.1956409082427868
422, 52, -5.099999999999998, 994, 0.02184554120220694
423, 49, -4.799999999999999, 1009, 0.023693144743376582
424, 47, -4.6, 999, 0.02149740601030037
425, 65, -6.399999999999993, 1021, 0.02026987460106444
426, 58, -5.699999999999996, 985, 0.017460777108267767
427, 50, -4.899999999999999, 995, 0.025768677419313102
428, 122, -12.099999999999973, 988, 0.019453424150381426
429, 69, -6.799999999999992, 1010, 0.02643629350971155
430, 58, -5.699999999999996, 1012, 0.021228269587149295
431, 69, -6.799999999999992, 997, 0.022437427847262992
432, 155, -15.399999999999961, 1003, 0.02418669683012431
433, 98, -9.699999999999982, 991, 0.02207664832612477
434, 44, -4.300000000000001, 1015, 0.01781654760785445
435, 62, -6.099999999999994, 1030, 0.020189874420491805
436, 50, -4.899999999999999, 998, 0.015620551880431321
437, 69, -6.799999999999992, 1016, 0.021910232281624697
438, 53, -5.1999999999999975, 1026, 0.02286146182604165
439, 56, -5.4999999999999964, 1012, 0.01870984531130704
440, 67, -6.5999999999999925, 994, 0.021473979890841877
441, 63, -6.199999999999994, 1008, 0.016817901047839534
442, 58, -5.699999999999996, 1016, 0.015151871658223293
443, 64, -6.299999999999994, 1018, 0.025286963696956655
444, 57, -5.599999999999996, 1020, 0.022678808994901933
445, 64, -6.299999999999994, 1023, 0.025373742890517637
446, 52, -5.099999999999998, 1045, 0.018589799959530584
447, 53, -5.1999999999999975, 1011, 0.019847651306579506
448, 57, -5.599999999999996, 1032, 0.025196394328455884
449, 71, -6.999999999999991, 1010, 0.01540730917012878
450, 61, -5.999999999999995, 1037, 0.02211034809059753
451, 73, -7.19999999999999, 1033, 0.021957741096194083
452, 67, -6.5999999999999925, 1022, 0.02404407436754219
453, 58, -5.699999999999996, 1016, 0.02088378298261928
454, 57, -5.599999999999996, 1019, 0.021249278247821524
455, 48, -4.699999999999999, 1014, 0.020735739489996297
456, 85, -8.399999999999986, 1020, 0.017208263928361944
457, 55, -5.399999999999997, 1012, 0.02764599681235058
458, 103, -10.19999999999998, 1023, 0.02194888579286125
459, 53, -5.1999999999999975, 1031, 0.023542052209099218
460, 51, -4.999999999999998, 1017, 0.023247845482931573
461, 54, -5.299999999999997, 1016, 0.025089259282954857
462, 56, -5.4999999999999964, 1028, 0.0244224363124812
463, 54, -5.299999999999997, 1029, 0.023791817556416184
464, 225, -22.40000000000005, 1022, 0.01624483460139281
465, 51, -4.999999999999998, 1040, 0.020858399453843157
466, 54, -5.299999999999997, 1028, 0.022326084013534198
467, 80, -7.899999999999988, 1041, 0.025749209024055197
468, 66, -6.499999999999993, 1027, 0.025437449614329144
469, 51, -4.999999999999998, 1033, 0.01914979087798052
470, 52, -5.099999999999998, 1029, 0.021339572850536115
471, 51, -4.999999999999998, 1050, 0.02249996321445058
472, 53, -5.1999999999999975, 1028, 0.021485469501604793
473, 53, -5.1999999999999975, 1040, 0.025818891830067026
474, 53, -5.1999999999999975, 1039, 0.020669345913043258
475, 53, -5.1999999999999975, 1054, 0.026335433015118592
476, 66, -6.499999999999993, 1041, 0.02439430844460455
477, 225, -22.40000000000005, 1052, 0.024270302028123303
478, 52, -5.099999999999998, 1045, 0.02094097948092144
479, 60, -5.899999999999995, 1053, 0.023153421089462944
480, 54, -5.299999999999997, 1047, 0.01902091983883958
481, 51, -4.999999999999998, 1033, 0.025241442451712753
482, 65, -6.399999999999993, 1044, 0.021167055264222023
483, 77, -7.599999999999989, 1049, 0.023206185407506297
484, 56, -5.4999999999999964, 1036, 0.024046604526042126
485, 99, -9.799999999999981, 1049, 0.02148020105545534
486, 52, -5.099999999999998, 1030, 0.02491569925638526
487, 57, -5.599999999999996, 1049, 0.026650815135670025
488, 61, -5.999999999999995, 1050, 0.019583579043850108
489, 60, -5.899999999999995, 1041, 0.02349806589483272
490, 67, -6.5999999999999925, 1038, 0.02095905370489204
491, 49, -4.799999999999999, 1045, 0.022946792158926477
492, 52, -5.099999999999998, 1037, 0.021309692672639935
493, 52, -5.099999999999998, 1029, 0.19207515105068995
494, 59, -5.799999999999995, 1039, 0.01920454782482839
495, 65, -6.399999999999993, 1050, 0.019781527778468977
496, 59, -5.799999999999995, 1045, 0.02380442142282102
497, 61, -5.999999999999995, 1059, 0.026891786857011823
498, 56, -5.4999999999999964, 1051, 0.021828310735451106
499, 52, -5.099999999999998, 1050, 0.023030707914048668
500, 60, -5.899999999999995, 1052, 0.021692001349031376
501, 51, -4.999999999999998, 1055, 0.025931943642053534
502, 48, -4.699999999999999, 1070, 0.02349478343381911
503, 63, -6.199999999999994, 1061, 0.02210376976981221
504, 61, -5.999999999999995, 1065, 0.01606456762783237
505, 54, -5.299999999999997, 1062, 0.025883274237215703
506, 53, -5.1999999999999975, 1061, 0.018946724882621613
507, 76, -7.499999999999989, 1065, 0.020591390610426696
508, 57, -5.599999999999996, 1069, 0.027694770663461432
509, 55, -5.399999999999997, 1049, 0.025427729234095864
510, 63, -6.199999999999994, 1054, 0.027614854076794648
511, 51, -4.999999999999998, 1059, 0.017980198615177745
512, 55, -5.399999999999997, 1069, 0.020796745072842793
513, 45, -4.4, 1051, 0.023322970066390614
514, 50, -4.899999999999999, 1057, 0.020299080037725847
515, 65, -6.399999999999993, 1072, 0.019600540575527514
516, 64, -6.299999999999994, 1049, 0.017184801471298305
517, 66, -6.499999999999993, 1064, 0.019644765775665096
518, 66, -6.499999999999993, 1069, 0.21134730390812884
519, 50, -4.899999999999999, 1072, 0.022355197875118193
520, 53, -5.1999999999999975, 1066, 0.023655214540582614
521, 51, -4.999999999999998, 1072, 0.025472713204088282
522, 107, -10.599999999999978, 1072, 0.03329433809009563
523, 63, -6.199999999999994, 1072, 0.017570872085497236
524, 102, -10.09999999999998, 1066, 0.021888990674822084
525, 54, -5.299999999999997, 1080, 0.029869848701367552
526, 51, -4.999999999999998, 1071, 0.02111646886435592
527, 55, -5.399999999999997, 1076, 0.026440934902163704
528, 61, -5.999999999999995, 1068, 0.019425069938823425
529, 58, -5.699999999999996, 1056, 0.021952528547390382
530, 66, -6.499999999999993, 1077, 0.025568737763385252
531, 71, -6.999999999999991, 1072, 0.025217239335222574
532, 47, -4.6, 1059, 0.022978391763830652
533, 53, -5.1999999999999975, 1084, 0.019940071108595525
534, 225, -22.40000000000005, 1080, 0.020574276568408045
535, 60, -5.899999999999995, 1102, 0.02115613078415679
536, 54, -5.299999999999997, 1082, 0.026934232037681916
537, 51, -4.999999999999998, 1083, 0.02733860946035893
538, 57, -5.599999999999996, 1089, 0.015072437126570026
539, 53, -5.1999999999999975, 1076, 0.024850624656327203
540, 57, -5.599999999999996, 1073, 0.016294467201670937
541, 59, -5.799999999999995, 1099, 0.02564242665132771
542, 53, -5.1999999999999975, 1102, 0.021047246853641566
543, 58, -5.699999999999996, 1074, 0.013939135645058887
544, 66, -6.499999999999993, 1091, 0.019020956470160666
545, 52, -5.099999999999998, 1092, 0.023664697158665343
546, 62, -6.099999999999994, 1081, 0.019698336585732834
547, 56, -5.4999999999999964, 1088, 0.016131069264199827
548, 76, -7.499999999999989, 1084, 0.02507358266246673
549, 60, -5.899999999999995, 1074, 0.02437233069171052
550, 58, -5.699999999999996, 1079, 0.020279932818926483
551, 60, -5.899999999999995, 1096, 0.021243580992557548
552, 63, -6.199999999999994, 1091, 0.023141875141787005
553, 59, -5.799999999999995, 1082, 0.02151460961084517
554, 52, -5.099999999999998, 1099, 0.021484573271097984
555, 62, -6.099999999999994, 1087, 0.025544623538956895
556, 60, -5.899999999999995, 1082, 0.024635931756134655
557, 54, -5.299999999999997, 1097, 0.024206590972683517
558, 58, -5.699999999999996, 1098, 0.024385817920824726
559, 48, -4.699999999999999, 1112, 0.022874751116025605
560, 47, -4.6, 1097, 0.028900433860307606
561, 65, -6.399999999999993, 1115, 0.026451045511419746
562, 54, -5.299999999999997, 1101, 0.024246776603434217
563, 53, -5.1999999999999975, 1094, 0.018599559900490448
564, 122, -12.099999999999973, 1081, 0.021243782378991938
565, 50, -4.899999999999999, 1095, 0.020562988620275613
566, 55, -5.399999999999997, 1099, 0.027972366887227595
567, 58, -5.699999999999996, 1099, 0.02162504524235276
568, 52, -5.099999999999998, 1098, 0.022794911037862242
569, 56, -5.4999999999999964, 1100, 0.024110883149587536
570, 53, -5.1999999999999975, 1087, 0.02327850073217752
571, 67, -6.5999999999999925, 1099, 0.02733138683664088
572, 71, -6.999999999999991, 1107, 0.01966710705346486
573, 56, -5.4999999999999964, 1092, 0.025865338428709084
574, 62, -6.099999999999994, 1128, 0.02312327403383485
575, 55, -5.399999999999997, 1112, 0.02733075217223402
576, 58, -5.699999999999996, 1112, 0.022563675640927094
577, 62, -6.099999999999994, 1106, 0.019726748453863685
578, 54, -5.299999999999997, 1095, 0.023328426970594562
579, 67, -6.5999999999999925, 1107, 0.025679529096762438
580, 64, -6.299999999999994, 1107, 0.023350223425257166
581, 51, -4.999999999999998, 1105, 0.0176576200917844
582, 44, -4.300000000000001, 1109, 0.019524704802081072
583, 56, -5.4999999999999964, 1110, 0.01980634834693884
584, 51, -4.999999999999998, 1116, 0.020221794256019443
585, 63, -6.199999999999994, 1105, 0.025816873081359548
586, 66, -6.499999999999993, 1118, 0.02417064546208403
587, 56, -5.4999999999999964, 1103, 0.022683411400429065
588, 61, -5.999999999999995, 1109, 0.025141549204719116
589, 65, -6.399999999999993, 1101, 0.024889669896741184
590, 53, -5.1999999999999975, 1116, 0.01967539122993578
591, 59, -5.799999999999995, 1110, 0.022782272241423596
592, 61, -5.999999999999995, 1109, 0.022345137523702083
593, 51, -4.999999999999998, 1115, 0.02239712477612188
594, 52, -5.099999999999998, 1112, 0.017553698186285605
595, 65, -6.399999999999993, 1106, 0.0237552182154821
596, 52, -5.099999999999998, 1119, 0.023071319330147944
597, 60, -5.899999999999995, 1107, 0.021980866204199756
598, 51, -4.999999999999998, 1128, 0.02694181232282178
599, 59, -5.799999999999995, 1135, 0.02483935855788122
600, 55, -5.399999999999997, 1125, 0.01728456328985528
601, 64, -6.299999999999994, 1125, 0.02073859303947101
602, 54, -5.299999999999997, 1110, 0.025171018344414237
603, 54, -5.299999999999997, 1121, 0.0228964051496644
604, 59, -5.799999999999995, 1122, 0.023835719936477373
605, 62, -6.099999999999994, 1128, 0.02330505974694308
606, 46, -4.5, 1134, 0.024870267172062643
607, 68, -6.699999999999992, 1103, 0.02659194732003481
608, 51, -4.999999999999998, 1121, 0.024782541320559792
609, 52, -5.099999999999998, 1117, 0.02553901362590688
610, 54, -5.299999999999997, 1112, 0.022953610530863866
611, 61, -5.999999999999995, 1128, 0.019590688946599766
612, 44, -4.300000000000001, 1131, 0.023594417756191532
613, 53, -5.1999999999999975, 1132, 0.021355638135843513
614, 57, -5.599999999999996, 1119, 0.021857210450504483
615, 54, -5.299999999999997, 1132, 0.026519821135995603
616, 50, -4.899999999999999, 1126, 0.023776081132970334
617, 58, -5.699999999999996, 1116, 0.02131665710713504
618, 56, -5.4999999999999964, 1126, 0.018898968756322354
619, 71, -6.999999999999991, 1115, 0.02354739063999922
620, 55, -5.399999999999997, 1131, 0.02502617910831903
621, 52, -5.099999999999998, 1125, 0.022666277051988093
622, 51, -4.999999999999998, 1133, 0.02477068420803924
623, 59, -5.799999999999995, 1120, 0.025823713906289375
624, 49, -4.799999999999999, 1140, 0.02319888815443738
625, 58, -5.699999999999996, 1138, 0.02283538515932615
626, 57, -5.599999999999996, 1144, 0.024320211418041193
627, 52, -5.099999999999998, 1130, 0.021513573440896216
628, 54, -5.299999999999997, 1125, 0.02554115101725457
629, 69, -6.799999999999992, 1133, 0.020705953334550387
630, 64, -6.299999999999994, 1146, 0.014836215841961486
631, 52, -5.099999999999998, 1129, 0.026305910850476177
632, 54, -5.299999999999997, 1126, 0.020987134964592702
633, 59, -5.799999999999995, 1141, 0.02665413545173201
634, 53, -5.1999999999999975, 1145, 0.021330362020025515
635, 63, -6.199999999999994, 1142, 0.02264893892865527
636, 64, -6.299999999999994, 1141, 0.024788796731312512
637, 225, -22.40000000000005, 1122, 0.024878963150760658
638, 54, -5.299999999999997, 1139, 0.016661643851808572
639, 55, -5.399999999999997, 1147, 0.026229423936035
640, 51, -4.999999999999998, 1160, 0.02208953106358802
641, 55, -5.399999999999997, 1141, 0.016247330368762025
642, 60, -5.899999999999995, 1140, 0.026489976752738176
643, 54, -5.299999999999997, 1152, 0.01888590780945343
644, 51, -4.999999999999998, 1148, 0.02345279884374385
645, 55, -5.399999999999997, 1143, 0.022087729204484097
646, 50, -4.899999999999999, 1136, 0.0229716322298974
647, 68, -6.699999999999992, 1141, 0.02389683376509244
648, 57, -5.599999999999996, 1168, 0.024199160788446306
649, 65, -6.399999999999993, 1133, 0.022888555165250124
650, 64, -6.299999999999994, 1155, 0.021527686311065386
651, 50, -4.899999999999999, 1154, 0.026556662802821873
652, 62, -6.099999999999994, 1151, 0.020123103847529578
653, 53, -5.1999999999999975, 1148, 0.017976716466393095
654, 47, -4.6, 1160, 0.01960214421331119
655, 50, -4.899999999999999, 1145, 0.019180933997440364
656, 63, -6.199999999999994, 1153, 0.024533136660166766
657, 49, -4.799999999999999, 1132, 0.019752073766476475
658, 52, -5.099999999999998, 1141, 0.020730521321934092
659, 60, -5.899999999999995, 1142, 0.026268010542335962
660, 59, -5.799999999999995, 1152, 0.02270833953493573
661, 60, -5.899999999999995, 1148, 0.021995160125867996
662, 54, -5.299999999999997, 1152, 0.022624286715130504
663, 56, -5.4999999999999964, 1162, 0.018755535009957747
664, 46, -4.5, 1148, 0.021755123878816285
665, 51, -4.999999999999998, 1162, 0.02328498616707675
666, 53, -5.1999999999999975, 1155, 0.027304796771694673
667, 48, -4.699999999999999, 1148, 0.02020808592270784
668, 53, -5.1999999999999975, 1164, 0.011893361055001606
669, 61, -5.999999999999995, 1136, 0.024833547787432186
670, 57, -5.599999999999996, 1170, 0.02465496859590932
671, 49, -4.799999999999999, 1158, 0.021313372534280894
672, 54, -5.299999999999997, 1159, 0.022875994300627145
673, 50, -4.899999999999999, 1166, 0.025800939687719016
674, 52, -5.099999999999998, 1169, 0.02345896163804384
675, 66, -6.499999999999993, 1159, 0.020164682647358934
676, 47, -4.6, 1166, 0.022135897182705477
677, 53, -5.1999999999999975, 1171, 0.026549483491088433
678, 53, -5.1999999999999975, 1157, 0.02688306056319345
679, 58, -5.699999999999996, 1153, 0.02108622251550618
680, 49, -4.799999999999999, 1162, 0.01623105088762644
681, 70, -6.8999999999999915, 1163, 0.023462827081655035
682, 70, -6.8999999999999915, 1161, 0.022053885400029505
683, 66, -6.499999999999993, 1157, 0.023260606029863795
684, 71, -6.999999999999991, 1172, 0.021815397296930494
685, 57, -5.599999999999996, 1178, 0.024416746693976865
686, 61, -5.999999999999995, 1178, 0.023063858250174984
687, 51, -4.999999999999998, 1169, 0.022625027379960416
688, 67, -6.5999999999999925, 1165, 0.019952644548172582
689, 56, -5.4999999999999964, 1167, 0.021866320623073143
690, 52, -5.099999999999998, 1186, 0.021214312594333207
691, 57, -5.599999999999996, 1183, 0.019728173844659302
692, 59, -5.799999999999995, 1181, 0.016837018414586513
693, 52, -5.099999999999998, 1175, 0.024586679371152664
694, 59, -5.799999999999995, 1185, 0.026307857823657077
695, 55, -5.399999999999997, 1162, 0.019397912076049906
696, 59, -5.799999999999995, 1157, 0.02347263052031745
697, 49, -4.799999999999999, 1186, 0.021629558867188203
698, 49, -4.799999999999999, 1164, 0.026053603089065902
699, 53, -5.1999999999999975, 1158, 0.023889931625710292
700, 61, -5.999999999999995, 1180, 0.022719619155136428
701, 57, -5.599999999999996, 1191, 0.024223171199995175
702, 59, -5.799999999999995, 1191, 0.024748321989370492
703, 52, -5.099999999999998, 1181, 0.020746797772666303
704, 73, -7.19999999999999, 1180, 0.022465054097177806
705, 59, -5.799999999999995, 1182, 0.0295007802618088
706, 56, -5.4999999999999964, 1182, 0.026478009273352754
707, 57, -5.599999999999996, 1184, 0.026474654214494908
708, 53, -5.1999999999999975, 1173, 0.017691128168362713
709, 51, -4.999999999999998, 1195, 0.021621477996521588
710, 44, -4.300000000000001, 1180, 0.022150741972485122
711, 64, -6.299999999999994, 1181, 0.018359112758667195
712, 48, -4.699999999999999, 1171, 0.023278832237104863
713, 51, -4.999999999999998, 1191, 0.02339572728561934
714, 50, -4.899999999999999, 1188, 0.019836447400297996
715, 48, -4.699999999999999, 1180, 0.02418207859189847
716, 55, -5.399999999999997, 1196, 0.02551091203282152
717, 54, -5.299999999999997, 1177, 0.18984833188145456
718, 61, -5.999999999999995, 1185, 0.02425397482208491
719, 58, -5.699999999999996, 1192, 0.017574815589928683
720, 55, -5.399999999999997, 1191, 0.01925711112961226
721, 65, -6.399999999999993, 1195, 0.01916351126340876
722, 51, -4.999999999999998, 1176, 0.020198998804943358
723, 56, -5.4999999999999964, 1182, 0.025329651927672003
724, 48, -4.699999999999999, 1193, 0.018359626495437098
725, 50, -4.899999999999999, 1178, 0.02156180032994026
726, 62, -6.099999999999994, 1186, 0.022406596756966435
727, 55, -5.399999999999997, 1197, 0.02101810841281848
728, 53, -5.1999999999999975, 1205, 0.023486193499037356
729, 66, -6.499999999999993, 1194, 0.021023038626177826
730, 49, -4.799999999999999, 1205, 0.025492910760316456
731, 50, -4.899999999999999, 1207, 0.018833414807156057
732, 61, -5.999999999999995, 1200, 0.022503420729911294
733, 69, -6.799999999999992, 1202, 0.020926004403654552
734, 53, -5.1999999999999975, 1207, 0.02431916134618267
735, 64, -6.299999999999994, 1204, 0.024469329362393655
736, 69, -6.799999999999992, 1203, 0.021926616714566305
737, 59, -5.799999999999995, 1201, 0.02448314418939046
738, 52, -5.099999999999998, 1190, 0.021726486759461594
739, 49, -4.799999999999999, 1196, 0.02387212052608656
740, 61, -5.999999999999995, 1209, 0.021716438788737413
741, 60, -5.899999999999995, 1197, 0.020793193929651066
742, 59, -5.799999999999995, 1206, 0.024878284367968573
743, 50, -4.899999999999999, 1207, 0.023405653336613375
744, 62, -6.099999999999994, 1201, 0.020312561939147544
745, 62, -6.099999999999994, 1201, 0.027493961807425082
746, 50, -4.899999999999999, 1203, 0.023467330629302285
747, 47, -4.6, 1197, 0.021937310508146013
748, 54, -5.299999999999997, 1204, 0.02428958612640264
749, 58, -5.699999999999996, 1198, 0.021486264144719103
750, 58, -5.699999999999996, 1197, 0.024317297398012666
751, 55, -5.399999999999997, 1212, 0.022641589604252443
752, 68, -6.699999999999992, 1212, 0.023578059087710823
753, 53, -5.1999999999999975, 1199, 0.025055203454794173
754, 55, -5.399999999999997, 1206, 0.018332669940727908
755, 62, -6.099999999999994, 1212, 0.025395206656412483
756, 48, -4.699999999999999, 1199, 0.02264953061368913
757, 55, -5.399999999999997, 1226, 0.022548542010291106
758, 61, -5.999999999999995, 1207, 0.022397347454974292
759, 60, -5.899999999999995, 1197, 0.024504285342899834
760, 53, -5.1999999999999975, 1221, 0.019629393582647925
761, 58, -5.699999999999996, 1200, 0.02658975355055615
762, 53, -5.1999999999999975, 1227, 0.024771005057427575
763, 58, -5.699999999999996, 1217, 0.017336932303076757
764, 65, -6.399999999999993, 1230, 0.02846858290202947
765, 53, -5.1999999999999975, 1237, 0.024205218247533578
766, 52, -5.099999999999998, 1221, 0.020412530072790147
767, 69, -6.799999999999992, 1227, 0.024517110397810793
768, 47, -4.6, 1221, 0.024182560438544942
769, 54, -5.299999999999997, 1226, 0.0230640147392156
770, 49, -4.799999999999999, 1201, 0.023106846751511423
771, 48, -4.699999999999999, 1221, 0.025773493045309293
772, 52, -5.099999999999998, 1204, 0.02215517273381229
773, 66, -6.499999999999993, 1219, 0.027915695713609884
774, 73, -7.19999999999999, 1223, 0.023685046489342998
775, 57, -5.599999999999996, 1226, 0.025589768306403027
776, 56, -5.4999999999999964, 1221, 0.023785976372448003
777, 54, -5.299999999999997, 1235, 0.018752160434371667
778, 58, -5.699999999999996, 1220, 0.0240944776604754
779, 53, -5.1999999999999975, 1223, 0.02671579075876318
780, 51, -4.999999999999998, 1247, 0.02661758566495087
781, 58, -5.699999999999996, 1233, 0.022712860874528007
782, 50, -4.899999999999999, 1217, 0.02800984495122605
783, 62, -6.099999999999994, 1238, 0.023092407490716393
784, 58, -5.699999999999996, 1225, 0.021063935365573272
785, 51, -4.999999999999998, 1232, 0.024498902539684675
786, 46, -4.5, 1236, 0.01618263649425611
787, 48, -4.699999999999999, 1241, 0.01600171172418552
788, 60, -5.899999999999995, 1231, 0.022026472767485927
789, 51, -4.999999999999998, 1232, 0.023280579040414917
790, 52, -5.099999999999998, 1245, 0.022252526636056924
791, 64, -6.299999999999994, 1237, 0.02483414030387454
792, 63, -6.199999999999994, 1238, 0.016635025656156488
793, 62, -6.099999999999994, 1228, 0.021148894571122234
794, 60, -5.899999999999995, 1232, 0.02277009848976075
795, 78, -7.699999999999989, 1239, 0.02395677812884886
796, 49, -4.799999999999999, 1241, 0.0185713129357441
797, 54, -5.299999999999997, 1236, 0.0248772996495088
798, 52, -5.099999999999998, 1224, 0.023302621067349927
799, 52, -5.099999999999998, 1234, 0.020065470937643437
800, 52, -5.099999999999998, 1243, 0.021202222907634294
801, 54, -5.299999999999997, 1243, 0.021560300799635224
802, 55, -5.399999999999997, 1261, 0.021228830806847565
803, 53, -5.1999999999999975, 1230, 0.01791374950595115
804, 52, -5.099999999999998, 1227, 0.025603946759521212
805, 53, -5.1999999999999975, 1245, 0.02298329252556408
806, 63, -6.199999999999994, 1229, 0.01851745735963517
807, 60, -5.899999999999995, 1237, 0.02232919737567296
808, 63, -6.199999999999994, 1240, 0.02076346925824124
809, 55, -5.399999999999997, 1243, 0.02163432301421242
810, 55, -5.399999999999997, 1247, 0.022481790666772916
811, 52, -5.099999999999998, 1237, 0.021367806930231437
812, 46, -4.5, 1247, 0.020805442371371274
813, 53, -5.1999999999999975, 1239, 0.019328532756158534
814, 52, -5.099999999999998, 1241, 0.025032978060843536
815, 51, -4.999999999999998, 1239, 0.02527364502682561
816, 58, -5.699999999999996, 1242, 0.026016284782428123
817, 71, -6.999999999999991, 1238, 0.021853584655597502
818, 100, -9.89999999999998, 1244, 0.018694488576266544
819, 53, -5.1999999999999975, 1242, 0.02392429174236349
820, 53, -5.1999999999999975, 1239, 0.018204642268150995
821, 59, -5.799999999999995, 1254, 0.022338578139006637
822, 49, -4.799999999999999, 1255, 0.024342474506389156
823, 62, -6.099999999999994, 1258, 0.02434483616576022
824, 57, -5.599999999999996, 1248, 0.02036770142653266
825, 53, -5.1999999999999975, 1236, 0.01750638400010418
826, 73, -7.19999999999999, 1269, 0.02414918614966055
827, 64, -6.299999999999994, 1238, 0.022832629455665998
828, 53, -5.1999999999999975, 1257, 0.020736980989967624
829, 57, -5.599999999999996, 1256, 0.022019353954704002
830, 51, -4.999999999999998, 1254, 0.019472126569982873
831, 67, -6.5999999999999925, 1267, 0.0266745636542447
832, 52, -5.099999999999998, 1254, 0.02408860480715269
833, 57, -5.599999999999996, 1259, 0.022955230093406165
834, 54, -5.299999999999997, 1263, 0.1915331416980457
835, 58, -5.699999999999996, 1255, 0.027500432309647105
836, 52, -5.099999999999998, 1265, 0.01966457049916759
837, 48, -4.699999999999999, 1267, 0.0233831625180263
838, 55, -5.399999999999997, 1254, 0.02223677203484664
839, 58, -5.699999999999996, 1259, 0.02492195024265076
840, 56, -5.4999999999999964, 1286, 0.014998157788876032
841, 61, -5.999999999999995, 1262, 0.02285715787500564
842, 72, -7.099999999999991, 1278, 0.026327210248271005
843, 51, -4.999999999999998, 1264, 0.023320640852438568
844, 57, -5.599999999999996, 1268, 0.025420462502869917
845, 50, -4.899999999999999, 1261, 0.025679257726643367
846, 51, -4.999999999999998, 1262, 0.022818950942878002
847, 47, -4.6, 1261, 0.021076725098593263
848, 59, -5.799999999999995, 1282, 0.022252600573158254
849, 63, -6.199999999999994, 1255, 0.0254257393957813
850, 52, -5.099999999999998, 1264, 0.02323534210371303
851, 58, -5.699999999999996, 1268, 0.022714528327716255
852, 54, -5.299999999999997, 1266, 0.024750739482684997
853, 50, -4.899999999999999, 1264, 0.022930347339569446
854, 64, -6.299999999999994, 1256, 0.019975876683211657
855, 57, -5.599999999999996, 1271, 0.02252370557087069
856, 50, -4.899999999999999, 1263, 0.022569122580651024
857, 57, -5.599999999999996, 1270, 0.017400086570349638
858, 48, -4.699999999999999, 1269, 0.02522726965655231
859, 47, -4.6, 1260, 0.025961050739040314
860, 53, -5.1999999999999975, 1256, 0.01659538467993471
861, 52, -5.099999999999998, 1290, 0.02276000218506602
862, 53, -5.1999999999999975, 1278, 0.027300343424767615
863, 52, -5.099999999999998, 1269, 0.024716724083888586
864, 66, -6.499999999999993, 1275, 0.021317682046481823
865, 64, -6.299999999999994, 1264, 0.020821782627955532
866, 54, -5.299999999999997, 1292, 0.02145575624567364
867, 74, -7.29999999999999, 1269, 0.021480517885941186
868, 52, -5.099999999999998, 1273, 0.026519127010028676
869, 68, -6.699999999999992, 1277, 0.025311473900936327
870, 55, -5.399999999999997, 1272, 0.022778557753612594
871, 52, -5.099999999999998, 1284, 0.02612218774461461
872, 53, -5.1999999999999975, 1268, 0.02705125764869165
873, 51, -4.999999999999998, 1282, 0.0201702366597053
874, 225, -22.40000000000005, 1287, 0.023280923006664178
875, 58, -5.699999999999996, 1268, 0.021181044519239967
876, 61, -5.999999999999995, 1277, 0.00987447877360545
877, 105, -10.399999999999979, 1287, 0.01973321724123167
878, 68, -6.699999999999992, 1260, 0.015984870181054323
879, 53, -5.1999999999999975, 1281, 0.02118454923477514
880, 56, -5.4999999999999964, 1290, 0.02268735010580336
881, 54, -5.299999999999997, 1279, 0.022163543038955957
882, 55, -5.399999999999997, 1295, 0.02384899650464356
883, 67, -6.5999999999999925, 1285, 0.02573702803104083
884, 60, -5.899999999999995, 1279, 0.018522132959295057
885, 48, -4.699999999999999, 1280, 0.023724658306126023
886, 55, -5.399999999999997, 1280, 0.025723249528668557
887, 56, -5.4999999999999964, 1268, 0.02429612200664666
888, 57, -5.599999999999996, 1301, 0.02341214137184372
889, 50, -4.899999999999999, 1292, 0.09021404931485844
890, 52, -5.099999999999998, 1284, 0.02332573136194327
891, 55, -5.399999999999997, 1294, 0.025299518953254108
892, 68, -6.699999999999992, 1302, 0.020232171983594727
893, 52, -5.099999999999998, 1306, 0.01652143153345076
894, 53, -5.1999999999999975, 1298, 0.025270879184507322
895, 65, -6.399999999999993, 1312, 0.02250853721399726
896, 63, -6.199999999999994, 1302, 0.022596698900915424
897, 45, -4.4, 1301, 0.02459598338971747
898, 54, -5.299999999999997, 1313, 0.019422124221621706
899, 55, -5.399999999999997, 1298, 0.020918388026814227
900, 52, -5.099999999999998, 1299, 0.021419003223291877
901, 51, -4.999999999999998, 1298, 0.023503660197297327
902, 63, -6.199999999999994, 1289, 0.021086631869794537
903, 67, -6.5999999999999925, 1302, 0.0237358369111087
904, 62, -6.099999999999994, 1313, 0.020730214102843814
905, 78, -7.699999999999989, 1310, 0.024836358802040603
906, 52, -5.099999999999998, 1296, 0.024563735740668502
907, 58, -5.699999999999996, 1298, 0.0239173256109515
908, 51, -4.999999999999998, 1309, 0.020022554409906024
909, 50, -4.899999999999999, 1291, 0.021552065575053403
910, 68, -6.699999999999992, 1298, 0.025660997909894956
911, 54, -5.299999999999997, 1302, 0.02315149531135363
912, 61, -5.999999999999995, 1307, 0.0257421772278017
913, 53, -5.1999999999999975, 1321, 0.02226798862305901
914, 51, -4.999999999999998, 1309, 0.023384350432882783
915, 59, -5.799999999999995, 1313, 0.025352751434644438
916, 55, -5.399999999999997, 1302, 0.024424436147244766
917, 64, -6.299999999999994, 1306, 0.02404965480929394
918, 55, -5.399999999999997, 1307, 0.021763359189845122
919, 63, -6.199999999999994, 1306, 0.024307631910504307
920, 61, -5.999999999999995, 1316, 0.020490145776161484
921, 46, -4.5, 1306, 0.017134497780995073
922, 50, -4.899999999999999, 1318, 0.023878753416179066
923, 56, -5.4999999999999964, 1304, 0.023519156954281417
924, 58, -5.699999999999996, 1294, 0.02013270065788375
925, 54, -5.299999999999997, 1311, 0.01585913594091881
926, 57, -5.599999999999996, 1327, 0.015516843850412965
927, 57, -5.599999999999996, 1321, 0.02070241804046713
928, 58, -5.699999999999996, 1311, 0.01921746921568679
929, 60, -5.899999999999995, 1307, 0.021280742372033035
930, 59, -5.799999999999995, 1314, 0.019167256063504556
931, 60, -5.899999999999995, 1317, 0.02272126139210906
932, 58, -5.699999999999996, 1316, 0.025148221225848255
933, 55, -5.399999999999997, 1307, 0.023441363705459073
934, 50, -4.899999999999999, 1294, 0.024489822908601022
935, 53, -5.1999999999999975, 1317, 0.0225215828606945
936, 64, -6.299999999999994, 1299, 0.02050229820005245
937, 58, -5.699999999999996, 1325, 0.01986489906398964
938, 59, -5.799999999999995, 1314, 0.023857759864624906
939, 65, -6.399999999999993, 1312, 0.02284280936301475
940, 53, -5.1999999999999975, 1339, 0.020858751491083183
941, 52, -5.099999999999998, 1315, 0.01936392092292033
942, 64, -6.299999999999994, 1322, 0.02427498160559427
943, 64, -6.299999999999994, 1316, 0.021510640388970326
944, 51, -4.999999999999998, 1319, 0.01947151755364862
945, 69, -6.799999999999992, 1332, 0.02226270653743484
946, 55, -5.399999999999997, 1314, 0.02030434225164135
947, 59, -5.799999999999995, 1335, 0.024502966980860408
948, 49, -4.799999999999999, 1318, 0.024468061343278447
949, 48, -4.699999999999999, 1320, 0.020272849649852542
950, 48, -4.699999999999999, 1317, 0.019541541654650718
951, 50, -4.899999999999999, 1315, 0.021519451846644833
952, 60, -5.899999999999995, 1326, 0.02253540923538866
953, 51, -4.999999999999998, 1333, 0.01854551873917787
954, 48, -4.699999999999999, 1323, 0.024998345718458048
955, 55, -5.399999999999997, 1330, 0.024888649259245166
956, 59, -5.799999999999995, 1320, 0.01987246126530362
957, 65, -6.399999999999993, 1354, 0.030105432788528175
958, 55, -5.399999999999997, 1349, 0.022764409999391444
959, 58, -5.699999999999996, 1342, 0.026122977575729067
960, 45, -4.4, 1334, 0.019454838448385248
961, 53, -5.1999999999999975, 1340, 0.023603880519379672
962, 50, -4.899999999999999, 1329, 0.022015293322369067
963, 55, -5.399999999999997, 1342, 0.024048551068799995
964, 46, -4.5, 1341, 0.02296455227678207
965, 49, -4.799999999999999, 1348, 0.022198896106501914
966, 51, -4.999999999999998, 1339, 0.026266412984306098
967, 66, -6.499999999999993, 1328, 0.02185337323270209
968, 60, -5.899999999999995, 1339, 0.023525899787765592
969, 54, -5.299999999999997, 1339, 0.02305809975087214
970, 56, -5.4999999999999964, 1333, 0.019702354734455696
971, 52, -5.099999999999998, 1342, 0.02337994605699434
972, 54, -5.299999999999997, 1344, 0.02687015272461346
973, 65, -6.399999999999993, 1337, 0.023131451143471704
974, 50, -4.899999999999999, 1343, 0.024201498770442198
975, 54, -5.299999999999997, 1351, 0.017902664867736284
976, 50, -4.899999999999999, 1321, 0.025940584353874696
977, 51, -4.999999999999998, 1330, 0.02171062270386681
978, 54, -5.299999999999997, 1339, 0.02173530689051484
979, 62, -6.099999999999994, 1341, 0.021369193791959007
980, 65, -6.399999999999993, 1339, 0.0229795716647061
981, 54, -5.299999999999997, 1340, 0.019954415219186172
982, 58, -5.699999999999996, 1341, 0.19612678492771507
983, 59, -5.799999999999995, 1348, 0.02010999546619896
984, 52, -5.099999999999998, 1330, 0.022523501533874557
985, 55, -5.399999999999997, 1337, 0.02125773073575299
986, 60, -5.899999999999995, 1356, 0.02328936312965668
987, 59, -5.799999999999995, 1365, 0.022250780548650817
988, 57, -5.599999999999996, 1341, 0.02356659641903258
989, 60, -5.899999999999995, 1352, 0.025693764483357917
990, 64, -6.299999999999994, 1339, 0.02016141336322219
991, 71, -6.999999999999991, 1350, 0.022600128675402953
992, 69, -6.799999999999992, 1362, 0.0244274616978285
993, 49, -4.799999999999999, 1338, 0.022747620121999823
994, 54, -5.299999999999997, 1365, 0.024282449833536
995, 57, -5.599999999999996, 1358, 0.02013572006201514
996, 60, -5.899999999999995, 1378, 0.022404283826420013
997, 46, -4.5, 1351, 0.029250452494879786
998, 49, -4.799999999999999, 1356, 0.0223191801527729
999, 56, -5.4999999999999964, 1376, 0.01955264191288686
1000, 80, -7.899999999999988, 1344, 0.023910029704903912
