Episode, Steps, Reward, Time (in milliseconds), Convergence
1, 225, -22.40000000000005, 38, 0.06872339797986242
2, 225, -22.40000000000005, 53, 0.07066079116818902
3, 225, -22.40000000000005, 54, 0.5947084161714451
4, 225, -22.40000000000005, 54, 0.5969132700000002
5, 225, -22.40000000000005, 74, 0.05398210966288286
6, 225, -22.40000000000005, 82, 0.2005882512038985
7, 225, -22.40000000000005, 90, 0.5261620017019194
8, 225, -22.40000000000005, 87, 0.05837971780064377
9, 225, -22.40000000000005, 101, 0.07488119574325378
10, 225, -22.40000000000005, 93, 0.05585266858320992
11, 225, -22.40000000000005, 104, 0.05569635859374228
12, 225, -22.40000000000005, 110, 0.07510871100128813
13, 225, -22.40000000000005, 114, 0.5928786459806585
14, 225, -22.40000000000005, 124, 0.05677397669026707
15, 225, -22.40000000000005, 126, 0.050438075206015065
16, 225, -22.40000000000005, 124, 0.06889996233778772
17, 225, -22.40000000000005, 125, 0.0664853438462929
18, 225, -22.40000000000005, 146, 0.06971416493605098
19, 225, -22.40000000000005, 152, 0.05873138651248777
20, 225, -22.40000000000005, 137, 0.0644363365654933
21, 225, -22.40000000000005, 145, 0.07817769503500449
22, 225, -22.40000000000005, 155, 0.05755317287244882
23, 225, -22.40000000000005, 155, 0.06761510451634761
24, 225, -22.40000000000005, 174, 0.05225249068478133
25, 225, -22.40000000000005, 159, 0.05521655321815966
26, 225, -22.40000000000005, 159, 0.052319796969934496
27, 225, -22.40000000000005, 170, 0.07709934879358021
28, 225, -22.40000000000005, 173, 0.04393536188926439
29, 225, -22.40000000000005, 187, 0.04812599084165958
30, 225, -22.40000000000005, 181, 0.05976486714080731
31, 225, -22.40000000000005, 184, 0.05211179813946232
32, 225, -22.40000000000005, 190, 0.26876621787236044
33, 225, -22.40000000000005, 186, 0.07159473414198536
34, 225, -22.40000000000005, 173, 0.05650097286496103
35, 225, -22.40000000000005, 189, 0.07469396927341809
36, 225, -22.40000000000005, 199, 0.046593543636484824
37, 225, -22.40000000000005, 186, 0.05958207289059336
38, 225, -22.40000000000005, 202, 0.07322466703765229
39, 225, -22.40000000000005, 203, 0.05516689559937038
40, 225, -22.40000000000005, 206, 0.0675794901641196
41, 225, -22.40000000000005, 202, 0.0659802035878781
42, 225, -22.40000000000005, 207, 0.053991236135904064
43, 225, -22.40000000000005, 198, 0.05715369978222684
44, 225, -22.40000000000005, 205, 0.560855923158291
45, 225, -22.40000000000005, 220, 0.049161984391496494
46, 225, -22.40000000000005, 213, 0.0581662371207648
47, 225, -22.40000000000005, 214, 0.047124862534691836
48, 225, -22.40000000000005, 229, 0.06901738025724313
49, 225, -22.40000000000005, 209, 0.07704472756742708
50, 225, -22.40000000000005, 226, 0.08030366168338954
51, 225, -22.40000000000005, 217, 0.056355437533335384
52, 225, -22.40000000000005, 232, 0.05170093926991348
53, 225, -22.40000000000005, 248, 0.06786949420352162
54, 225, -22.40000000000005, 228, 0.07000498126892402
55, 225, -22.40000000000005, 245, 0.09619256367494278
56, 225, -22.40000000000005, 238, 0.05600945432808113
57, 225, -22.40000000000005, 241, 0.06444535788206984
58, 225, -22.40000000000005, 248, 0.05451743618539262
59, 225, -22.40000000000005, 221, 0.063130229278749
60, 225, -22.40000000000005, 245, 0.08253082248315158
61, 225, -22.40000000000005, 251, 0.06794372419706163
62, 225, -22.40000000000005, 241, 0.0611434656459946
63, 225, -22.40000000000005, 259, 0.09472511633016523
64, 225, -22.40000000000005, 235, 0.04424043702980773
65, 225, -22.40000000000005, 246, 0.0570801781614283
66, 225, -22.40000000000005, 256, 0.590623356045278
67, 225, -22.40000000000005, 252, 0.06137822351322808
68, 225, -22.40000000000005, 245, 0.04464058162350426
69, 225, -22.40000000000005, 247, 0.041048032275071034
70, 225, -22.40000000000005, 257, 0.07467950551842686
71, 225, -22.40000000000005, 247, 0.04864478081549706
72, 156, -15.499999999999961, 259, 0.0725215240931214
73, 225, -22.40000000000005, 254, 0.04074606174403783
74, 225, -22.40000000000005, 259, 0.054998868941491086
75, 225, -22.40000000000005, 262, 0.06875023747305742
76, 225, -22.40000000000005, 268, 0.043200181697716555
77, 225, -22.40000000000005, 268, 0.04673958363922548
78, 225, -22.40000000000005, 268, 0.10089694846776195
79, 225, -22.40000000000005, 263, 0.06625431444345325
80, 225, -22.40000000000005, 268, 0.06469912645328901
81, 172, -17.099999999999973, 262, 0.07785841494582846
82, 225, -22.40000000000005, 264, 0.06478812703576864
83, 225, -22.40000000000005, 271, 0.05029804343575672
84, 169, -16.79999999999997, 290, 0.0758910000912677
85, 225, -22.40000000000005, 260, 0.0663824612976962
86, 225, -22.40000000000005, 277, 0.07644814579068998
87, 225, -22.40000000000005, 270, 0.06344578746877921
88, 225, -22.40000000000005, 275, 0.051272769596502066
89, 225, -22.40000000000005, 288, 0.0642755943037081
90, 225, -22.40000000000005, 287, 0.07931201549668394
91, 63, -6.199999999999994, 282, 0.05774980939662555
92, 93, -9.199999999999983, 276, 0.06311377752042932
93, 225, -22.40000000000005, 300, 0.04834763905631867
94, 225, -22.40000000000005, 273, 0.06287413522347096
95, 225, -22.40000000000005, 296, 0.08541262745436717
96, 145, -14.399999999999965, 286, 0.06837884525773125
97, 225, -22.40000000000005, 288, 0.07308125143281197
98, 219, -21.80000000000004, 288, 0.06999067219350974
99, 225, -22.40000000000005, 288, 0.06755484303809905
100, 225, -22.40000000000005, 302, 0.056836252984909796
101, 225, -22.40000000000005, 299, 0.053156951128536356
102, 87, -8.599999999999985, 296, 0.080903551609397
103, 225, -22.40000000000005, 290, 0.08967737899473327
104, 199, -19.80000000000001, 303, 0.07428776122762026
105, 151, -14.999999999999963, 307, 0.07595959986184478
106, 225, -22.40000000000005, 293, 0.08719599728736926
107, 215, -21.400000000000034, 310, 0.06712297130651779
108, 225, -22.40000000000005, 285, 0.05708867408038648
109, 65, -6.399999999999993, 298, 0.058710214859812204
110, 225, -22.40000000000005, 302, 0.05054991314469692
111, 119, -11.799999999999974, 295, 0.05112344585762041
112, 140, -13.899999999999967, 312, 0.07444276708387843
113, 134, -13.299999999999969, 302, 0.07110520766485307
114, 219, -21.80000000000004, 303, 0.08181607215506531
115, 87, -8.599999999999985, 304, 0.06442878795085827
116, 225, -22.40000000000005, 309, 0.06914769738408677
117, 129, -12.79999999999997, 311, 0.07527516791460898
118, 58, -5.699999999999996, 306, 0.05271494545666444
119, 102, -10.09999999999998, 294, 0.0618506637784868
120, 225, -22.40000000000005, 309, 0.06312729196973277
121, 164, -16.29999999999996, 315, 0.099645124394113
122, 176, -17.49999999999998, 308, 0.08755871224477718
123, 94, -9.299999999999983, 326, 0.06861020978729848
124, 65, -6.399999999999993, 314, 0.06783684428405912
125, 225, -22.40000000000005, 300, 0.04280314230886528
126, 225, -22.40000000000005, 309, 0.06142220983474456
127, 225, -22.40000000000005, 312, 0.05653668890248764
128, 225, -22.40000000000005, 314, 0.044158234107505745
129, 72, -7.099999999999991, 320, 0.062457556994519825
130, 62, -6.099999999999994, 324, 0.060084765473559454
131, 225, -22.40000000000005, 327, 0.08153189816060291
132, 54, -5.299999999999997, 320, 0.08038196508802464
133, 225, -22.40000000000005, 316, 0.06575567901764501
134, 85, -8.399999999999986, 333, 0.07499437843437318
135, 58, -5.699999999999996, 313, 0.0951114282450497
136, 202, -20.100000000000016, 304, 0.05680215548453171
137, 62, -6.099999999999994, 321, 0.07133936919155359
138, 101, -9.99999999999998, 323, 0.06702837159084962
139, 225, -22.40000000000005, 318, 0.07040229950847343
140, 90, -8.899999999999984, 329, 0.07175504444483072
141, 62, -6.099999999999994, 311, 0.08380863991264353
142, 225, -22.40000000000005, 327, 0.05829437385368319
143, 59, -5.799999999999995, 327, 0.06579912808772237
144, 225, -22.40000000000005, 312, 0.05972855968591384
145, 60, -5.899999999999995, 324, 0.07102819675471772
146, 225, -22.40000000000005, 316, 0.07747680426929138
147, 225, -22.40000000000005, 325, 0.05605474465866922
148, 55, -5.399999999999997, 332, 0.06548535738200112
149, 63, -6.199999999999994, 330, 0.06126308038626882
150, 138, -13.699999999999967, 326, 0.09332361122096722
151, 225, -22.40000000000005, 329, 0.0769225418631676
152, 68, -6.699999999999992, 330, 0.06978702952163762
153, 68, -6.699999999999992, 324, 0.08225819779270915
154, 56, -5.4999999999999964, 323, 0.061036900925229176
155, 60, -5.899999999999995, 335, 0.06549191494737894
156, 65, -6.399999999999993, 321, 0.05486594688188795
157, 72, -7.099999999999991, 339, 0.08306647003736889
158, 71, -6.999999999999991, 342, 0.09014178895843827
159, 133, -13.199999999999969, 329, 0.08445826502194143
160, 58, -5.699999999999996, 333, 0.08750273405607595
161, 169, -16.79999999999997, 334, 0.06289744104676198
162, 66, -6.499999999999993, 330, 0.043086901147937784
163, 54, -5.299999999999997, 329, 0.05151346262898171
164, 225, -22.40000000000005, 354, 0.08011873684766257
165, 51, -4.999999999999998, 341, 0.07582651017203529
166, 225, -22.40000000000005, 342, 0.06732335669469558
167, 96, -9.499999999999982, 330, 0.06611505048186128
168, 138, -13.699999999999967, 339, 0.08714121390412821
169, 225, -22.40000000000005, 346, 0.07369080123208521
170, 53, -5.1999999999999975, 355, 0.07331857030137878
171, 106, -10.499999999999979, 336, 0.06435898903413295
172, 45, -4.4, 349, 0.07757860071219835
173, 117, -11.599999999999975, 331, 0.06682857027694711
174, 64, -6.299999999999994, 342, 0.05175408773806067
175, 76, -7.499999999999989, 340, 0.07881377894138697
176, 56, -5.4999999999999964, 338, 0.09802133432009352
177, 59, -5.799999999999995, 336, 0.05559442923606728
178, 47, -4.6, 339, 0.10318349448076125
179, 52, -5.099999999999998, 350, 0.08143138875195621
180, 55, -5.399999999999997, 342, 0.06679823227036452
181, 55, -5.399999999999997, 340, 0.044842343460270634
182, 55, -5.399999999999997, 346, 0.1011594673186973
183, 56, -5.4999999999999964, 339, 0.0844103004998008
184, 54, -5.299999999999997, 358, 0.0658689673296885
185, 76, -7.499999999999989, 354, 0.06924397558867529
186, 60, -5.899999999999995, 345, 0.06612084964913434
187, 57, -5.599999999999996, 353, 0.06895253547922042
188, 70, -6.8999999999999915, 348, 0.07218380463227514
189, 68, -6.699999999999992, 340, 0.06499574836396294
190, 56, -5.4999999999999964, 348, 0.06502737428188832
191, 63, -6.199999999999994, 346, 0.07528740143624502
192, 86, -8.499999999999986, 345, 0.06965027665613843
193, 66, -6.499999999999993, 351, 0.07508816373763927
194, 102, -10.09999999999998, 356, 0.10366443915930335
195, 63, -6.199999999999994, 343, 0.06679564523312864
196, 100, -9.89999999999998, 356, 0.0839120185701967
197, 225, -22.40000000000005, 353, 0.07124702721968101
198, 95, -9.399999999999983, 366, 0.08098232223911617
199, 46, -4.5, 356, 0.10054918973393301
200, 62, -6.099999999999994, 352, 0.07207067006960566
201, 79, -7.799999999999988, 357, 0.07776097348198541
202, 98, -9.699999999999982, 352, 0.06754494755685059
203, 54, -5.299999999999997, 367, 0.0695377935294188
204, 69, -6.799999999999992, 352, 0.06302558670768854
205, 53, -5.1999999999999975, 359, 0.0647652228809397
206, 113, -11.199999999999976, 359, 0.07501995077580181
207, 61, -5.999999999999995, 364, 0.07715068197331904
208, 48, -4.699999999999999, 351, 0.07727995185787134
209, 56, -5.4999999999999964, 363, 0.05735879387605625
210, 83, -8.199999999999987, 374, 0.06552950479787356
211, 94, -9.299999999999983, 352, 0.06577485384857429
212, 64, -6.299999999999994, 362, 0.05112019259722356
213, 96, -9.499999999999982, 360, 0.0874081518720653
214, 52, -5.099999999999998, 364, 0.05453418227236506
215, 71, -6.999999999999991, 359, 0.0825074366377899
216, 55, -5.399999999999997, 359, 0.07887794993351749
217, 52, -5.099999999999998, 370, 0.11247502256973085
218, 66, -6.499999999999993, 360, 0.04670311656065085
219, 52, -5.099999999999998, 364, 0.08083616258233928
220, 58, -5.699999999999996, 370, 0.05285878893288487
221, 52, -5.099999999999998, 377, 0.09645241235143032
222, 54, -5.299999999999997, 359, 0.06904056616512921
223, 61, -5.999999999999995, 361, 0.06430834945488773
224, 74, -7.29999999999999, 373, 0.07260139013926226
225, 53, -5.1999999999999975, 371, 0.08577088477146
226, 43, -4.200000000000001, 365, 0.08132356000691268
227, 56, -5.4999999999999964, 357, 0.08798695771320772
228, 71, -6.999999999999991, 362, 0.0902195519250234
229, 135, -13.399999999999968, 377, 0.06747363241625992
230, 50, -4.899999999999999, 359, 0.08880823157355411
231, 66, -6.499999999999993, 381, 0.08763528037281121
232, 52, -5.099999999999998, 373, 0.07943599190667017
233, 82, -8.099999999999987, 359, 0.07063595110872978
234, 61, -5.999999999999995, 380, 0.046341118224705546
235, 61, -5.999999999999995, 381, 0.06747185134466949
236, 48, -4.699999999999999, 366, 0.057567110177702774
237, 56, -5.4999999999999964, 367, 0.063754641261905
238, 48, -4.699999999999999, 366, 0.0760978340925429
239, 74, -7.29999999999999, 376, 0.06733901046342905
240, 58, -5.699999999999996, 374, 0.0719818290166847
241, 138, -13.699999999999967, 369, 0.07861684179047057
242, 49, -4.799999999999999, 373, 0.05688666383818175
243, 117, -11.599999999999975, 368, 0.07028196661897557
244, 54, -5.299999999999997, 378, 0.06436451804007626
245, 56, -5.4999999999999964, 368, 0.06116694011048107
246, 81, -7.999999999999988, 386, 0.06590685516494652
247, 128, -12.69999999999997, 381, 0.07203839503840315
248, 124, -12.299999999999972, 369, 0.07279587553991163
249, 55, -5.399999999999997, 371, 0.09898124614772064
250, 67, -6.5999999999999925, 380, 0.07335788562710827
251, 53, -5.1999999999999975, 378, 0.08649924287814104
252, 58, -5.699999999999996, 384, 0.07185390484554466
253, 63, -6.199999999999994, 371, 0.06235240905080941
254, 48, -4.699999999999999, 370, 0.07391371117549661
255, 61, -5.999999999999995, 373, 0.05752956216200111
256, 55, -5.399999999999997, 372, 0.07625878925038299
257, 56, -5.4999999999999964, 380, 0.06742406071528251
258, 67, -6.5999999999999925, 387, 0.06834104101112448
259, 60, -5.899999999999995, 380, 0.06022634328817744
260, 69, -6.799999999999992, 382, 0.07009228014598556
261, 63, -6.199999999999994, 383, 0.04595426874946251
262, 48, -4.699999999999999, 383, 0.06917256066959077
263, 51, -4.999999999999998, 384, 0.08504728646062187
264, 98, -9.699999999999982, 384, 0.07478020768668003
265, 53, -5.1999999999999975, 374, 0.0978435518748717
266, 53, -5.1999999999999975, 388, 0.07409207474163582
267, 85, -8.399999999999986, 379, 0.06533619760852138
268, 54, -5.299999999999997, 378, 0.06396580558199516
269, 69, -6.799999999999992, 382, 0.0471567273317679
270, 55, -5.399999999999997, 389, 0.09483988037500835
271, 67, -6.5999999999999925, 394, 0.07725273487710238
272, 72, -7.099999999999991, 386, 0.08843927199572788
273, 47, -4.6, 394, 0.06498657567167743
274, 54, -5.299999999999997, 390, 0.06925265513910528
275, 76, -7.499999999999989, 383, 0.057905787193800684
276, 55, -5.399999999999997, 386, 0.05362428630977678
277, 48, -4.699999999999999, 384, 0.061443314663607695
278, 73, -7.19999999999999, 385, 0.0653477844784982
279, 51, -4.999999999999998, 387, 0.06507608161016276
280, 225, -22.40000000000005, 388, 0.08291381730363939
281, 47, -4.6, 391, 0.08644264991204242
282, 49, -4.799999999999999, 390, 0.0601342120165147
283, 64, -6.299999999999994, 394, 0.09891860455990542
284, 45, -4.4, 398, 0.07362461670392051
285, 56, -5.4999999999999964, 387, 0.08819722090100779
286, 54, -5.299999999999997, 387, 0.09530558303394088
287, 55, -5.399999999999997, 386, 0.11516162684453479
288, 102, -10.09999999999998, 393, 0.06619368366325373
289, 55, -5.399999999999997, 399, 0.0774289145047744
290, 68, -6.699999999999992, 399, 0.07539435769916647
291, 51, -4.999999999999998, 393, 0.07142553521529704
292, 65, -6.399999999999993, 393, 0.07633577880306541
293, 57, -5.599999999999996, 404, 0.06751414531430844
294, 55, -5.399999999999997, 408, 0.05579387159844229
295, 61, -5.999999999999995, 398, 0.06736248946985812
296, 51, -4.999999999999998, 411, 0.061165096998677004
297, 56, -5.4999999999999964, 393, 0.055661905628575425
298, 57, -5.599999999999996, 389, 0.09514489978527674
299, 60, -5.899999999999995, 402, 0.08931149170448638
300, 57, -5.599999999999996, 402, 0.0761402514952399
301, 56, -5.4999999999999964, 400, 0.07014361024671656
302, 61, -5.999999999999995, 394, 0.06390477621996027
303, 55, -5.399999999999997, 401, 0.051683342667241394
304, 51, -4.999999999999998, 398, 0.10315135843320267
305, 57, -5.599999999999996, 405, 0.062366246714690154
306, 67, -6.5999999999999925, 396, 0.054881834632397375
307, 59, -5.799999999999995, 398, 0.07297094059477205
308, 68, -6.699999999999992, 400, 0.07207688417747526
309, 49, -4.799999999999999, 418, 0.07357340384879463
310, 55, -5.399999999999997, 400, 0.06262424384424392
311, 49, -4.799999999999999, 410, 0.06008586320481735
312, 66, -6.499999999999993, 393, 0.057475710496539545
313, 73, -7.19999999999999, 394, 0.07375065172071527
314, 64, -6.299999999999994, 415, 0.08456311906666233
315, 43, -4.200000000000001, 399, 0.06668815025555697
316, 57, -5.599999999999996, 405, 0.08874134496469555
317, 50, -4.899999999999999, 402, 0.06512277936394839
318, 62, -6.099999999999994, 392, 0.0639801903741748
319, 50, -4.899999999999999, 406, 0.0739935761665198
320, 102, -10.09999999999998, 399, 0.04811006307661225
321, 81, -7.999999999999988, 402, 0.06351257025517465
322, 49, -4.799999999999999, 405, 0.060301604006750775
323, 52, -5.099999999999998, 404, 0.06735377280876602
324, 59, -5.799999999999995, 416, 0.10094522897613345
325, 57, -5.599999999999996, 405, 0.05998643322921582
326, 56, -5.4999999999999964, 408, 0.07991184853492084
327, 54, -5.299999999999997, 405, 0.06441898174149219
328, 56, -5.4999999999999964, 419, 0.10502577098821297
329, 74, -7.29999999999999, 408, 0.052051010090386374
330, 194, -19.300000000000004, 410, 0.060613857434522966
331, 67, -6.5999999999999925, 412, 0.056890020055060386
332, 49, -4.799999999999999, 417, 0.06595998869390307
333, 56, -5.4999999999999964, 411, 0.06770780426078904
334, 86, -8.499999999999986, 417, 0.09859659713293163
335, 57, -5.599999999999996, 409, 0.08221259291019867
336, 115, -11.399999999999975, 416, 0.07468295813839099
337, 72, -7.099999999999991, 410, 0.08002503892622004
338, 57, -5.599999999999996, 413, 0.06981663077896916
339, 71, -6.999999999999991, 422, 0.05077666188114338
340, 51, -4.999999999999998, 412, 0.07984832017657306
341, 148, -14.699999999999964, 417, 0.06010451194053401
342, 65, -6.399999999999993, 416, 0.10952690376729379
343, 52, -5.099999999999998, 414, 0.06484031368235738
344, 52, -5.099999999999998, 421, 0.04446982656038179
345, 44, -4.300000000000001, 411, 0.06490419107788636
346, 68, -6.699999999999992, 423, 0.07864379970926905
347, 58, -5.699999999999996, 425, 0.056874038821471906
348, 53, -5.1999999999999975, 430, 0.09273188792698217
349, 61, -5.999999999999995, 439, 0.08188228130337616
350, 94, -9.299999999999983, 418, 0.060044100887836294
351, 81, -7.999999999999988, 422, 0.09316159960179693
352, 156, -15.499999999999961, 418, 0.043493912382911226
353, 61, -5.999999999999995, 419, 0.07329141201944256
354, 57, -5.599999999999996, 421, 0.05641574803177418
355, 87, -8.599999999999985, 421, 0.07668741460115402
356, 59, -5.799999999999995, 426, 0.06670862696912117
357, 50, -4.899999999999999, 420, 0.08060630098722843
358, 48, -4.699999999999999, 425, 0.04355213583727835
359, 68, -6.699999999999992, 417, 0.07443656229666529
360, 56, -5.4999999999999964, 432, 0.09827201799727892
361, 70, -6.8999999999999915, 421, 0.06700601214696933
362, 50, -4.899999999999999, 432, 0.07639767051980106
363, 59, -5.799999999999995, 438, 0.07596684304528578
364, 64, -6.299999999999994, 427, 0.06988475229685864
365, 56, -5.4999999999999964, 442, 0.0874717471524491
366, 55, -5.399999999999997, 431, 0.08188616157332917
367, 61, -5.999999999999995, 433, 0.06981228347963153
368, 69, -6.799999999999992, 430, 0.0645318684763101
369, 53, -5.1999999999999975, 425, 0.06256052641672638
370, 55, -5.399999999999997, 432, 0.08953907464513389
371, 58, -5.699999999999996, 430, 0.05078265316033459
372, 50, -4.899999999999999, 426, 0.06492662746518763
373, 146, -14.499999999999964, 426, 0.07762921065164474
374, 56, -5.4999999999999964, 437, 0.07645806798549415
375, 51, -4.999999999999998, 432, 0.06280256839327913
376, 61, -5.999999999999995, 445, 0.07175550997414659
377, 53, -5.1999999999999975, 445, 0.04764485692402065
378, 48, -4.699999999999999, 443, 0.09468607929903383
379, 57, -5.599999999999996, 444, 0.08024468171970822
380, 50, -4.899999999999999, 436, 0.07538211678082307
381, 54, -5.299999999999997, 433, 0.05895191172351577
382, 53, -5.1999999999999975, 447, 0.05940692821187665
383, 92, -9.099999999999984, 439, 0.08117755066954291
384, 71, -6.999999999999991, 437, 0.06020282419291112
385, 52, -5.099999999999998, 437, 0.08168508088000681
386, 60, -5.899999999999995, 438, 0.06384802610596552
387, 129, -12.79999999999997, 440, 0.10380030508145643
388, 123, -12.199999999999973, 434, 0.05620114098706286
389, 93, -9.199999999999983, 437, 0.04907445532955457
390, 57, -5.599999999999996, 429, 0.07144770579225668
391, 61, -5.999999999999995, 436, 0.07956917669003677
392, 62, -6.099999999999994, 435, 0.05946342194691456
393, 50, -4.899999999999999, 445, 0.09686588295695797
394, 48, -4.699999999999999, 432, 0.07601503367774032
395, 100, -9.89999999999998, 441, 0.07579478828086694
396, 57, -5.599999999999996, 461, 0.07372946007908032
397, 76, -7.499999999999989, 443, 0.06832241234761904
398, 65, -6.399999999999993, 443, 0.07740676316276218
399, 53, -5.1999999999999975, 437, 0.04495516860388582
400, 55, -5.399999999999997, 441, 0.0734749405070052
401, 66, -6.499999999999993, 444, 0.07796342710424309
402, 53, -5.1999999999999975, 443, 0.08859817349040555
403, 51, -4.999999999999998, 447, 0.08030961266022674
404, 81, -7.999999999999988, 437, 0.0711318516086723
405, 65, -6.399999999999993, 439, 0.06079606590364817
406, 121, -11.999999999999973, 451, 0.03969706073869794
407, 54, -5.299999999999997, 435, 0.07466618498087563
408, 56, -5.4999999999999964, 450, 0.0438710144211969
409, 46, -4.5, 451, 0.08930512635850563
410, 72, -7.099999999999991, 445, 0.0673528519911124
411, 56, -5.4999999999999964, 434, 0.06888586184199186
412, 91, -8.999999999999984, 444, 0.09616459540887279
413, 62, -6.099999999999994, 448, 0.056924232955873455
414, 50, -4.899999999999999, 442, 0.06577464638052821
415, 66, -6.499999999999993, 453, 0.08112264509650968
416, 71, -6.999999999999991, 445, 0.1168485602981888
417, 51, -4.999999999999998, 458, 0.06433335790712547
418, 225, -22.40000000000005, 449, 0.0876455941273846
419, 64, -6.299999999999994, 457, 0.07851327688268173
420, 55, -5.399999999999997, 443, 0.08686334704940901
421, 70, -6.8999999999999915, 454, 0.053385207598780404
422, 67, -6.5999999999999925, 458, 0.0669676291619048
423, 55, -5.399999999999997, 446, 0.06810079020801485
424, 68, -6.699999999999992, 457, 0.0593150407110663
425, 130, -12.89999999999997, 457, 0.06468218615627519
426, 57, -5.599999999999996, 461, 0.06990531843978509
427, 72, -7.099999999999991, 445, 0.0728473984293847
428, 70, -6.8999999999999915, 448, 0.07939942079213846
429, 58, -5.699999999999996, 454, 0.07229198123567704
430, 59, -5.799999999999995, 473, 0.09381836720157521
431, 74, -7.29999999999999, 456, 0.08732211464725648
432, 75, -7.39999999999999, 458, 0.0909475957899123
433, 54, -5.299999999999997, 457, 0.08220401248634701
434, 68, -6.699999999999992, 460, 0.0828237058168736
435, 71, -6.999999999999991, 458, 0.06111682992712275
436, 67, -6.5999999999999925, 449, 0.066348797087616
437, 55, -5.399999999999997, 467, 0.08190967404738037
438, 60, -5.899999999999995, 457, 0.06317840685621207
439, 49, -4.799999999999999, 459, 0.054943256044856836
440, 48, -4.699999999999999, 451, 0.07024957619768912
441, 53, -5.1999999999999975, 454, 0.0713497098240723
442, 52, -5.099999999999998, 447, 0.07930727671606963
443, 53, -5.1999999999999975, 466, 0.0775563035524387
444, 53, -5.1999999999999975, 451, 0.06525699206638014
445, 66, -6.499999999999993, 460, 0.057090820039138235
446, 54, -5.299999999999997, 461, 0.06394792172739416
447, 55, -5.399999999999997, 463, 0.06533817701126354
448, 57, -5.599999999999996, 460, 0.09087816210663713
449, 49, -4.799999999999999, 459, 0.08028335691193167
450, 65, -6.399999999999993, 466, 0.04965754767059227
451, 52, -5.099999999999998, 462, 0.0940221143716009
452, 73, -7.19999999999999, 480, 0.09830415613091015
453, 55, -5.399999999999997, 461, 0.0554284298374097
454, 49, -4.799999999999999, 459, 0.06163611156403892
455, 76, -7.499999999999989, 468, 0.06535397924937836
456, 59, -5.799999999999995, 453, 0.06886721546573732
457, 60, -5.899999999999995, 456, 0.07658730780748213
458, 72, -7.099999999999991, 462, 0.08391984840689826
459, 69, -6.799999999999992, 460, 0.07234057929754689
460, 67, -6.5999999999999925, 461, 0.06748478231706034
461, 48, -4.699999999999999, 467, 0.07166568430767928
462, 53, -5.1999999999999975, 462, 0.06651671573560847
463, 75, -7.39999999999999, 462, 0.08432085959502977
464, 58, -5.699999999999996, 468, 0.07096142011757411
465, 56, -5.4999999999999964, 473, 0.043753867836633376
466, 57, -5.599999999999996, 465, 0.07451421594243923
467, 57, -5.599999999999996, 466, 0.07457179231826094
468, 67, -6.5999999999999925, 465, 0.09140689536210722
469, 57, -5.599999999999996, 478, 0.059257311278290814
470, 62, -6.099999999999994, 474, 0.058095364794947923
471, 90, -8.899999999999984, 455, 0.09123637503838511
472, 55, -5.399999999999997, 471, 0.08361229145648852
473, 50, -4.899999999999999, 467, 0.07996949486182836
474, 66, -6.499999999999993, 474, 0.11573615388624559
475, 53, -5.1999999999999975, 472, 0.09166815338607037
476, 50, -4.899999999999999, 467, 0.07850478961290919
477, 60, -5.899999999999995, 477, 0.0697035752166113
478, 54, -5.299999999999997, 471, 0.0850227720928905
479, 45, -4.4, 472, 0.06249326927213161
480, 63, -6.199999999999994, 469, 0.05958672209833704
481, 63, -6.199999999999994, 482, 0.06604852873784428
482, 49, -4.799999999999999, 471, 0.0810062061020842
483, 72, -7.099999999999991, 469, 0.06291873488872102
484, 53, -5.1999999999999975, 471, 0.06662406545000188
485, 56, -5.4999999999999964, 475, 0.05534809308173161
486, 106, -10.499999999999979, 486, 0.07122581843648024
487, 68, -6.699999999999992, 475, 0.07739134222148714
488, 62, -6.099999999999994, 477, 0.09300139742317715
489, 53, -5.1999999999999975, 481, 0.05717450982441319
490, 48, -4.699999999999999, 479, 0.07073058418332412
491, 55, -5.399999999999997, 477, 0.08226943159756689
492, 72, -7.099999999999991, 483, 0.0757189209059621
493, 73, -7.19999999999999, 479, 0.06953901094273118
494, 61, -5.999999999999995, 478, 0.05680718527962325
495, 70, -6.8999999999999915, 498, 0.07722665336857126
496, 60, -5.899999999999995, 481, 0.07648276692563699
497, 51, -4.999999999999998, 489, 0.07147208861682564
498, 66, -6.499999999999993, 480, 0.09794665024373073
499, 58, -5.699999999999996, 483, 0.1282844457350394
500, 50, -4.899999999999999, 483, 0.06720132327852313
501, 61, -5.999999999999995, 486, 0.0722224539888423
502, 46, -4.5, 479, 0.10051663335176486
503, 53, -5.1999999999999975, 480, 0.07477651576929772
504, 142, -14.099999999999966, 486, 0.08689488151833791
505, 55, -5.399999999999997, 482, 0.08142677374434437
506, 70, -6.8999999999999915, 480, 0.04760911833156989
507, 53, -5.1999999999999975, 478, 0.07525933217163416
508, 53, -5.1999999999999975, 477, 0.0797620058288519
509, 132, -13.09999999999997, 498, 0.0666149754307746
510, 59, -5.799999999999995, 479, 0.09751850609031587
511, 60, -5.899999999999995, 490, 0.05421457566970611
512, 53, -5.1999999999999975, 483, 0.08480444038725388
513, 53, -5.1999999999999975, 487, 0.059698038102216966
514, 61, -5.999999999999995, 487, 0.08108776355851408
515, 66, -6.499999999999993, 489, 0.07376163946862951
516, 48, -4.699999999999999, 477, 0.0713565440842705
517, 62, -6.099999999999994, 486, 0.06761990914960148
518, 136, -13.499999999999968, 491, 0.07623628948819983
519, 55, -5.399999999999997, 483, 0.05983116056874627
520, 51, -4.999999999999998, 486, 0.06792633930745562
521, 118, -11.699999999999974, 484, 0.04013106760547558
522, 67, -6.5999999999999925, 480, 0.060162283070109845
523, 58, -5.699999999999996, 483, 0.07915466636721868
524, 225, -22.40000000000005, 488, 0.08214153921315592
525, 60, -5.899999999999995, 486, 0.06768827633349428
526, 73, -7.19999999999999, 490, 0.08220522953389664
527, 54, -5.299999999999997, 499, 0.05642961648520606
528, 60, -5.899999999999995, 487, 0.061080705917156086
529, 54, -5.299999999999997, 490, 0.0733687508384615
530, 63, -6.199999999999994, 493, 0.06786062462840348
531, 50, -4.899999999999999, 490, 0.07914172542297981
532, 63, -6.199999999999994, 490, 0.05463649512914226
533, 61, -5.999999999999995, 495, 0.0946366051184615
534, 53, -5.1999999999999975, 502, 0.07105091401627739
535, 61, -5.999999999999995, 501, 0.07706625780982432
536, 51, -4.999999999999998, 497, 0.05989709421600198
537, 59, -5.799999999999995, 498, 0.07881669351806875
538, 55, -5.399999999999997, 494, 0.09732618054842623
539, 51, -4.999999999999998, 504, 0.0962564099203726
540, 53, -5.1999999999999975, 506, 0.06853535557352641
541, 68, -6.699999999999992, 499, 0.07111547537593155
542, 78, -7.699999999999989, 492, 0.07722171823285162
543, 49, -4.799999999999999, 491, 0.07813942704146237
544, 55, -5.399999999999997, 496, 0.07207439288487341
545, 52, -5.099999999999998, 502, 0.06849901226856675
546, 70, -6.8999999999999915, 518, 0.08849957450649804
547, 68, -6.699999999999992, 504, 0.060171391969451093
548, 114, -11.299999999999976, 499, 0.05824801641713484
549, 59, -5.799999999999995, 502, 0.07122880865492337
550, 74, -7.29999999999999, 495, 0.0721878297992884
551, 151, -14.999999999999963, 500, 0.06875119935584785
552, 57, -5.599999999999996, 502, 0.09405179438952918
553, 94, -9.299999999999983, 513, 0.06965525356505875
554, 53, -5.1999999999999975, 507, 0.0818157532704582
555, 48, -4.699999999999999, 503, 0.07121680816770248
556, 49, -4.799999999999999, 499, 0.07718631299190182
557, 52, -5.099999999999998, 506, 0.09856020181652214
558, 67, -6.5999999999999925, 502, 0.05835810827335974
559, 53, -5.1999999999999975, 509, 0.07393491583721823
560, 57, -5.599999999999996, 509, 0.06719906085300753
561, 57, -5.599999999999996, 508, 0.06795877332804334
562, 55, -5.399999999999997, 514, 0.10061351437461896
563, 53, -5.1999999999999975, 509, 0.05443305862757564
564, 56, -5.4999999999999964, 508, 0.08284591067495672
565, 59, -5.799999999999995, 510, 0.05254399398555121
566, 53, -5.1999999999999975, 509, 0.10078636398607244
567, 76, -7.499999999999989, 507, 0.06283848683115267
568, 51, -4.999999999999998, 530, 0.05337111757730906
569, 64, -6.299999999999994, 524, 0.05893938650333119
570, 79, -7.799999999999988, 514, 0.07690289804748174
571, 48, -4.699999999999999, 512, 0.09101957228089819
572, 59, -5.799999999999995, 510, 0.08978453358418359
573, 59, -5.799999999999995, 505, 0.07604186658429213
574, 84, -8.299999999999986, 513, 0.07125640137067757
575, 50, -4.899999999999999, 513, 0.07266102608956293
576, 50, -4.899999999999999, 510, 0.07641436687100955
577, 62, -6.099999999999994, 515, 0.07914497966188061
578, 61, -5.999999999999995, 509, 0.09114063695074798
579, 82, -8.099999999999987, 514, 0.07792478024107191
580, 58, -5.699999999999996, 518, 0.06659281892111357
581, 55, -5.399999999999997, 518, 0.08004378534938583
582, 68, -6.699999999999992, 510, 0.07257900217875135
583, 94, -9.299999999999983, 530, 0.06856529757875562
584, 66, -6.499999999999993, 509, 0.053955070318894016
585, 64, -6.299999999999994, 514, 0.09058384974000755
586, 45, -4.4, 524, 0.0758010160118216
587, 50, -4.899999999999999, 520, 0.05792816838716197
588, 68, -6.699999999999992, 517, 0.09310223102746451
589, 53, -5.1999999999999975, 528, 0.05652598397242414
590, 57, -5.599999999999996, 525, 0.07366790419590119
591, 77, -7.599999999999989, 517, 0.058306577047780195
592, 63, -6.199999999999994, 525, 0.07283970053818711
593, 66, -6.499999999999993, 517, 0.07747902392753958
594, 44, -4.300000000000001, 518, 0.09490307701485357
595, 56, -5.4999999999999964, 524, 0.07975844316375591
596, 52, -5.099999999999998, 521, 0.05278443558594015
597, 61, -5.999999999999995, 527, 0.06115818381832072
598, 58, -5.699999999999996, 521, 0.06174341613591894
599, 65, -6.399999999999993, 529, 0.08324580823834982
600, 80, -7.899999999999988, 524, 0.07687445906092849
601, 49, -4.799999999999999, 530, 0.06742473727962883
602, 50, -4.899999999999999, 543, 0.07462468968595326
603, 60, -5.899999999999995, 533, 0.09636645497807961
604, 66, -6.499999999999993, 525, 0.06383902583964218
605, 74, -7.29999999999999, 531, 0.11231431567615768
606, 51, -4.999999999999998, 522, 0.07789255252683902
607, 52, -5.099999999999998, 524, 0.06801224625994551
608, 58, -5.699999999999996, 527, 0.09202630290738734
609, 50, -4.899999999999999, 521, 0.06305392769196216
610, 82, -8.099999999999987, 527, 0.06276180976034751
611, 52, -5.099999999999998, 534, 0.06981252379924863
612, 61, -5.999999999999995, 528, 0.06582512924799522
613, 58, -5.699999999999996, 529, 0.06890877513110338
614, 83, -8.199999999999987, 534, 0.09087911388444314
615, 53, -5.1999999999999975, 529, 0.07475224206648634
616, 52, -5.099999999999998, 530, 0.07940078036092024
617, 225, -22.40000000000005, 534, 0.09043346845740974
618, 64, -6.299999999999994, 534, 0.053514481924991086
619, 51, -4.999999999999998, 537, 0.08199488858559167
620, 53, -5.1999999999999975, 532, 0.06862890393291066
621, 58, -5.699999999999996, 540, 0.07534384314320497
622, 76, -7.499999999999989, 538, 0.08615212790317595
623, 51, -4.999999999999998, 535, 0.08695341835784287
624, 55, -5.399999999999997, 529, 0.06633540456827691
625, 52, -5.099999999999998, 524, 0.06834016559105882
626, 54, -5.299999999999997, 526, 0.06477779179238324
627, 55, -5.399999999999997, 540, 0.08450859710421299
628, 86, -8.499999999999986, 529, 0.05638360160531253
629, 217, -21.600000000000037, 543, 0.07122254444305742
630, 95, -9.399999999999983, 536, 0.07650185435917534
631, 57, -5.599999999999996, 544, 0.062359858308117744
632, 98, -9.699999999999982, 539, 0.07060102631836362
633, 50, -4.899999999999999, 537, 0.09143455035291903
634, 71, -6.999999999999991, 544, 0.08803486732968135
635, 49, -4.799999999999999, 540, 0.0815740756743526
636, 50, -4.899999999999999, 538, 0.0975036077073408
637, 63, -6.199999999999994, 537, 0.0802098484280378
638, 69, -6.799999999999992, 545, 0.06477069581707429
639, 55, -5.399999999999997, 548, 0.10047495834858511
640, 59, -5.799999999999995, 538, 0.08229605848265065
641, 55, -5.399999999999997, 538, 0.09086287346570132
642, 61, -5.999999999999995, 545, 0.06549136296715652
643, 58, -5.699999999999996, 534, 0.08938487279821294
644, 52, -5.099999999999998, 541, 0.075528013050708
645, 60, -5.899999999999995, 530, 0.07257866904963733
646, 61, -5.999999999999995, 538, 0.0691267302958738
647, 58, -5.699999999999996, 551, 0.07711636390149706
648, 60, -5.899999999999995, 543, 0.0730843601391753
649, 71, -6.999999999999991, 540, 0.09294593052199618
650, 64, -6.299999999999994, 542, 0.057885937232131646
651, 70, -6.8999999999999915, 544, 0.07647937289410622
652, 52, -5.099999999999998, 545, 0.07120074773365959
653, 58, -5.699999999999996, 550, 0.06541967656872877
654, 69, -6.799999999999992, 547, 0.05728880926545532
655, 69, -6.799999999999992, 549, 0.06396193643487036
656, 58, -5.699999999999996, 549, 0.06341113074723093
657, 64, -6.299999999999994, 543, 0.06399689274096376
658, 58, -5.699999999999996, 555, 0.0717532488543271
659, 53, -5.1999999999999975, 553, 0.05069222654598793
660, 63, -6.199999999999994, 553, 0.09338038970128726
661, 53, -5.1999999999999975, 553, 0.07963510350451042
662, 94, -9.299999999999983, 549, 0.0453067553883475
663, 61, -5.999999999999995, 551, 0.05742042421587201
664, 108, -10.699999999999978, 544, 0.09578519036654842
665, 104, -10.29999999999998, 558, 0.06506607168636513
666, 50, -4.899999999999999, 561, 0.06618495918328104
667, 44, -4.300000000000001, 555, 0.06972388603390878
668, 63, -6.199999999999994, 547, 0.06110896467887461
669, 57, -5.599999999999996, 554, 0.05740518514596049
670, 58, -5.699999999999996, 557, 0.06459625734726204
671, 58, -5.699999999999996, 552, 0.0746668652827438
672, 49, -4.799999999999999, 544, 0.08008513093531855
673, 63, -6.199999999999994, 553, 0.09998029332956304
674, 73, -7.19999999999999, 553, 0.08385156797711468
675, 54, -5.299999999999997, 560, 0.07453114280292761
676, 61, -5.999999999999995, 550, 0.06003587376611577
677, 49, -4.799999999999999, 555, 0.07246095118888563
678, 55, -5.399999999999997, 561, 0.09232185392105274
679, 58, -5.699999999999996, 550, 0.06558591892010313
680, 46, -4.5, 558, 0.0878113571331749
681, 50, -4.899999999999999, 557, 0.043772072622832336
682, 50, -4.899999999999999, 560, 0.08122291173765017
683, 51, -4.999999999999998, 560, 0.0743507714612417
684, 106, -10.499999999999979, 573, 0.10223459881443187
685, 58, -5.699999999999996, 576, 0.05448688243174282
686, 85, -8.399999999999986, 562, 0.04935485420391794
687, 91, -8.999999999999984, 561, 0.07439889826684665
688, 50, -4.899999999999999, 569, 0.08234189934796388
689, 56, -5.4999999999999964, 566, 0.055058603818223695
690, 66, -6.499999999999993, 557, 0.07454380044290376
691, 72, -7.099999999999991, 568, 0.08975340840087886
692, 55, -5.399999999999997, 555, 0.07029056534069134
693, 52, -5.099999999999998, 554, 0.09231935394188584
694, 58, -5.699999999999996, 578, 0.08089647798441302
695, 54, -5.299999999999997, 561, 0.08275930243031637
696, 104, -10.29999999999998, 564, 0.06834391790964167
697, 75, -7.39999999999999, 561, 0.063776120560191
698, 65, -6.399999999999993, 562, 0.0709976360026312
699, 61, -5.999999999999995, 566, 0.07547703524648863
700, 66, -6.499999999999993, 563, 0.06821919379999414
701, 54, -5.299999999999997, 555, 0.06169665412262387
702, 52, -5.099999999999998, 565, 0.03273085531669917
703, 53, -5.1999999999999975, 565, 0.0852999545782156
704, 57, -5.599999999999996, 567, 0.053983611346809734
705, 59, -5.799999999999995, 568, 0.05312890468941811
706, 56, -5.4999999999999964, 571, 0.09047808077229136
707, 92, -9.099999999999984, 572, 0.06143644830585093
708, 54, -5.299999999999997, 558, 0.07613175369043834
709, 57, -5.599999999999996, 559, 0.05808665996642981
710, 69, -6.799999999999992, 574, 0.0832826940899376
711, 60, -5.899999999999995, 570, 0.07282478088800648
712, 57, -5.599999999999996, 569, 0.07845074175977329
713, 203, -20.200000000000017, 566, 0.055700573069347836
714, 49, -4.799999999999999, 565, 0.07556578056581165
715, 77, -7.599999999999989, 569, 0.07088565182840392
716, 60, -5.899999999999995, 566, 0.07606526710319894
717, 63, -6.199999999999994, 574, 0.056069171173382726
718, 78, -7.699999999999989, 579, 0.060345942295653376
719, 50, -4.899999999999999, 576, 0.0653811292210098
720, 85, -8.399999999999986, 576, 0.07755448220738792
721, 71, -6.999999999999991, 574, 0.0831157778586209
722, 51, -4.999999999999998, 577, 0.06566358131135885
723, 50, -4.899999999999999, 579, 0.08969248604881042
724, 52, -5.099999999999998, 577, 0.06542873958240225
725, 53, -5.1999999999999975, 575, 0.060387817148271905
726, 66, -6.499999999999993, 582, 0.06477838380250334
727, 69, -6.799999999999992, 571, 0.06357385237519875
728, 87, -8.599999999999985, 582, 0.07363625958459136
729, 53, -5.1999999999999975, 589, 0.09449667594694411
730, 48, -4.699999999999999, 583, 0.08119866480965121
731, 75, -7.39999999999999, 574, 0.07154373987006246
732, 71, -6.999999999999991, 580, 0.1037695260377216
733, 82, -8.099999999999987, 590, 0.05661482258747874
734, 71, -6.999999999999991, 584, 0.08439658732838981
735, 67, -6.5999999999999925, 581, 0.05986891149245968
736, 53, -5.1999999999999975, 583, 0.07853360517503746
737, 55, -5.399999999999997, 581, 0.04621594004267582
738, 60, -5.899999999999995, 586, 0.05225580910589933
739, 51, -4.999999999999998, 583, 0.053820279989509334
740, 55, -5.399999999999997, 583, 0.0732764030235602
741, 185, -18.39999999999999, 582, 0.06542747653860692
742, 71, -6.999999999999991, 587, 0.07085767279458544
743, 66, -6.499999999999993, 581, 0.05234968532234241
744, 55, -5.399999999999997, 578, 0.06003208105039315
745, 59, -5.799999999999995, 584, 0.08257265375601382
746, 82, -8.099999999999987, 588, 0.06773316397291429
747, 57, -5.599999999999996, 594, 0.06847029759827161
748, 67, -6.5999999999999925, 583, 0.08721979152054149
749, 56, -5.4999999999999964, 581, 0.07914078561166193
750, 67, -6.5999999999999925, 586, 0.08456886238154704
751, 66, -6.499999999999993, 578, 0.08964997302237765
752, 46, -4.5, 592, 0.0492953482687013
753, 53, -5.1999999999999975, 602, 0.07608672455423411
754, 52, -5.099999999999998, 597, 0.07971176123861179
755, 55, -5.399999999999997, 593, 0.06980112274010186
756, 62, -6.099999999999994, 588, 0.0847919995682398
757, 57, -5.599999999999996, 590, 0.08149046959532891
758, 61, -5.999999999999995, 587, 0.07269444407981895
759, 52, -5.099999999999998, 590, 0.06334880903754198
760, 71, -6.999999999999991, 597, 0.06745343265884596
761, 67, -6.5999999999999925, 593, 0.07157855614955477
762, 45, -4.4, 601, 0.08241410241781016
763, 97, -9.599999999999982, 591, 0.08272306580648892
764, 49, -4.799999999999999, 599, 0.10018189025942359
765, 52, -5.099999999999998, 586, 0.06263565567341522
766, 66, -6.499999999999993, 591, 0.08221088981767088
767, 57, -5.599999999999996, 592, 0.05757349790472699
768, 57, -5.599999999999996, 585, 0.06578605755671951
769, 54, -5.299999999999997, 588, 0.062349328379646574
770, 61, -5.999999999999995, 602, 0.07645200739950919
771, 62, -6.099999999999994, 588, 0.08447843640239716
772, 60, -5.899999999999995, 588, 0.06754466870706288
773, 56, -5.4999999999999964, 601, 0.05944807341090819
774, 56, -5.4999999999999964, 596, 0.05952130977060366
775, 109, -10.799999999999978, 592, 0.08443893262303281
776, 65, -6.399999999999993, 591, 0.07624995084641117
777, 48, -4.699999999999999, 594, 0.05746651685202275
778, 47, -4.6, 600, 0.09079553311682487
779, 49, -4.799999999999999, 603, 0.08665359052513544
780, 52, -5.099999999999998, 603, 0.0850839492100044
781, 57, -5.599999999999996, 598, 0.08071985868347964
782, 64, -6.299999999999994, 586, 0.056258277552995395
783, 82, -8.099999999999987, 596, 0.09565105400492786
784, 56, -5.4999999999999964, 597, 0.06573422487028346
785, 66, -6.499999999999993, 612, 0.08479703951267559
786, 62, -6.099999999999994, 604, 0.09514419756745185
787, 56, -5.4999999999999964, 604, 0.05181104284007976
788, 63, -6.199999999999994, 601, 0.0794645728123684
789, 52, -5.099999999999998, 601, 0.0939615215955295
790, 55, -5.399999999999997, 603, 0.0815379641636591
791, 61, -5.999999999999995, 600, 0.07917764578619901
792, 62, -6.099999999999994, 592, 0.055182101489428925
793, 63, -6.199999999999994, 596, 0.07822787832981848
794, 57, -5.599999999999996, 596, 0.06661514097952304
795, 57, -5.599999999999996, 614, 0.07788031393563877
796, 59, -5.799999999999995, 606, 0.07905233608192086
797, 63, -6.199999999999994, 608, 0.05756377486780928
798, 62, -6.099999999999994, 601, 0.05866612573765506
799, 51, -4.999999999999998, 602, 0.0912020708481679
800, 51, -4.999999999999998, 612, 0.07877889298229268
801, 47, -4.6, 612, 0.0879595458505904
802, 48, -4.699999999999999, 604, 0.06985317981938999
803, 62, -6.099999999999994, 626, 0.07979050173843083
804, 54, -5.299999999999997, 608, 0.06965260260851203
805, 120, -11.899999999999974, 606, 0.0666585210601165
806, 159, -15.79999999999996, 616, 0.10502014422244255
807, 95, -9.399999999999983, 607, 0.06862678399300415
808, 59, -5.799999999999995, 603, 0.0564694320955208
809, 57, -5.599999999999996, 622, 0.0702338141606958
810, 56, -5.4999999999999964, 607, 0.08117066850813831
811, 54, -5.299999999999997, 617, 0.09229662229402114
812, 51, -4.999999999999998, 604, 0.08500279683398165
813, 90, -8.899999999999984, 619, 0.0769176763868118
814, 62, -6.099999999999994, 603, 0.07617958735745178
815, 58, -5.699999999999996, 617, 0.0785350736523287
816, 51, -4.999999999999998, 605, 0.053234215607204316
817, 61, -5.999999999999995, 624, 0.06997871829538371
818, 60, -5.899999999999995, 610, 0.03678341060063017
819, 52, -5.099999999999998, 611, 0.07001444226906628
820, 55, -5.399999999999997, 612, 0.0839234086234425
821, 49, -4.799999999999999, 612, 0.09657776640272275
822, 69, -6.799999999999992, 622, 0.058418626374609595
823, 130, -12.89999999999997, 617, 0.06381277422844017
824, 48, -4.699999999999999, 606, 0.07347903305570203
825, 50, -4.899999999999999, 618, 0.07059430088550211
826, 66, -6.499999999999993, 609, 0.09662729083536287
827, 58, -5.699999999999996, 619, 0.06311265390550114
828, 69, -6.799999999999992, 631, 0.09022086597992485
829, 59, -5.799999999999995, 613, 0.06588101519584333
830, 67, -6.5999999999999925, 618, 0.0708526883488263
831, 61, -5.999999999999995, 627, 0.09123305387385033
832, 52, -5.099999999999998, 615, 0.061812636691734035
833, 191, -19.0, 616, 0.09967245028085199
834, 52, -5.099999999999998, 628, 0.07015441107176223
835, 76, -7.499999999999989, 619, 0.07202526492309547
836, 61, -5.999999999999995, 621, 0.09977583953430547
837, 53, -5.1999999999999975, 628, 0.07183749092505165
838, 56, -5.4999999999999964, 612, 0.08268891143773094
839, 107, -10.599999999999978, 614, 0.07486015224564385
840, 75, -7.39999999999999, 622, 0.06882089990544399
841, 49, -4.799999999999999, 631, 0.10150323190236482
842, 59, -5.799999999999995, 618, 0.06970492914892423
843, 55, -5.399999999999997, 626, 0.06750331553263678
844, 56, -5.4999999999999964, 617, 0.07383264708467285
845, 57, -5.599999999999996, 624, 0.090717211767672
846, 63, -6.199999999999994, 622, 0.09669829212321712
847, 56, -5.4999999999999964, 616, 0.06681503674563449
848, 50, -4.899999999999999, 618, 0.06579565606914395
849, 59, -5.799999999999995, 632, 0.1012813621900881
850, 64, -6.299999999999994, 625, 0.06329516656966927
851, 50, -4.899999999999999, 617, 0.06034336920838486
852, 49, -4.799999999999999, 628, 0.09029799709396882
853, 89, -8.799999999999985, 624, 0.07397986581071117
854, 51, -4.999999999999998, 629, 0.07442829302936915
855, 91, -8.999999999999984, 626, 0.08963478740669083
856, 58, -5.699999999999996, 624, 0.0737672074640976
857, 62, -6.099999999999994, 619, 0.07606373233022024
858, 63, -6.199999999999994, 632, 0.07266378149547204
859, 58, -5.699999999999996, 632, 0.05593120154948805
860, 57, -5.599999999999996, 625, 0.09477715265058184
861, 63, -6.199999999999994, 624, 0.04798382170282878
862, 138, -13.699999999999967, 627, 0.07861019239957612
863, 52, -5.099999999999998, 631, 0.08416988171843842
864, 46, -4.5, 638, 0.07958985618119518
865, 55, -5.399999999999997, 632, 0.07749114200767399
866, 53, -5.1999999999999975, 624, 0.06325118433006716
867, 51, -4.999999999999998, 635, 0.06612218145584958
868, 67, -6.5999999999999925, 626, 0.07417323477886795
869, 89, -8.799999999999985, 635, 0.0815828410167101
870, 103, -10.19999999999998, 625, 0.0864057846442352
871, 53, -5.1999999999999975, 631, 0.07868931243559052
872, 57, -5.599999999999996, 638, 0.08386459102229926
873, 104, -10.29999999999998, 630, 0.08494457099327168
874, 55, -5.399999999999997, 633, 0.06356525430155147
875, 49, -4.799999999999999, 639, 0.07694538145251748
876, 55, -5.399999999999997, 636, 0.06542577060176558
877, 55, -5.399999999999997, 642, 0.079191104709595
878, 52, -5.099999999999998, 652, 0.07121984174779827
879, 57, -5.599999999999996, 629, 0.12095229336635338
880, 57, -5.599999999999996, 635, 0.07382504035753223
881, 61, -5.999999999999995, 635, 0.056963347877465376
882, 100, -9.89999999999998, 633, 0.07853313518789373
883, 106, -10.499999999999979, 638, 0.06696496732436952
884, 65, -6.399999999999993, 643, 0.0810625103565164
885, 75, -7.39999999999999, 637, 0.061057912132275405
886, 102, -10.09999999999998, 651, 0.09389935266891314
887, 62, -6.099999999999994, 646, 0.09047594677749982
888, 85, -8.399999999999986, 642, 0.08772044565735787
889, 66, -6.499999999999993, 651, 0.08834871641137454
890, 58, -5.699999999999996, 646, 0.08145063279329179
891, 53, -5.1999999999999975, 632, 0.06527099181061013
892, 55, -5.399999999999997, 656, 0.07080286781145562
893, 225, -22.40000000000005, 651, 0.07305405735848947
894, 54, -5.299999999999997, 643, 0.06744645615416056
895, 58, -5.699999999999996, 656, 0.06225963097176246
896, 58, -5.699999999999996, 647, 0.07603428396912257
897, 56, -5.4999999999999964, 649, 0.06451249980441609
898, 61, -5.999999999999995, 648, 0.07407431164851719
899, 55, -5.399999999999997, 652, 0.08496479181508586
900, 58, -5.699999999999996, 642, 0.0599467053466749
901, 47, -4.6, 652, 0.060200939687310884
902, 75, -7.39999999999999, 646, 0.05132208578038555
903, 81, -7.999999999999988, 652, 0.0703221687961113
904, 51, -4.999999999999998, 655, 0.0675254280232751
905, 63, -6.199999999999994, 648, 0.062321753329704355
906, 49, -4.799999999999999, 655, 0.0815842651631169
907, 65, -6.399999999999993, 655, 0.07063074011895942
908, 46, -4.5, 652, 0.0674898230750145
909, 68, -6.699999999999992, 663, 0.07756254913037797
910, 61, -5.999999999999995, 643, 0.05546397127357228
911, 54, -5.299999999999997, 661, 0.06032101521051514
912, 76, -7.499999999999989, 653, 0.06813740775208021
913, 59, -5.799999999999995, 660, 0.05541607455608322
914, 64, -6.299999999999994, 656, 0.0751968350530252
915, 62, -6.099999999999994, 661, 0.08458615410014203
916, 64, -6.299999999999994, 657, 0.06967170402615752
917, 48, -4.699999999999999, 655, 0.061470379627102556
918, 57, -5.599999999999996, 657, 0.09626166609813636
919, 81, -7.999999999999988, 660, 0.08596911914423266
920, 69, -6.799999999999992, 662, 0.04882358193671399
921, 56, -5.4999999999999964, 657, 0.06620839719555771
922, 44, -4.300000000000001, 654, 0.0630379973270172
923, 58, -5.699999999999996, 655, 0.06715806579724726
924, 183, -18.19999999999999, 659, 0.06800523964671285
925, 50, -4.899999999999999, 652, 0.08934967657866677
926, 49, -4.799999999999999, 658, 0.062446602042316
927, 44, -4.300000000000001, 659, 0.06269393708113169
928, 72, -7.099999999999991, 667, 0.06891040825747119
929, 51, -4.999999999999998, 669, 0.06848719308614815
930, 62, -6.099999999999994, 664, 0.08712816877496588
931, 50, -4.899999999999999, 661, 0.056632870475960884
932, 48, -4.699999999999999, 663, 0.08246481165627184
933, 60, -5.899999999999995, 655, 0.110092621375109
934, 63, -6.199999999999994, 666, 0.09461078055404404
935, 62, -6.099999999999994, 666, 0.07824748526876846
936, 69, -6.799999999999992, 658, 0.09240441889334461
937, 52, -5.099999999999998, 661, 0.0905914056785273
938, 54, -5.299999999999997, 666, 0.06136689872273682
939, 103, -10.19999999999998, 673, 0.07290512359079615
940, 58, -5.699999999999996, 675, 0.07177259307827044
941, 55, -5.399999999999997, 654, 0.07507881528560612
942, 63, -6.199999999999994, 651, 0.04564874563509003
943, 52, -5.099999999999998, 669, 0.07998629931056
944, 55, -5.399999999999997, 660, 0.06992537562429657
945, 66, -6.499999999999993, 657, 0.07732342186951824
946, 69, -6.799999999999992, 672, 0.06528297738936706
947, 53, -5.1999999999999975, 666, 0.07203422517745964
948, 56, -5.4999999999999964, 659, 0.0595894363622842
949, 61, -5.999999999999995, 668, 0.07244789676391505
950, 49, -4.799999999999999, 674, 0.041007881454118156
951, 57, -5.599999999999996, 655, 0.0776481034118559
952, 48, -4.699999999999999, 665, 0.06448616066816454
953, 57, -5.599999999999996, 679, 0.05749126708316954
954, 113, -11.199999999999976, 679, 0.07618684508520213
955, 56, -5.4999999999999964, 667, 0.08828048047069359
956, 54, -5.299999999999997, 669, 0.06771528072472655
957, 61, -5.999999999999995, 668, 0.11455118907361328
958, 59, -5.799999999999995, 671, 0.09431869011909022
959, 73, -7.19999999999999, 665, 0.055878679868708314
960, 136, -13.499999999999968, 658, 0.0777609328969826
961, 73, -7.19999999999999, 677, 0.08549330379884945
962, 62, -6.099999999999994, 676, 0.08870675186942023
963, 52, -5.099999999999998, 671, 0.10163334572435406
964, 69, -6.799999999999992, 681, 0.10384936391578437
965, 64, -6.299999999999994, 679, 0.07835634939856437
966, 57, -5.599999999999996, 670, 0.09192299677006188
967, 57, -5.599999999999996, 678, 0.0657074121578014
968, 118, -11.699999999999974, 674, 0.09077184703000718
969, 103, -10.19999999999998, 676, 0.08072407944363968
970, 60, -5.899999999999995, 677, 0.0647786596003494
971, 54, -5.299999999999997, 680, 0.089830289085026
972, 98, -9.699999999999982, 680, 0.06632932125911295
973, 47, -4.6, 682, 0.08479481061925481
974, 53, -5.1999999999999975, 675, 0.06773914997025554
975, 50, -4.899999999999999, 680, 0.06081440309413089
976, 53, -5.1999999999999975, 692, 0.06614091713255643
977, 93, -9.199999999999983, 682, 0.07334671647314894
978, 62, -6.099999999999994, 686, 0.09820989363946575
979, 71, -6.999999999999991, 682, 0.05845200472431111
980, 60, -5.899999999999995, 681, 0.08405052508171229
981, 57, -5.599999999999996, 697, 0.0722384931332809
982, 63, -6.199999999999994, 688, 0.06724980396295122
983, 49, -4.799999999999999, 678, 0.05301490719447388
984, 61, -5.999999999999995, 694, 0.10691058013534072
985, 79, -7.799999999999988, 679, 0.06895438282696209
986, 56, -5.4999999999999964, 682, 0.07272946538545844
987, 63, -6.199999999999994, 684, 0.06422774877694182
988, 62, -6.099999999999994, 696, 0.08258178716969233
989, 52, -5.099999999999998, 686, 0.07578889082437612
990, 79, -7.799999999999988, 692, 0.11635698809275152
991, 84, -8.299999999999986, 687, 0.07388869500217166
992, 56, -5.4999999999999964, 683, 0.09396303918489446
993, 59, -5.799999999999995, 684, 0.09102769871922067
994, 58, -5.699999999999996, 683, 0.07766560735199712
995, 61, -5.999999999999995, 688, 0.06306140005177419
996, 69, -6.799999999999992, 679, 0.07672375342176116
997, 70, -6.8999999999999915, 698, 0.06691571437992169
998, 52, -5.099999999999998, 681, 0.060090388410807494
999, 57, -5.599999999999996, 678, 0.06398795419150494
1000, 61, -5.999999999999995, 691, 0.07044740447092934
