Episode, Steps, Reward, Time (in milliseconds), Convergence
1, 225, -22.40000000000005, 149, 0.19847362096667887
2, 225, -22.40000000000005, 100, 0.19409490704828913
3, 225, -22.40000000000005, 176, 0.2020837347468037
4, 225, -22.40000000000005, 179, 0.19126204358344245
5, 225, -22.40000000000005, 193, 0.01749305246610361
6, 225, -22.40000000000005, 186, 0.017670252443554288
7, 225, -22.40000000000005, 288, 0.18917505035017212
8, 225, -22.40000000000005, 230, 0.01551227629220353
9, 225, -22.40000000000005, 167, 0.18212098349307432
10, 225, -22.40000000000005, 243, 0.2048116338984497
11, 225, -22.40000000000005, 228, 0.1939623121723908
12, 225, -22.40000000000005, 309, 0.020581839829771797
13, 225, -22.40000000000005, 306, 0.20170504362081082
14, 225, -22.40000000000005, 240, 0.12551989236184857
15, 225, -22.40000000000005, 354, 0.2015136769304119
16, 225, -22.40000000000005, 345, 0.01807791401757275
17, 225, -22.40000000000005, 357, 0.016140859501638904
18, 225, -22.40000000000005, 348, 0.016523931583656504
19, 225, -22.40000000000005, 340, 0.20214321846864447
20, 225, -22.40000000000005, 383, 0.017553316110059836
21, 225, -22.40000000000005, 380, 0.015653798687512044
22, 225, -22.40000000000005, 410, 0.017697104039195777
23, 225, -22.40000000000005, 399, 0.017876114558143308
24, 225, -22.40000000000005, 395, 0.19209692906184395
25, 225, -22.40000000000005, 414, 0.01754418958583992
26, 225, -22.40000000000005, 419, 0.036940275143996004
27, 225, -22.40000000000005, 409, 0.016296001193251475
28, 225, -22.40000000000005, 450, 0.01822168489668058
29, 225, -22.40000000000005, 447, 0.0194506423941746
30, 225, -22.40000000000005, 485, 0.01685683749227207
31, 225, -22.40000000000005, 487, 0.20995746019413586
32, 225, -22.40000000000005, 455, 0.01840784898822745
33, 225, -22.40000000000005, 494, 0.023800956831590794
34, 225, -22.40000000000005, 505, 0.021805884087941485
35, 225, -22.40000000000005, 524, 0.014682342522194247
36, 225, -22.40000000000005, 583, 0.1987849174667321
37, 225, -22.40000000000005, 522, 0.020276963400676418
38, 225, -22.40000000000005, 683, 0.019362432944115326
39, 225, -22.40000000000005, 543, 0.021394011120551948
40, 225, -22.40000000000005, 526, 0.023756961062073728
41, 148, -14.699999999999964, 555, 0.2030592165105103
42, 225, -22.40000000000005, 546, 0.016967320075621906
43, 225, -22.40000000000005, 586, 0.020327559410703133
44, 152, -15.099999999999962, 581, 0.21739918451409024
45, 225, -22.40000000000005, 640, 0.01587168938745509
46, 225, -22.40000000000005, 644, 0.02109424612324473
47, 176, -17.49999999999998, 650, 0.022445789777493313
48, 149, -14.799999999999963, 599, 0.06781600621224682
49, 225, -22.40000000000005, 629, 0.23474540008125389
50, 225, -22.40000000000005, 664, 0.019060446075446102
51, 166, -16.499999999999964, 707, 0.022556452581815933
52, 225, -22.40000000000005, 628, 0.19684489139549743
53, 225, -22.40000000000005, 689, 0.02084949661174773
54, 225, -22.40000000000005, 613, 0.21415403638717723
55, 121, -11.999999999999973, 681, 0.020608057108611355
56, 225, -22.40000000000005, 663, 0.19923126057670637
57, 120, -11.899999999999974, 694, 0.02080376477404494
58, 225, -22.40000000000005, 677, 0.02780710467642883
59, 225, -22.40000000000005, 715, 0.2059425085723292
60, 102, -10.09999999999998, 742, 0.021978024510082128
61, 225, -22.40000000000005, 715, 0.02198650327203594
62, 225, -22.40000000000005, 714, 0.021402415916087714
63, 220, -21.90000000000004, 722, 0.20509755756576387
64, 225, -22.40000000000005, 751, 0.20255471349461796
65, 225, -22.40000000000005, 687, 0.029214222327527295
66, 225, -22.40000000000005, 753, 0.19571620815797974
67, 225, -22.40000000000005, 801, 0.1943033130725096
68, 225, -22.40000000000005, 819, 0.02558589053712723
69, 115, -11.399999999999975, 800, 0.022733275067703396
70, 97, -9.599999999999982, 812, 0.14472284078388276
71, 225, -22.40000000000005, 778, 0.022645032380993246
72, 225, -22.40000000000005, 809, 0.020399810284170705
73, 196, -19.500000000000007, 802, 0.02318091568636671
74, 225, -22.40000000000005, 790, 0.026649165872004887
75, 81, -7.999999999999988, 856, 0.02548616758474309
76, 225, -22.40000000000005, 813, 0.025734170763109798
77, 156, -15.499999999999961, 897, 0.03519389553234431
78, 107, -10.599999999999978, 816, 0.024064473426394173
79, 225, -22.40000000000005, 832, 0.01856596971319724
80, 225, -22.40000000000005, 871, 0.033221397112755735
81, 92, -9.099999999999984, 822, 0.02449071103429734
82, 83, -8.199999999999987, 844, 0.19649265749155598
83, 66, -6.499999999999993, 895, 0.21901780850171626
84, 134, -13.299999999999969, 832, 0.19937002547023197
85, 72, -7.099999999999991, 912, 0.025197028164116286
86, 82, -8.099999999999987, 874, 0.023933017697567616
87, 133, -13.199999999999969, 918, 0.020211757461687796
88, 101, -9.99999999999998, 928, 0.023192804171486392
89, 51, -4.999999999999998, 981, 0.024703788514135683
90, 225, -22.40000000000005, 920, 0.027293356698588456
91, 225, -22.40000000000005, 895, 0.02790054781411594
92, 162, -16.09999999999996, 958, 0.024179019242680844
93, 225, -22.40000000000005, 911, 0.02371500225497064
94, 116, -11.499999999999975, 941, 0.19793438008360797
95, 225, -22.40000000000005, 950, 0.20534586996136883
96, 112, -11.099999999999977, 935, 0.02344736329639946
97, 73, -7.19999999999999, 960, 0.021582264620350622
98, 97, -9.599999999999982, 968, 0.022423909855255775
99, 225, -22.40000000000005, 936, 0.021901683520161197
100, 81, -7.999999999999988, 962, 0.02822510826654434
101, 59, -5.799999999999995, 960, 0.023003069749331972
102, 60, -5.899999999999995, 993, 0.020671063609483786
103, 56, -5.4999999999999964, 988, 0.025051951363117886
104, 62, -6.099999999999994, 961, 0.022586377971422156
105, 59, -5.799999999999995, 993, 0.021355038034876372
106, 78, -7.699999999999989, 1005, 0.02486223132407428
107, 58, -5.699999999999996, 1045, 0.02415639835039496
108, 63, -6.199999999999994, 1032, 0.1958745679135423
109, 68, -6.699999999999992, 983, 0.024140267053110342
110, 72, -7.099999999999991, 1061, 0.030475327201329727
111, 67, -6.5999999999999925, 1006, 0.20601433306459693
112, 57, -5.599999999999996, 991, 0.023257677361860463
113, 56, -5.4999999999999964, 1052, 0.2130271656331546
114, 70, -6.8999999999999915, 1009, 0.025782220993393334
115, 69, -6.799999999999992, 1016, 0.024408566418983257
116, 114, -11.299999999999976, 1014, 0.019622282808334557
117, 61, -5.999999999999995, 1052, 0.023799428946969847
118, 151, -14.999999999999963, 1025, 0.20928134315783176
119, 59, -5.799999999999995, 1031, 0.024237984498241022
120, 67, -6.5999999999999925, 1100, 0.022949619344377892
121, 140, -13.899999999999967, 1040, 0.021570731963473255
122, 121, -11.999999999999973, 1037, 0.20856866180222355
123, 225, -22.40000000000005, 1094, 0.029815836401431983
124, 72, -7.099999999999991, 1069, 0.2017548555109332
125, 225, -22.40000000000005, 1038, 0.02523094661442926
126, 91, -8.999999999999984, 1061, 0.025678783584214604
127, 84, -8.299999999999986, 1165, 0.024189471564180387
128, 225, -22.40000000000005, 1132, 0.025149002878738447
129, 51, -4.999999999999998, 1118, 0.022736184176847196
130, 121, -11.999999999999973, 1105, 0.02247401568399593
131, 184, -18.29999999999999, 1085, 0.024395250877036645
132, 225, -22.40000000000005, 1093, 0.023462037704985672
133, 73, -7.19999999999999, 1112, 0.19496546343189225
134, 70, -6.8999999999999915, 1173, 0.02857446279069875
135, 131, -12.99999999999997, 1182, 0.21078402654542594
136, 50, -4.899999999999999, 1190, 0.020860713039085876
137, 67, -6.5999999999999925, 1162, 0.08280329747214576
138, 59, -5.799999999999995, 1192, 0.025707241442483486
139, 78, -7.699999999999989, 1171, 0.022111143088968
140, 75, -7.39999999999999, 1182, 0.02317924877342148
141, 99, -9.799999999999981, 1179, 0.026251229671810705
142, 56, -5.4999999999999964, 1147, 0.024422945282078112
143, 225, -22.40000000000005, 1115, 0.1679671336322972
144, 68, -6.699999999999992, 1141, 0.02396129165148375
145, 225, -22.40000000000005, 1155, 0.026201885295572103
146, 62, -6.099999999999994, 1170, 0.024242831439973245
147, 56, -5.4999999999999964, 1187, 0.02672640331639653
148, 52, -5.099999999999998, 1233, 0.20833309035148706
149, 65, -6.399999999999993, 1191, 0.02412370348381876
150, 108, -10.699999999999978, 1211, 0.02743040604935687
151, 64, -6.299999999999994, 1203, 0.025155253341349437
152, 53, -5.1999999999999975, 1209, 0.023290847858706276
153, 133, -13.199999999999969, 1227, 0.02531936948849689
154, 51, -4.999999999999998, 1225, 0.026124979639168378
155, 60, -5.899999999999995, 1300, 0.026038099689462246
156, 52, -5.099999999999998, 1225, 0.026146658941779144
157, 72, -7.099999999999991, 1276, 0.18690884355725013
158, 59, -5.799999999999995, 1204, 0.1936710568375155
159, 65, -6.399999999999993, 1311, 0.027816839954681982
160, 61, -5.999999999999995, 1171, 0.026683154162013833
161, 86, -8.499999999999986, 1221, 0.025539920709725106
162, 53, -5.1999999999999975, 1257, 0.024727882179648386
163, 47, -4.6, 1225, 0.19050011031962266
164, 48, -4.699999999999999, 1215, 0.02876916708371291
165, 46, -4.5, 1356, 0.024379920338404526
166, 50, -4.899999999999999, 1272, 0.02558534700183568
167, 59, -5.799999999999995, 1257, 0.17353250805993392
168, 56, -5.4999999999999964, 1303, 0.22568169485971645
169, 104, -10.29999999999998, 1310, 0.021553111469823694
170, 46, -4.5, 1357, 0.20241595663153422
171, 49, -4.799999999999999, 1342, 0.021889658938103906
172, 47, -4.6, 1316, 0.022136782965224144
173, 57, -5.599999999999996, 1301, 0.2140219246143038
174, 55, -5.399999999999997, 1319, 0.028978057869570417
175, 47, -4.6, 1353, 0.2196613397263525
176, 60, -5.899999999999995, 1354, 0.025581029725928822
177, 54, -5.299999999999997, 1362, 0.024457707855899624
178, 70, -6.8999999999999915, 1353, 0.1961393652228538
179, 65, -6.399999999999993, 1308, 0.020604643213898655
180, 54, -5.299999999999997, 1446, 0.022122591380212026
181, 47, -4.6, 1304, 0.19615969381068998
182, 61, -5.999999999999995, 1272, 0.027260248590697977
183, 64, -6.299999999999994, 1400, 0.20359613526615217
184, 54, -5.299999999999997, 1335, 0.023642991010589975
185, 70, -6.8999999999999915, 1343, 0.20932114797793466
186, 52, -5.099999999999998, 1338, 0.02498666244223735
187, 52, -5.099999999999998, 1400, 0.023419439979276535
188, 219, -21.80000000000004, 1411, 0.024502749464234697
189, 100, -9.89999999999998, 1373, 0.026060145903704812
190, 48, -4.699999999999999, 1376, 0.022975606215759226
191, 44, -4.300000000000001, 1377, 0.21442087598105308
192, 72, -7.099999999999991, 1442, 0.025072681133910757
193, 61, -5.999999999999995, 1445, 0.20223944635870938
194, 50, -4.899999999999999, 1449, 0.22146436953996673
195, 58, -5.699999999999996, 1459, 0.17566542015056008
196, 48, -4.699999999999999, 1349, 0.024570179696061456
197, 50, -4.899999999999999, 1420, 0.026733566308265733
198, 46, -4.5, 1365, 0.2184977195183504
199, 63, -6.199999999999994, 1486, 0.023728038270985685
200, 58, -5.699999999999996, 1474, 0.025336816757828062
201, 62, -6.099999999999994, 1443, 0.024462012897038976
202, 59, -5.799999999999995, 1412, 0.039501686394245006
203, 61, -5.999999999999995, 1385, 0.026045039255345515
204, 63, -6.199999999999994, 1407, 0.025565947824603197
205, 54, -5.299999999999997, 1505, 0.030981096560210863
206, 67, -6.5999999999999925, 1395, 0.021276963130766324
207, 59, -5.799999999999995, 1477, 0.20973026687061846
208, 65, -6.399999999999993, 1428, 0.022157590144303185
209, 61, -5.999999999999995, 1452, 0.025753843619767736
210, 60, -5.899999999999995, 1500, 0.027072104621976623
211, 55, -5.399999999999997, 1472, 0.02206300226652158
212, 63, -6.199999999999994, 1482, 0.024062030596885386
213, 60, -5.899999999999995, 1450, 0.03164916022745845
214, 46, -4.5, 1470, 0.024436550719802108
215, 65, -6.399999999999993, 1439, 0.02483423282768693
216, 57, -5.599999999999996, 1495, 0.026098033859686787
217, 69, -6.799999999999992, 1481, 0.0187972713225113
218, 53, -5.1999999999999975, 1465, 0.027230707828880263
219, 58, -5.699999999999996, 1503, 0.22373403043213203
220, 49, -4.799999999999999, 1510, 0.02485107217913507
221, 52, -5.099999999999998, 1572, 0.022121984214735768
222, 52, -5.099999999999998, 1534, 0.020426651550313313
223, 57, -5.599999999999996, 1466, 0.028319197338823654
224, 51, -4.999999999999998, 1548, 0.020255293194998192
225, 53, -5.1999999999999975, 1523, 0.19386573800036988
226, 56, -5.4999999999999964, 1504, 0.02310861980211465
227, 69, -6.799999999999992, 1559, 0.20265850663640594
228, 47, -4.6, 1622, 0.03171221798558843
229, 48, -4.699999999999999, 1597, 0.024790566419627513
230, 72, -7.099999999999991, 1576, 0.21817212738568292
231, 49, -4.799999999999999, 1557, 0.022084014693729337
232, 63, -6.199999999999994, 1560, 0.026918553170439008
233, 67, -6.5999999999999925, 1576, 0.022956537437047952
234, 52, -5.099999999999998, 1553, 0.025056897520506216
235, 51, -4.999999999999998, 1541, 0.022720250258266184
236, 57, -5.599999999999996, 1561, 0.02941431145297968
237, 61, -5.999999999999995, 1557, 0.19613741744755897
238, 51, -4.999999999999998, 1568, 0.026195756039653184
239, 52, -5.099999999999998, 1571, 0.02334676870723973
240, 56, -5.4999999999999964, 1612, 0.023382153836256858
241, 52, -5.099999999999998, 1589, 0.22900222104947732
242, 50, -4.899999999999999, 1578, 0.02409444438421926
243, 47, -4.6, 1661, 0.025543944030032684
244, 52, -5.099999999999998, 1572, 0.027368567048105863
245, 54, -5.299999999999997, 1668, 0.02264759250986259
246, 47, -4.6, 1647, 0.026944273566393173
247, 68, -6.699999999999992, 1609, 0.023926954848205062
248, 61, -5.999999999999995, 1708, 0.02638275937838941
249, 57, -5.599999999999996, 1633, 0.024413124309290546
250, 56, -5.4999999999999964, 1652, 0.028372947598345744
251, 62, -6.099999999999994, 1649, 0.027427156648085704
252, 66, -6.499999999999993, 1657, 0.022214000291742586
253, 51, -4.999999999999998, 1607, 0.15281087207163946
254, 53, -5.1999999999999975, 1625, 0.022717806538454788
255, 50, -4.899999999999999, 1656, 0.024009861973622648
256, 58, -5.699999999999996, 1640, 0.023332351553760122
257, 60, -5.899999999999995, 1657, 0.028604723966024093
258, 64, -6.299999999999994, 1715, 0.026720634759431205
259, 50, -4.899999999999999, 1657, 0.19932593892733896
260, 47, -4.6, 1658, 0.024135654543601337
261, 68, -6.699999999999992, 1711, 0.21425925636216325
262, 51, -4.999999999999998, 1759, 0.0585208737439018
263, 55, -5.399999999999997, 1677, 0.025576662282552842
264, 61, -5.999999999999995, 1750, 0.22142601377907445
265, 51, -4.999999999999998, 1700, 0.025927269993710755
266, 70, -6.8999999999999915, 1702, 0.023137124920916463
267, 50, -4.899999999999999, 1634, 0.16989186924065525
268, 50, -4.899999999999999, 1722, 0.20061933081930272
269, 59, -5.799999999999995, 1696, 0.02472348335547836
270, 55, -5.399999999999997, 1754, 0.02462947189226261
271, 60, -5.899999999999995, 1664, 0.14778499306708381
272, 54, -5.299999999999997, 1757, 0.024418061926650192
273, 66, -6.499999999999993, 1689, 0.025956427767188206
274, 53, -5.1999999999999975, 1762, 0.026763178022607415
275, 81, -7.999999999999988, 1712, 0.024378342402538777
276, 61, -5.999999999999995, 1712, 0.038283627564681844
277, 62, -6.099999999999994, 1713, 0.020547450596178574
278, 49, -4.799999999999999, 1729, 0.023876002140763575
279, 46, -4.5, 1809, 0.0302457606245371
280, 59, -5.799999999999995, 1702, 0.03310964925196869
281, 60, -5.899999999999995, 1751, 0.025619186795448723
282, 66, -6.499999999999993, 1797, 0.026311038544645005
283, 56, -5.4999999999999964, 1799, 0.24054760128553987
284, 64, -6.299999999999994, 1764, 0.024338200267534527
285, 65, -6.399999999999993, 1737, 0.028378203410228453
286, 53, -5.1999999999999975, 1807, 0.21396856472517922
287, 51, -4.999999999999998, 1744, 0.07007188229562544
288, 56, -5.4999999999999964, 1774, 0.02591924625829145
289, 60, -5.899999999999995, 1817, 0.0270193806764758
290, 67, -6.5999999999999925, 1734, 0.029683889342075886
291, 56, -5.4999999999999964, 1826, 0.030550788175627952
292, 65, -6.399999999999993, 1773, 0.024182931506437466
293, 54, -5.299999999999997, 1817, 0.022747458244307683
294, 54, -5.299999999999997, 1770, 0.029400328047363145
295, 56, -5.4999999999999964, 1836, 0.2062288033942017
296, 70, -6.8999999999999915, 1870, 0.1714324748084448
297, 55, -5.399999999999997, 1768, 0.028339379770310202
298, 46, -4.5, 1833, 0.1660810154673178
299, 64, -6.299999999999994, 1916, 0.02644888126396805
300, 55, -5.399999999999997, 1832, 0.022477325891526734
301, 59, -5.799999999999995, 1881, 0.025883510697986223
302, 61, -5.999999999999995, 1805, 0.2146533778736861
303, 65, -6.399999999999993, 1828, 0.026516064361430836
304, 55, -5.399999999999997, 1826, 0.21028438427925078
305, 63, -6.199999999999994, 1832, 0.022363918592418486
306, 62, -6.099999999999994, 1896, 0.021221467369041402
307, 55, -5.399999999999997, 1886, 0.023372448335714502
308, 54, -5.299999999999997, 1847, 0.22850219339621725
309, 64, -6.299999999999994, 1862, 0.20524679783062494
310, 71, -6.999999999999991, 1858, 0.0242184759890276
311, 58, -5.699999999999996, 1910, 0.025560772380966323
312, 59, -5.799999999999995, 1902, 0.02711134773591184
313, 52, -5.099999999999998, 1886, 0.18705045445264457
314, 57, -5.599999999999996, 1916, 0.029526634115832895
315, 54, -5.299999999999997, 1936, 0.19419662641442237
316, 53, -5.1999999999999975, 1943, 0.046550718286368475
317, 50, -4.899999999999999, 1937, 0.046632715968512706
318, 53, -5.1999999999999975, 1884, 0.025659056245608602
319, 63, -6.199999999999994, 1925, 0.027377193311130976
320, 60, -5.899999999999995, 1857, 0.021274082893301127
321, 48, -4.699999999999999, 1935, 0.20726075311434844
322, 55, -5.399999999999997, 1870, 0.025019439198124882
323, 55, -5.399999999999997, 1841, 0.024496717027485015
324, 51, -4.999999999999998, 1907, 0.2351981618608876
325, 54, -5.299999999999997, 1935, 0.2235157646303123
326, 59, -5.799999999999995, 1908, 0.18217800969309295
327, 63, -6.199999999999994, 1918, 0.019993937308152354
328, 58, -5.699999999999996, 1967, 0.026341306535920817
329, 53, -5.1999999999999975, 1973, 0.025445754325399417
330, 52, -5.099999999999998, 1923, 0.18841383342869067
331, 61, -5.999999999999995, 1990, 0.02514887012282707
332, 66, -6.499999999999993, 1981, 0.025763190139554304
333, 57, -5.599999999999996, 2013, 0.026614783381322615
334, 52, -5.099999999999998, 1965, 0.022024541035234435
335, 51, -4.999999999999998, 1935, 0.024143802875626452
336, 44, -4.300000000000001, 1994, 0.02469212507443319
337, 60, -5.899999999999995, 1952, 0.026199192081944545
338, 54, -5.299999999999997, 2001, 0.025096760333119805
339, 52, -5.099999999999998, 1997, 0.02762221125758013
340, 50, -4.899999999999999, 1974, 0.027774400293893997
341, 57, -5.599999999999996, 2048, 0.022095448419821917
342, 54, -5.299999999999997, 1970, 0.032092304907612945
343, 49, -4.799999999999999, 2081, 0.027180636669318803
344, 58, -5.699999999999996, 1995, 0.028372917612126014
345, 51, -4.999999999999998, 1979, 0.026089746115343315
346, 53, -5.1999999999999975, 2012, 0.2073842577084717
347, 64, -6.299999999999994, 1927, 0.21616818088301404
348, 50, -4.899999999999999, 1984, 0.02801009474057925
349, 55, -5.399999999999997, 1953, 0.03071628002492033
350, 43, -4.200000000000001, 2005, 0.0211987941321492
351, 58, -5.699999999999996, 2001, 0.025136381055669066
352, 54, -5.299999999999997, 2064, 0.025915602034563223
353, 59, -5.799999999999995, 2043, 0.02631697683897638
354, 69, -6.799999999999992, 2063, 0.025630994695294618
355, 55, -5.399999999999997, 2072, 0.025115115393313125
356, 48, -4.699999999999999, 2113, 0.22721547204645454
357, 62, -6.099999999999994, 2051, 0.18999598754550995
358, 51, -4.999999999999998, 2032, 0.1876279855072207
359, 61, -5.999999999999995, 2024, 0.02507858670459373
360, 64, -6.299999999999994, 2068, 0.053220567193379864
361, 59, -5.799999999999995, 2100, 0.02271572299246527
362, 57, -5.599999999999996, 2054, 0.024463886648003363
363, 52, -5.099999999999998, 2037, 0.022731607564978162
364, 65, -6.399999999999993, 2100, 0.05054307634291488
365, 62, -6.099999999999994, 2025, 0.02302041596135551
366, 52, -5.099999999999998, 2098, 0.02299218439877304
367, 46, -4.5, 2207, 0.2098316504793547
368, 54, -5.299999999999997, 2168, 0.02860552794739002
369, 58, -5.699999999999996, 2154, 0.026895236318792204
370, 54, -5.299999999999997, 2092, 0.023224779611425772
371, 54, -5.299999999999997, 2113, 0.029746979960040637
372, 48, -4.699999999999999, 2133, 0.030743156735417942
373, 47, -4.6, 2154, 0.026409041951702183
374, 46, -4.5, 2130, 0.024733720080967192
375, 51, -4.999999999999998, 2161, 0.02226152146278304
376, 59, -5.799999999999995, 2149, 0.20280859792387007
377, 54, -5.299999999999997, 2164, 0.19608170856597695
378, 51, -4.999999999999998, 2141, 0.026490949648846573
379, 63, -6.199999999999994, 2164, 0.048506825207859094
380, 55, -5.399999999999997, 2109, 0.024154148730131997
381, 52, -5.099999999999998, 2153, 0.027870643976465326
382, 55, -5.399999999999997, 2148, 0.024769781916720413
383, 54, -5.299999999999997, 2168, 0.023678795758418136
384, 68, -6.699999999999992, 2134, 0.02495518066113367
385, 51, -4.999999999999998, 2161, 0.027235317796302727
386, 51, -4.999999999999998, 2198, 0.02821953750599704
387, 48, -4.699999999999999, 2186, 0.21212695006510218
388, 66, -6.499999999999993, 2154, 0.022461373282649966
389, 56, -5.4999999999999964, 2224, 0.02584611040692364
390, 52, -5.099999999999998, 2174, 0.18948559005468368
391, 58, -5.699999999999996, 2220, 0.028220812887233493
392, 46, -4.5, 2278, 0.029147084187254813
393, 53, -5.1999999999999975, 2168, 0.22110005719344628
394, 55, -5.399999999999997, 2173, 0.03137447518731351
395, 54, -5.299999999999997, 2201, 0.17954311476783724
396, 60, -5.899999999999995, 2195, 0.024600806616061677
397, 62, -6.099999999999994, 2217, 0.025307575055793174
398, 60, -5.899999999999995, 2258, 0.026299973210794914
399, 55, -5.399999999999997, 2230, 0.02366014011192097
400, 67, -6.5999999999999925, 2203, 0.2066238113813248
401, 60, -5.899999999999995, 2299, 0.02783026490680962
402, 58, -5.699999999999996, 2237, 0.19269452917657892
403, 55, -5.399999999999997, 2219, 0.024867138623698715
404, 52, -5.099999999999998, 2246, 0.027125674949264322
405, 57, -5.599999999999996, 2243, 0.22912278688299814
406, 63, -6.199999999999994, 2242, 0.03387443541698576
407, 49, -4.799999999999999, 2327, 0.02693948742306551
408, 59, -5.799999999999995, 2231, 0.02225336032637748
409, 53, -5.1999999999999975, 2194, 0.01961599281134574
410, 75, -7.39999999999999, 2280, 0.02585606587271172
411, 61, -5.999999999999995, 2265, 0.06316692027684923
412, 54, -5.299999999999997, 2202, 0.02982262053846907
413, 61, -5.999999999999995, 2282, 0.22143801896437498
414, 56, -5.4999999999999964, 2387, 0.02451177082482714
415, 54, -5.299999999999997, 2274, 0.02033549457020989
416, 59, -5.799999999999995, 2280, 0.02271321937728743
417, 69, -6.799999999999992, 2299, 0.024560154524554068
418, 57, -5.599999999999996, 2358, 0.022981421657743528
419, 51, -4.999999999999998, 2375, 0.08173278261921046
420, 62, -6.099999999999994, 2346, 0.19603330139490716
421, 65, -6.399999999999993, 2293, 0.026181872637333514
422, 57, -5.599999999999996, 2343, 0.022855253078371607
423, 61, -5.999999999999995, 2331, 0.06416791729187077
424, 49, -4.799999999999999, 2310, 0.025424556514261898
425, 73, -7.19999999999999, 2316, 0.024765713998494032
426, 59, -5.799999999999995, 2333, 0.02372247659014448
427, 53, -5.1999999999999975, 2405, 0.16445916043371467
428, 57, -5.599999999999996, 2298, 0.21175122456943019
429, 66, -6.499999999999993, 2323, 0.1641601713694354
430, 53, -5.1999999999999975, 2317, 0.023308033720391697
431, 58, -5.699999999999996, 2309, 0.18447757200421755
432, 61, -5.999999999999995, 2374, 0.025612830639922812
433, 52, -5.099999999999998, 2406, 0.21997732785736557
434, 60, -5.899999999999995, 2333, 0.027406815092308356
435, 57, -5.599999999999996, 2401, 0.025195342758885575
436, 64, -6.299999999999994, 2322, 0.024872739373578145
437, 45, -4.4, 2428, 0.022481887789555732
438, 60, -5.899999999999995, 2518, 0.1544626177309958
439, 63, -6.199999999999994, 2423, 0.24248927560945255
440, 60, -5.899999999999995, 2372, 0.027223988250644093
441, 60, -5.899999999999995, 2406, 0.02909482406742603
442, 64, -6.299999999999994, 2400, 0.02887343619891336
443, 60, -5.899999999999995, 2372, 0.02147831783079468
444, 66, -6.499999999999993, 2431, 0.02156773918114485
445, 55, -5.399999999999997, 2386, 0.02018494664749171
446, 50, -4.899999999999999, 2422, 0.021862957673153605
447, 57, -5.599999999999996, 2359, 0.19170163160530573
448, 55, -5.399999999999997, 2366, 0.025285971310334165
449, 49, -4.799999999999999, 2471, 0.02616455545735752
450, 62, -6.099999999999994, 2421, 0.21962750630533234
451, 62, -6.099999999999994, 2450, 0.02904809197753866
452, 57, -5.599999999999996, 2404, 0.21694143195160764
453, 54, -5.299999999999997, 2446, 0.02538211638758492
454, 56, -5.4999999999999964, 2377, 0.18565107738100606
455, 57, -5.599999999999996, 2424, 0.02374431435410773
456, 57, -5.599999999999996, 2473, 0.021082550183149973
457, 62, -6.099999999999994, 2457, 0.0228118719202266
458, 52, -5.099999999999998, 2509, 0.02777318467126877
459, 46, -4.5, 2490, 0.026736374882724512
460, 68, -6.699999999999992, 2467, 0.023449532813478724
461, 56, -5.4999999999999964, 2533, 0.022135773482447274
462, 56, -5.4999999999999964, 2535, 0.02630467421875804
463, 54, -5.299999999999997, 2484, 0.21109144865476726
464, 59, -5.799999999999995, 2463, 0.026051051046320883
465, 62, -6.099999999999994, 2453, 0.02597403071839044
466, 50, -4.899999999999999, 2474, 0.0709352188626724
467, 58, -5.699999999999996, 2496, 0.024577248692162712
468, 61, -5.999999999999995, 2456, 0.21231709093179196
469, 51, -4.999999999999998, 2589, 0.17678312778462324
470, 62, -6.099999999999994, 2472, 0.023892418839023044
471, 43, -4.200000000000001, 2533, 0.026302895418183425
472, 63, -6.199999999999994, 2517, 0.02355486762871173
473, 54, -5.299999999999997, 2504, 0.026139468460791182
474, 62, -6.099999999999994, 2534, 0.027129230077724942
475, 55, -5.399999999999997, 2515, 0.022729104889686214
476, 57, -5.599999999999996, 2529, 0.02796217958527758
477, 48, -4.699999999999999, 2593, 0.024539213592316367
478, 58, -5.699999999999996, 2495, 0.02497084036056202
479, 54, -5.299999999999997, 2549, 0.025747561749416725
480, 49, -4.799999999999999, 2573, 0.02499545522603064
481, 57, -5.599999999999996, 2510, 0.023388495131019482
482, 49, -4.799999999999999, 2625, 0.23078708586545438
483, 55, -5.399999999999997, 2575, 0.02225319299468065
484, 65, -6.399999999999993, 2498, 0.02717212795983137
485, 59, -5.799999999999995, 2492, 0.02331586437642752
486, 55, -5.399999999999997, 2566, 0.0225333274929842
487, 52, -5.099999999999998, 2608, 0.028350413447843836
488, 64, -6.299999999999994, 2630, 0.190587965134557
489, 53, -5.1999999999999975, 2565, 0.02541038090923098
490, 55, -5.399999999999997, 2517, 0.023208829850006163
491, 53, -5.1999999999999975, 2565, 0.024041956773288797
492, 59, -5.799999999999995, 2571, 0.2253353385508854
493, 51, -4.999999999999998, 2548, 0.026710337235502646
494, 53, -5.1999999999999975, 2564, 0.22978353679868868
495, 60, -5.899999999999995, 2560, 0.022922911083639974
496, 52, -5.099999999999998, 2559, 0.15988328395663265
497, 54, -5.299999999999997, 2630, 0.025255721747526133
498, 51, -4.999999999999998, 2677, 0.026770745336024415
499, 63, -6.199999999999994, 2674, 0.02348916172692006
500, 56, -5.4999999999999964, 2687, 0.026788470998197367
501, 57, -5.599999999999996, 2884, 0.02352740580628021
502, 58, -5.699999999999996, 3104, 0.02442685919795834
503, 48, -4.699999999999999, 2899, 0.1550836610482138
504, 55, -5.399999999999997, 3080, 0.022782022484159614
505, 64, -6.299999999999994, 2853, 0.025612360204185336
506, 60, -5.899999999999995, 2668, 0.041792075249090344
507, 62, -6.099999999999994, 2690, 0.02273543990825022
508, 61, -5.999999999999995, 2618, 0.02689691018989504
509, 67, -6.5999999999999925, 2767, 0.023314594794189514
510, 62, -6.099999999999994, 2713, 0.025272591372840658
511, 66, -6.499999999999993, 2842, 0.02423706063893194
512, 68, -6.699999999999992, 2785, 0.23111733932956602
513, 62, -6.099999999999994, 2703, 0.028248031506009408
514, 52, -5.099999999999998, 2693, 0.2214596609348254
515, 60, -5.899999999999995, 2671, 0.026045183050140253
516, 59, -5.799999999999995, 2700, 0.024912338620715957
517, 50, -4.899999999999999, 2637, 0.027573539910390882
518, 51, -4.999999999999998, 2763, 0.024776619824095958
519, 54, -5.299999999999997, 3011, 0.020872004295209745
520, 49, -4.799999999999999, 3015, 0.02633822134361985
521, 53, -5.1999999999999975, 2779, 0.032749898174543324
522, 65, -6.399999999999993, 2716, 0.025437854571462498
523, 66, -6.499999999999993, 2859, 0.2349633118391754
524, 52, -5.099999999999998, 2776, 0.023185453849443594
525, 57, -5.599999999999996, 2742, 0.024076463780258184
526, 55, -5.399999999999997, 2817, 0.02578907179884249
527, 58, -5.699999999999996, 2869, 0.027146169430863176
528, 49, -4.799999999999999, 2817, 0.19250320032415758
529, 61, -5.999999999999995, 2751, 0.2053615575949228
530, 65, -6.399999999999993, 2731, 0.02531440217667691
531, 66, -6.499999999999993, 2851, 0.027776833909660237
532, 45, -4.4, 2737, 0.02486628879117947
533, 57, -5.599999999999996, 2735, 0.024962794936040922
534, 60, -5.899999999999995, 2916, 0.023876109722701044
535, 62, -6.099999999999994, 2777, 0.21450031513834245
536, 63, -6.199999999999994, 2812, 0.026870001662953502
537, 53, -5.1999999999999975, 2771, 0.024659538513642887
538, 56, -5.4999999999999964, 2801, 0.025565714140593387
539, 52, -5.099999999999998, 2757, 0.027395819056504234
540, 50, -4.899999999999999, 2839, 0.021254993650928533
541, 52, -5.099999999999998, 2758, 0.022030317208552364
542, 50, -4.899999999999999, 2931, 0.01995557460702102
543, 51, -4.999999999999998, 2958, 0.024770263052022123
544, 55, -5.399999999999997, 3025, 0.025725931491839438
545, 60, -5.899999999999995, 3101, 0.026684160769679388
546, 61, -5.999999999999995, 3382, 0.030791009536743408
547, 51, -4.999999999999998, 2920, 0.026674205926938366
548, 77, -7.599999999999989, 3429, 0.02624904690658636
549, 53, -5.1999999999999975, 2776, 0.026376379495561375
550, 56, -5.4999999999999964, 2906, 0.02228799060882114
551, 60, -5.899999999999995, 3273, 0.1821888828718463
552, 58, -5.699999999999996, 3335, 0.02592402398345639
553, 51, -4.999999999999998, 3044, 0.026496961596873814
554, 64, -6.299999999999994, 3094, 0.025895179485845077
555, 48, -4.699999999999999, 3081, 0.023203373143734884
556, 71, -6.999999999999991, 3171, 0.03942145151064924
557, 64, -6.299999999999994, 2898, 0.22333908129945312
558, 53, -5.1999999999999975, 3079, 0.023417269116791206
559, 59, -5.799999999999995, 2943, 0.16429834895181994
560, 62, -6.099999999999994, 3056, 0.025423908725843658
561, 55, -5.399999999999997, 4292, 0.2187700749531658
562, 58, -5.699999999999996, 3495, 0.02566611845958211
563, 64, -6.299999999999994, 3329, 0.023455381358552463
564, 57, -5.599999999999996, 3085, 0.21531628781073442
565, 62, -6.099999999999994, 3054, 0.17702116947412794
566, 59, -5.799999999999995, 3091, 0.1621108015834034
567, 64, -6.299999999999994, 2837, 0.025544337961588393
568, 51, -4.999999999999998, 2879, 0.024077320896562338
569, 59, -5.799999999999995, 2987, 0.059037917104012294
570, 70, -6.8999999999999915, 2950, 0.21837357612808939
571, 72, -7.099999999999991, 2927, 0.023626329336448038
572, 63, -6.199999999999994, 2878, 0.22320992952900154
573, 50, -4.899999999999999, 3104, 0.18781771487302956
574, 67, -6.5999999999999925, 2876, 0.02494471477640725
575, 65, -6.399999999999993, 2976, 0.029646393042694896
576, 58, -5.699999999999996, 2904, 0.02329326569861845
577, 50, -4.899999999999999, 2974, 0.027262862346035255
578, 50, -4.899999999999999, 2933, 0.026513155451170722
579, 61, -5.999999999999995, 2947, 0.026402913885837265
580, 66, -6.499999999999993, 2969, 0.02846645303090023
581, 52, -5.099999999999998, 2938, 0.023989031777956527
582, 51, -4.999999999999998, 2935, 0.19836481922891558
583, 46, -4.5, 3064, 0.019951836602179918
584, 55, -5.399999999999997, 2965, 0.02740958693629858
585, 51, -4.999999999999998, 2977, 0.19998722895294319
586, 51, -4.999999999999998, 3002, 0.21558020411478718
587, 48, -4.699999999999999, 2990, 0.22689074466242154
588, 60, -5.899999999999995, 2906, 0.025556133521127844
589, 49, -4.799999999999999, 3128, 0.02732677357755664
590, 59, -5.799999999999995, 3067, 0.22582831684307259
591, 47, -4.6, 3034, 0.028093588313456874
592, 55, -5.399999999999997, 2995, 0.21946782267417086
593, 56, -5.4999999999999964, 2940, 0.024023451975562216
594, 52, -5.099999999999998, 3094, 0.027525199362798736
595, 48, -4.699999999999999, 3331, 0.03157640743387369
596, 46, -4.5, 3217, 0.02382644346608065
597, 71, -6.999999999999991, 3322, 0.02363414738675229
598, 54, -5.299999999999997, 3176, 0.15820659182309615
599, 53, -5.1999999999999975, 3040, 0.027055884191676927
600, 61, -5.999999999999995, 2960, 0.027109424473469534
601, 55, -5.399999999999997, 3054, 0.18807286815339896
602, 60, -5.899999999999995, 2980, 0.022647397104441414
603, 61, -5.999999999999995, 2959, 0.026262649427579277
604, 43, -4.200000000000001, 3210, 0.027077656605601685
605, 58, -5.699999999999996, 2939, 0.020948069762124488
606, 50, -4.899999999999999, 3097, 0.2160118900497845
607, 62, -6.099999999999994, 3196, 0.024077699901542404
608, 55, -5.399999999999997, 3028, 0.02692749331220856
609, 50, -4.899999999999999, 3159, 0.06417211056021266
610, 56, -5.4999999999999964, 3146, 0.17324138610188244
611, 59, -5.799999999999995, 3090, 0.025821517031520802
612, 65, -6.399999999999993, 3416, 0.024569407080049732
613, 54, -5.299999999999997, 3156, 0.02611105971896399
614, 65, -6.399999999999993, 3320, 0.06743748307153963
615, 59, -5.799999999999995, 3276, 0.030312959769517978
616, 52, -5.099999999999998, 3391, 0.025556209971393518
617, 58, -5.699999999999996, 3293, 0.0231081996341973
618, 64, -6.299999999999994, 3324, 0.02497134703593601
619, 47, -4.6, 3158, 0.04188775069945727
620, 69, -6.799999999999992, 3392, 0.20654698284042805
621, 53, -5.1999999999999975, 3241, 0.02610291169852963
622, 51, -4.999999999999998, 3435, 0.03054930298005143
623, 64, -6.299999999999994, 3510, 0.17412147018270385
624, 49, -4.799999999999999, 3290, 0.020667053008861735
625, 65, -6.399999999999993, 3244, 0.02447573908823608
626, 61, -5.999999999999995, 3260, 0.023625698618571
627, 60, -5.899999999999995, 3169, 0.025188330757768274
628, 49, -4.799999999999999, 3183, 0.025280509894984204
629, 62, -6.099999999999994, 3114, 0.04345415563203581
630, 50, -4.899999999999999, 3072, 0.020501469192659272
631, 57, -5.599999999999996, 3150, 0.02331896119289545
632, 58, -5.699999999999996, 3198, 0.2224707088849569
633, 70, -6.8999999999999915, 3213, 0.026961366216834648
634, 52, -5.099999999999998, 3164, 0.029267832591081788
635, 53, -5.1999999999999975, 3243, 0.027599000189714396
636, 56, -5.4999999999999964, 3333, 0.02372815438379572
637, 59, -5.799999999999995, 3167, 0.0255688308864499
638, 48, -4.699999999999999, 3214, 0.022042469302816503
639, 55, -5.399999999999997, 3239, 0.0306519793604052
640, 54, -5.299999999999997, 3300, 0.03026179158729536
641, 63, -6.199999999999994, 3297, 0.027134868524384625
642, 56, -5.4999999999999964, 3193, 0.20216820946098624
643, 63, -6.199999999999994, 3204, 0.028214607975963757
644, 51, -4.999999999999998, 3303, 0.026482406358892263
645, 51, -4.999999999999998, 3463, 0.20803645239346458
646, 57, -5.599999999999996, 3445, 0.023917625323080838
647, 51, -4.999999999999998, 3379, 0.22614436268879934
648, 63, -6.199999999999994, 3367, 0.2137832808576967
649, 54, -5.299999999999997, 3413, 0.023694318445922846
650, 54, -5.299999999999997, 3232, 0.028176791071167884
651, 51, -4.999999999999998, 3215, 0.023928743081005344
652, 51, -4.999999999999998, 3341, 0.029078100616657165
653, 46, -4.5, 3311, 0.024136721654492765
654, 68, -6.699999999999992, 3291, 0.028186046504619755
655, 53, -5.1999999999999975, 3226, 0.023724375466786185
656, 59, -5.799999999999995, 3230, 0.1886632799415029
657, 52, -5.099999999999998, 3169, 0.028920661809248793
658, 58, -5.699999999999996, 3350, 0.18942501639433207
659, 55, -5.399999999999997, 3520, 0.16087242776967914
660, 54, -5.299999999999997, 3331, 0.02554872750386772
661, 52, -5.099999999999998, 3369, 0.024743847576738975
662, 51, -4.999999999999998, 3328, 0.02293213626667684
663, 44, -4.300000000000001, 3271, 0.02527798882329213
664, 50, -4.899999999999999, 3323, 0.026083010013434604
665, 43, -4.200000000000001, 3321, 0.024263425031820773
666, 48, -4.699999999999999, 3361, 0.025537109688485216
667, 49, -4.799999999999999, 3288, 0.02510539475362422
668, 61, -5.999999999999995, 3427, 0.19364729039694017
669, 63, -6.199999999999994, 3252, 0.16640537145178103
670, 59, -5.799999999999995, 3381, 0.20964933502112615
671, 68, -6.699999999999992, 3477, 0.02314094945991041
672, 61, -5.999999999999995, 3352, 0.02535980928838677
673, 48, -4.699999999999999, 3382, 0.05248518686177217
674, 55, -5.399999999999997, 3438, 0.08574426168352689
675, 71, -6.999999999999991, 3423, 0.02162551474023533
676, 63, -6.199999999999994, 3501, 0.025098500162116677
677, 53, -5.1999999999999975, 3297, 0.03884895231259522
678, 71, -6.999999999999991, 3331, 0.026374210384055408
679, 47, -4.6, 3338, 0.02527483579870915
680, 50, -4.899999999999999, 3541, 0.02430294634981056
681, 52, -5.099999999999998, 3538, 0.02804948190354095
682, 60, -5.899999999999995, 3541, 0.20213256318658557
683, 66, -6.499999999999993, 3443, 0.024188200449136665
684, 54, -5.299999999999997, 3392, 0.023190931624618383
685, 53, -5.1999999999999975, 3501, 0.1992743079512267
686, 50, -4.899999999999999, 3311, 0.027724917026354795
687, 50, -4.899999999999999, 3384, 0.032829045659656275
688, 69, -6.799999999999992, 3526, 0.032594219454642026
689, 71, -6.999999999999991, 3328, 0.024358458597668775
690, 64, -6.299999999999994, 3334, 0.02054499987448466
691, 51, -4.999999999999998, 3409, 0.032032218959117564
692, 63, -6.199999999999994, 3329, 0.025925254807520393
693, 46, -4.5, 3452, 0.02412618260977184
694, 48, -4.699999999999999, 3447, 0.02362885964750827
695, 60, -5.899999999999995, 3469, 0.022996968400949336
696, 63, -6.199999999999994, 3410, 0.21371827658434972
697, 66, -6.499999999999993, 3355, 0.027271332587022634
698, 72, -7.099999999999991, 3378, 0.2299621474260578
699, 49, -4.799999999999999, 3473, 0.02632569708460497
700, 62, -6.099999999999994, 3406, 0.02438836318829196
701, 61, -5.999999999999995, 3554, 0.02729566099160552
702, 55, -5.399999999999997, 3434, 0.02863086194275244
703, 50, -4.899999999999999, 3365, 0.028822406657954325
704, 57, -5.599999999999996, 3506, 0.021899864559965898
705, 62, -6.099999999999994, 3536, 0.02237483946080343
706, 53, -5.1999999999999975, 3531, 0.023129434360608547
707, 48, -4.699999999999999, 3674, 0.021927747138255738
708, 56, -5.4999999999999964, 3450, 0.05665355139668771
709, 52, -5.099999999999998, 3565, 0.029759257707901998
710, 61, -5.999999999999995, 3524, 0.03627106519294587
711, 48, -4.699999999999999, 3506, 0.024596798882353887
712, 58, -5.699999999999996, 3479, 0.026267025269926858
713, 52, -5.099999999999998, 3362, 0.2010849449230263
714, 62, -6.099999999999994, 3608, 0.2118485543376596
715, 43, -4.200000000000001, 3530, 0.2246830511339697
716, 49, -4.799999999999999, 3516, 0.023682564070402812
717, 61, -5.999999999999995, 3510, 0.16512864504346725
718, 59, -5.799999999999995, 3588, 0.02744202875539159
719, 57, -5.599999999999996, 3674, 0.025924880659711658
720, 56, -5.4999999999999964, 3423, 0.024475097903562393
721, 52, -5.099999999999998, 3542, 0.02635470389868766
722, 46, -4.5, 3527, 0.027173347211503662
723, 59, -5.799999999999995, 3558, 0.021854666702962433
724, 51, -4.999999999999998, 3444, 0.19600570102151993
725, 57, -5.599999999999996, 3484, 0.02691510086687976
726, 50, -4.899999999999999, 3587, 0.02388718718734406
727, 45, -4.4, 3586, 0.0285222262754119
728, 50, -4.899999999999999, 3660, 0.02447737826605878
729, 50, -4.899999999999999, 3598, 0.20250208083307597
730, 60, -5.899999999999995, 3544, 0.026021402297377705
731, 59, -5.799999999999995, 3704, 0.06602373431682418
732, 72, -7.099999999999991, 3628, 0.2099824899625098
733, 54, -5.299999999999997, 3665, 0.02345582856356576
734, 59, -5.799999999999995, 3708, 0.16551529834986356
735, 51, -4.999999999999998, 4041, 0.025342132466387557
736, 75, -7.39999999999999, 4219, 0.02853405501221412
737, 48, -4.699999999999999, 3862, 0.21835066725229968
738, 65, -6.399999999999993, 3641, 0.08414574793123775
739, 62, -6.099999999999994, 3666, 0.029957028066773805
740, 54, -5.299999999999997, 3532, 0.02605253683015707
741, 67, -6.5999999999999925, 3604, 0.024485115209367803
742, 59, -5.799999999999995, 3742, 0.21991222860601756
743, 51, -4.999999999999998, 3655, 0.029484945439983035
744, 48, -4.699999999999999, 3611, 0.022533861006578504
745, 54, -5.299999999999997, 3719, 0.023961461728100986
746, 52, -5.099999999999998, 3523, 0.2217771209446293
747, 57, -5.599999999999996, 3737, 0.02385366402812561
748, 53, -5.1999999999999975, 3815, 0.02581172238073437
749, 48, -4.699999999999999, 3598, 0.1785752535216898
750, 55, -5.399999999999997, 3660, 0.025015645920245966
751, 52, -5.099999999999998, 3768, 0.04653197640912943
752, 50, -4.899999999999999, 3760, 0.02991035329056091
753, 55, -5.399999999999997, 3661, 0.023628262680313927
754, 48, -4.699999999999999, 3678, 0.23567737228101482
755, 52, -5.099999999999998, 3699, 0.02278452636471795
756, 60, -5.899999999999995, 3714, 0.026325824896148653
757, 57, -5.599999999999996, 3610, 0.059734821978748576
758, 59, -5.799999999999995, 3698, 0.023041440904370214
759, 49, -4.799999999999999, 3831, 0.02535463082773859
760, 55, -5.399999999999997, 4141, 0.0338000219792689
761, 53, -5.1999999999999975, 3679, 0.026752475364000494
762, 46, -4.5, 3737, 0.21781658051687947
763, 56, -5.4999999999999964, 3728, 0.14997298274879833
764, 50, -4.899999999999999, 3675, 0.021985117720784597
765, 58, -5.699999999999996, 3609, 0.02577069910760521
766, 50, -4.899999999999999, 3597, 0.024641665027631543
767, 57, -5.599999999999996, 3703, 0.1961540894178615
768, 67, -6.5999999999999925, 3699, 0.21822331540198947
769, 51, -4.999999999999998, 3731, 0.02057753953841046
770, 69, -6.799999999999992, 3808, 0.13050707127058025
771, 69, -6.799999999999992, 3712, 0.02524958393162724
772, 64, -6.299999999999994, 3860, 0.022503453971775222
773, 59, -5.799999999999995, 3845, 0.029151871084294956
774, 61, -5.999999999999995, 3712, 0.022055847749190782
775, 64, -6.299999999999994, 3794, 0.028405921677624457
776, 49, -4.799999999999999, 3828, 0.02622151503625414
777, 42, -4.100000000000001, 3752, 0.028982107134599255
778, 75, -7.39999999999999, 3792, 0.025560466053286657
779, 57, -5.599999999999996, 3887, 0.024919375211693517
780, 51, -4.999999999999998, 3720, 0.20275004945990283
781, 55, -5.399999999999997, 3724, 0.023229191322276133
782, 48, -4.699999999999999, 3730, 0.024348931534803553
783, 55, -5.399999999999997, 3714, 0.031457450954947674
784, 56, -5.4999999999999964, 3793, 0.21343002560758495
785, 55, -5.399999999999997, 3827, 0.17867090001259633
786, 62, -6.099999999999994, 3980, 0.23105205905437431
787, 50, -4.899999999999999, 3766, 0.025997326466993598
788, 60, -5.899999999999995, 4289, 0.19606513007467896
789, 64, -6.299999999999994, 4395, 0.026751137254804033
790, 60, -5.899999999999995, 3763, 0.2213089335800258
791, 57, -5.599999999999996, 4012, 0.022734392798407388
792, 50, -4.899999999999999, 4788, 0.1550665880343387
793, 63, -6.199999999999994, 4309, 0.02381673618255231
794, 51, -4.999999999999998, 4102, 0.02666898381395244
795, 54, -5.299999999999997, 4114, 0.0494433914041279
796, 55, -5.399999999999997, 3717, 0.024397356694050742
797, 52, -5.099999999999998, 3780, 0.2114884656118874
798, 52, -5.099999999999998, 3990, 0.027452342745869274
799, 55, -5.399999999999997, 4161, 0.027883423444211297
800, 50, -4.899999999999999, 3713, 0.024987209279510703
801, 49, -4.799999999999999, 4296, 0.023184853321700505
802, 64, -6.299999999999994, 4062, 0.024774137600182766
803, 59, -5.799999999999995, 3995, 0.020494402273104395
804, 54, -5.299999999999997, 4267, 0.0371319693433807
805, 84, -8.299999999999986, 4244, 0.023818996697120287
806, 48, -4.699999999999999, 3967, 0.023729391437176783
807, 55, -5.399999999999997, 4033, 0.03213424239966933
808, 58, -5.699999999999996, 3853, 0.02653747543316376
809, 53, -5.1999999999999975, 3874, 0.021807275280838034
810, 47, -4.6, 3898, 0.028844592096267108
811, 59, -5.799999999999995, 3819, 0.021338175765952982
812, 51, -4.999999999999998, 3866, 0.02355970633161264
813, 59, -5.799999999999995, 3993, 0.025432608621971164
814, 56, -5.4999999999999964, 3871, 0.02212311817452095
815, 51, -4.999999999999998, 4148, 0.022545341769637517
816, 57, -5.599999999999996, 4074, 0.0625503333746158
817, 58, -5.699999999999996, 3940, 0.05638435794178198
818, 58, -5.699999999999996, 3968, 0.025474775643883785
819, 57, -5.599999999999996, 3961, 0.024206803688553657
820, 48, -4.699999999999999, 4055, 0.0265120939562955
821, 48, -4.699999999999999, 3931, 0.10516356849161435
822, 57, -5.599999999999996, 3921, 0.029481931846900178
823, 51, -4.999999999999998, 3908, 0.02508184680108605
824, 51, -4.999999999999998, 3895, 0.21541560149223526
825, 65, -6.399999999999993, 3982, 0.20031105046756537
826, 51, -4.999999999999998, 3970, 0.027582596874911713
827, 68, -6.699999999999992, 3919, 0.026448313353204078
828, 53, -5.1999999999999975, 3873, 0.0229884090763377
829, 63, -6.199999999999994, 3855, 0.02614487445748337
830, 58, -5.699999999999996, 3960, 0.0261976286664799
831, 52, -5.099999999999998, 3931, 0.02481079258707075
832, 53, -5.1999999999999975, 3919, 0.026618201335805836
833, 65, -6.399999999999993, 4395, 0.02683968891677191
834, 43, -4.200000000000001, 4363, 0.02425037791786777
835, 54, -5.299999999999997, 4218, 0.19388201924382198
836, 62, -6.099999999999994, 3973, 0.023862756669694618
837, 43, -4.200000000000001, 4165, 0.02549205260121523
838, 57, -5.599999999999996, 4076, 0.024988941157982447
839, 59, -5.799999999999995, 4140, 0.19621300634675087
840, 63, -6.199999999999994, 4024, 0.021668136939364535
841, 47, -4.6, 4003, 0.025431710468299062
842, 54, -5.299999999999997, 4082, 0.17532368563518475
843, 47, -4.6, 4038, 0.025338379183606596
844, 53, -5.1999999999999975, 4137, 0.023538135386399484
845, 58, -5.699999999999996, 4016, 0.021728080485851287
846, 73, -7.19999999999999, 4003, 0.02379393820776654
847, 52, -5.099999999999998, 3976, 0.022185144246293143
848, 58, -5.699999999999996, 3979, 0.026548229519349764
849, 63, -6.199999999999994, 4076, 0.026306859329835675
850, 56, -5.4999999999999964, 4190, 0.18915777525063415
851, 57, -5.599999999999996, 4042, 0.04559418068762788
852, 59, -5.799999999999995, 3919, 0.20686525340894057
853, 56, -5.4999999999999964, 4124, 0.02434320425821701
854, 52, -5.099999999999998, 4020, 0.025130462338325055
855, 53, -5.1999999999999975, 4056, 0.025384859238186896
856, 51, -4.999999999999998, 4022, 0.029772394903845978
857, 51, -4.999999999999998, 4050, 0.026689005103640362
858, 60, -5.899999999999995, 4012, 0.18832814290334987
859, 60, -5.899999999999995, 4124, 0.0278753300008292
860, 58, -5.699999999999996, 4055, 0.0279395035733232
861, 59, -5.799999999999995, 4040, 0.02330459991705469
862, 62, -6.099999999999994, 4088, 0.028493790670917507
863, 51, -4.999999999999998, 3965, 0.18601846102703012
864, 56, -5.4999999999999964, 4030, 0.021838313261836273
865, 48, -4.699999999999999, 4083, 0.21650137769531752
866, 60, -5.899999999999995, 4008, 0.15367036121405864
867, 53, -5.1999999999999975, 4007, 0.18548517497052064
868, 62, -6.099999999999994, 4119, 0.234101978932566
869, 62, -6.099999999999994, 4053, 0.02332332161746775
870, 63, -6.199999999999994, 4098, 0.22546894772314485
871, 62, -6.099999999999994, 4123, 0.02820363690714478
872, 54, -5.299999999999997, 4029, 0.023593217899378516
873, 48, -4.699999999999999, 4228, 0.02891564571193611
874, 63, -6.199999999999994, 4197, 0.2172904872121988
875, 64, -6.299999999999994, 4048, 0.02497814584070085
876, 46, -4.5, 4140, 0.02452649621560421
877, 57, -5.599999999999996, 4024, 0.025059816571783244
878, 54, -5.299999999999997, 4189, 0.032318982913987826
879, 49, -4.799999999999999, 4150, 0.20735114659934828
880, 56, -5.4999999999999964, 4186, 0.02377031068050872
881, 54, -5.299999999999997, 4199, 0.028909689602687916
882, 55, -5.399999999999997, 4101, 0.02154935288280313
883, 50, -4.899999999999999, 4150, 0.1961827535497278
884, 48, -4.699999999999999, 4132, 0.029737219907941315
885, 47, -4.6, 4132, 0.19001099743848604
886, 51, -4.999999999999998, 4274, 0.026287360632563983
887, 57, -5.599999999999996, 4200, 0.02450825054608896
888, 59, -5.799999999999995, 4311, 0.025852731127384954
889, 61, -5.999999999999995, 4290, 0.01968643660808178
890, 51, -4.999999999999998, 4179, 0.028765160542117307
891, 47, -4.6, 4169, 0.024253990744870002
892, 59, -5.799999999999995, 4216, 0.025796048299815078
893, 57, -5.599999999999996, 4154, 0.022452476378024167
894, 54, -5.299999999999997, 4237, 0.025127296970098634
895, 69, -6.799999999999992, 4085, 0.023708193569436098
896, 59, -5.799999999999995, 4168, 0.024637737535625703
897, 53, -5.1999999999999975, 4075, 0.025552110955111562
898, 58, -5.699999999999996, 4114, 0.19631977247173138
899, 65, -6.399999999999993, 4210, 0.05700857612103416
900, 52, -5.099999999999998, 4248, 0.0228720017429902
901, 50, -4.899999999999999, 4312, 0.025342642507641122
902, 70, -6.8999999999999915, 4139, 0.1858631791003882
903, 64, -6.299999999999994, 4335, 0.023522615269239378
904, 63, -6.199999999999994, 4308, 0.19625614240102784
905, 60, -5.899999999999995, 4254, 0.024249822895415774
906, 51, -4.999999999999998, 4191, 0.020701648032209086
907, 72, -7.099999999999991, 4286, 0.026928630073769
908, 49, -4.799999999999999, 4413, 0.20355674664327994
909, 58, -5.699999999999996, 4372, 0.06730053743411535
910, 48, -4.699999999999999, 4290, 0.022499376601170518
911, 63, -6.199999999999994, 4421, 0.033281243080426126
912, 55, -5.399999999999997, 4339, 0.027836185058813356
913, 56, -5.4999999999999964, 4276, 0.1936959686356019
914, 45, -4.4, 4332, 0.03158216447577478
915, 62, -6.099999999999994, 5054, 0.02642327345903278
916, 63, -6.199999999999994, 5193, 0.028044162014874363
917, 46, -4.5, 5150, 0.17917704040963
918, 55, -5.399999999999997, 5331, 0.02337098794450654
919, 52, -5.099999999999998, 4925, 0.024086121395022086
920, 57, -5.599999999999996, 4738, 0.024274758465658797
921, 63, -6.199999999999994, 4452, 0.021920003131885135
922, 48, -4.699999999999999, 4615, 0.1934584076919521
923, 63, -6.199999999999994, 4227, 0.026779081807095206
924, 55, -5.399999999999997, 4682, 0.025915929074463717
925, 57, -5.599999999999996, 4780, 0.21299375995128034
926, 63, -6.199999999999994, 4367, 0.18232553905599502
927, 65, -6.399999999999993, 4424, 0.02808044184075631
928, 56, -5.4999999999999964, 4598, 0.17871343028744668
929, 50, -4.899999999999999, 4647, 0.024380031449913353
930, 54, -5.299999999999997, 4845, 0.21028302771561513
931, 57, -5.599999999999996, 4539, 0.020370000411428002
932, 56, -5.4999999999999964, 4908, 0.22986869152984601
933, 71, -6.999999999999991, 4868, 0.027436474028804003
934, 48, -4.699999999999999, 4614, 0.02657670743056334
935, 54, -5.299999999999997, 4856, 0.21376547111340694
936, 67, -6.5999999999999925, 5044, 0.026559079367583394
937, 63, -6.199999999999994, 5301, 0.20452913315443366
938, 55, -5.399999999999997, 4719, 0.14839628185022136
939, 52, -5.099999999999998, 4526, 0.02225453930484944
940, 57, -5.599999999999996, 4680, 0.024062227745038633
941, 51, -4.999999999999998, 5020, 0.026911727208201786
942, 54, -5.299999999999997, 5378, 0.0255472978183498
943, 65, -6.399999999999993, 7090, 0.026443510006360138
944, 55, -5.399999999999997, 7509, 0.022443161147361668
945, 56, -5.4999999999999964, 6892, 0.027136680481055775
946, 59, -5.799999999999995, 4874, 0.022625502534961317
947, 46, -4.5, 5404, 0.025262524042926504
948, 54, -5.299999999999997, 4726, 0.026685670947106555
949, 61, -5.999999999999995, 5044, 0.023548218075641336
950, 57, -5.599999999999996, 4593, 0.024069045287744784
951, 51, -4.999999999999998, 4521, 0.02639531767658021
952, 55, -5.399999999999997, 4647, 0.23247092352803
953, 54, -5.299999999999997, 4829, 0.024038672973529573
954, 57, -5.599999999999996, 4566, 0.023094391949601834
955, 50, -4.899999999999999, 4908, 0.02774919278589727
956, 52, -5.099999999999998, 4738, 0.02971436912004366
957, 53, -5.1999999999999975, 5114, 0.023270637149085616
958, 49, -4.799999999999999, 4902, 0.02817801708608325
959, 52, -5.099999999999998, 5041, 0.02787112577899631
960, 62, -6.099999999999994, 4726, 0.030177073493465878
961, 54, -5.299999999999997, 4743, 0.02512528957428173
962, 48, -4.699999999999999, 4577, 0.02446323188919819
963, 64, -6.299999999999994, 4585, 0.02348776673498898
964, 73, -7.19999999999999, 4516, 0.02601833588574065
965, 55, -5.399999999999997, 4757, 0.02672304722598451
966, 55, -5.399999999999997, 5859, 0.19477654746361983
967, 59, -5.799999999999995, 5835, 0.22480994654318276
968, 58, -5.699999999999996, 8577, 0.024371248516647626
969, 50, -4.899999999999999, 8255, 0.02416174153234074
970, 55, -5.399999999999997, 4768, 0.023814624342731294
971, 53, -5.1999999999999975, 4782, 0.02312752076710478
972, 67, -6.5999999999999925, 4714, 0.1757299112365307
973, 62, -6.099999999999994, 4549, 0.02514125223050323
974, 52, -5.099999999999998, 5194, 0.023261186282889756
975, 57, -5.599999999999996, 5533, 0.024668476232268866
976, 57, -5.599999999999996, 5274, 0.027367686453794837
977, 58, -5.699999999999996, 5114, 0.0262324121246027
978, 62, -6.099999999999994, 5102, 0.02469069494066306
979, 56, -5.4999999999999964, 4600, 0.02525992046474257
980, 57, -5.599999999999996, 5222, 0.24817520782696745
981, 61, -5.999999999999995, 5009, 0.022959304639351474
982, 53, -5.1999999999999975, 5532, 0.22309511799163628
983, 58, -5.699999999999996, 4897, 0.023898808812843342
984, 44, -4.300000000000001, 5009, 0.02537601173141457
985, 60, -5.899999999999995, 4698, 0.024187941273104085
986, 54, -5.299999999999997, 4632, 0.025202948734589725
987, 67, -6.5999999999999925, 4637, 0.025811184067969117
988, 63, -6.199999999999994, 4547, 0.21658584534579362
989, 56, -5.4999999999999964, 4746, 0.02404859508444579
990, 61, -5.999999999999995, 5001, 0.022474158427154833
991, 59, -5.799999999999995, 5177, 0.025400963354188733
992, 68, -6.699999999999992, 4630, 0.18971446776800338
993, 69, -6.799999999999992, 4648, 0.022288726875529186
994, 60, -5.899999999999995, 4618, 0.027292352848130752
995, 54, -5.299999999999997, 4624, 0.02746367430627572
996, 54, -5.299999999999997, 4496, 0.02817105317304769
997, 52, -5.099999999999998, 4602, 0.22067501913047405
998, 49, -4.799999999999999, 4577, 0.022013368284552914
999, 63, -6.199999999999994, 4727, 0.024292950727587637
1000, 61, -5.999999999999995, 4504, 0.028422179025925365
