Episode, Steps, Reward, Time (in milliseconds), Convergence
1, 225, -22.40000000000005, 35, 0.6003
2, 225, -22.40000000000005, 35, 0.5967036026999999
3, 225, -22.40000000000005, 52, 0.11655124254266289
4, 225, -22.40000000000005, 57, 0.5946794042508607
5, 225, -22.40000000000005, 69, 0.5043250433533174
6, 225, -22.40000000000005, 91, 0.05723518942588934
7, 225, -22.40000000000005, 87, 0.5940550369780304
8, 225, -22.40000000000005, 94, 0.10392130586492909
9, 225, -22.40000000000005, 92, 0.5329980139764188
10, 225, -22.40000000000005, 85, 0.055401061769797755
11, 225, -22.40000000000005, 116, 0.57571257987859
12, 225, -22.40000000000005, 105, 0.057023515959000015
13, 225, -22.40000000000005, 116, 0.5930608970908025
14, 225, -22.40000000000005, 137, 0.05404305657600239
15, 225, -22.40000000000005, 115, 0.049906385086127325
16, 225, -22.40000000000005, 143, 0.054197364839926765
17, 225, -22.40000000000005, 134, 0.056595234939820604
18, 225, -22.40000000000005, 136, 0.05200178070762784
19, 225, -22.40000000000005, 137, 0.057288798641895955
20, 225, -22.40000000000005, 143, 0.06729542169012126
21, 225, -22.40000000000005, 145, 0.044784698473974816
22, 225, -22.40000000000005, 159, 0.055481140528589434
23, 225, -22.40000000000005, 164, 0.06151603397656169
24, 225, -22.40000000000005, 153, 0.053316034312051896
25, 225, -22.40000000000005, 164, 0.07788935610865677
26, 225, -22.40000000000005, 168, 0.05474987103627793
27, 225, -22.40000000000005, 180, 0.061590964120551206
28, 225, -22.40000000000005, 174, 0.07581983390856606
29, 225, -22.40000000000005, 170, 0.0565317183003371
30, 225, -22.40000000000005, 178, 0.34047699611557425
31, 225, -22.40000000000005, 190, 0.07676134401792642
32, 225, -22.40000000000005, 182, 0.05359382923515832
33, 225, -22.40000000000005, 177, 0.06430180038244848
34, 225, -22.40000000000005, 188, 0.04978042013331496
35, 225, -22.40000000000005, 200, 0.054665304000589554
36, 225, -22.40000000000005, 212, 0.501989856666835
37, 225, -22.40000000000005, 196, 0.06119131002026168
38, 225, -22.40000000000005, 205, 0.065644679834298
39, 225, -22.40000000000005, 211, 0.05976535753256518
40, 225, -22.40000000000005, 203, 0.048785949774065696
41, 225, -22.40000000000005, 233, 0.06041442874726677
42, 225, -22.40000000000005, 204, 0.085653543375281
43, 225, -22.40000000000005, 220, 0.5583940991306244
44, 225, -22.40000000000005, 205, 0.07463978140099592
45, 225, -22.40000000000005, 226, 0.06767145676325259
46, 225, -22.40000000000005, 240, 0.047987340162623404
47, 225, -22.40000000000005, 215, 0.06215712693796971
48, 225, -22.40000000000005, 238, 0.052087523692654125
49, 225, -22.40000000000005, 225, 0.054551685689236296
50, 225, -22.40000000000005, 223, 0.06887047514446931
51, 225, -22.40000000000005, 226, 0.05786943038778358
52, 225, -22.40000000000005, 242, 0.055742086554388726
53, 225, -22.40000000000005, 232, 0.061672956390413536
54, 225, -22.40000000000005, 233, 0.06637503985922266
55, 225, -22.40000000000005, 240, 0.05608267804323819
56, 225, -22.40000000000005, 247, 0.05278982776924712
57, 225, -22.40000000000005, 246, 0.09311823359572835
58, 225, -22.40000000000005, 241, 0.054782343246222
59, 225, -22.40000000000005, 244, 0.04976086291332171
60, 225, -22.40000000000005, 246, 0.07652240305595148
61, 225, -22.40000000000005, 240, 0.05849761887097271
62, 225, -22.40000000000005, 245, 0.5458145876806286
63, 225, -22.40000000000005, 253, 0.5844365218175545
64, 225, -22.40000000000005, 264, 0.07987362869283143
65, 225, -22.40000000000005, 248, 0.07395679158987145
66, 225, -22.40000000000005, 253, 0.05414231559305449
67, 225, -22.40000000000005, 257, 0.05885428081653887
68, 183, -18.19999999999999, 253, 0.0796940695642972
69, 225, -22.40000000000005, 260, 0.062323505453669825
70, 225, -22.40000000000005, 266, 0.09069889422551003
71, 202, -20.100000000000016, 266, 0.0908461857020868
72, 225, -22.40000000000005, 261, 0.08641853071814676
73, 225, -22.40000000000005, 275, 0.056349777064400586
74, 225, -22.40000000000005, 267, 0.05789099336547898
75, 225, -22.40000000000005, 278, 0.08941151003563208
76, 225, -22.40000000000005, 268, 0.06926046490915533
77, 225, -22.40000000000005, 263, 0.05610692118129679
78, 225, -22.40000000000005, 274, 0.08346932405614127
79, 121, -11.999999999999973, 279, 0.07267451843577843
80, 225, -22.40000000000005, 283, 0.07562978300397682
81, 225, -22.40000000000005, 270, 0.06716338994302484
82, 141, -13.999999999999966, 294, 0.05924990506468619
83, 225, -22.40000000000005, 295, 0.06270389306320201
84, 187, -18.599999999999994, 289, 0.06940678753941754
85, 225, -22.40000000000005, 288, 0.04350050653753934
86, 225, -22.40000000000005, 288, 0.07790130100858661
87, 225, -22.40000000000005, 298, 0.07247947131418653
88, 199, -19.80000000000001, 284, 0.07534258321700338
89, 87, -8.599999999999985, 280, 0.05784188819575453
90, 85, -8.399999999999986, 293, 0.09760333937530641
91, 225, -22.40000000000005, 291, 0.04961800173360231
92, 78, -7.699999999999989, 292, 0.07387675133292293
93, 225, -22.40000000000005, 284, 0.0670007666734751
94, 175, -17.399999999999977, 290, 0.057456803497253794
95, 225, -22.40000000000005, 298, 0.0725317247808567
96, 142, -14.099999999999966, 296, 0.08017607686018136
97, 225, -22.40000000000005, 285, 0.07017614716818366
98, 225, -22.40000000000005, 290, 0.07723813900874421
99, 152, -15.099999999999962, 300, 0.0561331416711387
100, 209, -20.800000000000026, 300, 0.06796414829420083
101, 225, -22.40000000000005, 301, 0.06107106591803102
102, 225, -22.40000000000005, 298, 0.06267225756163386
103, 84, -8.299999999999986, 302, 0.05722304429323333
104, 94, -9.299999999999983, 301, 0.054785319906894614
105, 63, -6.199999999999994, 300, 0.0687824127334098
106, 91, -8.999999999999984, 301, 0.059195890314639454
107, 225, -22.40000000000005, 313, 0.06387945500088565
108, 225, -22.40000000000005, 313, 0.07307819147172201
109, 197, -19.60000000000001, 306, 0.06320007979380193
110, 118, -11.699999999999974, 307, 0.09603834258495647
111, 94, -9.299999999999983, 312, 0.07071987550330844
112, 225, -22.40000000000005, 320, 0.07225825798658725
113, 70, -6.8999999999999915, 322, 0.062477329218947775
114, 77, -7.599999999999989, 314, 0.06172184695374394
115, 225, -22.40000000000005, 302, 0.07699296896713381
116, 64, -6.299999999999994, 306, 0.07188811543634843
117, 155, -15.399999999999961, 312, 0.07385453958619115
118, 225, -22.40000000000005, 314, 0.06835100613754308
119, 225, -22.40000000000005, 321, 0.08712835178156386
120, 159, -15.79999999999996, 314, 0.06378604451503056
121, 215, -21.400000000000034, 314, 0.06283842022124864
122, 225, -22.40000000000005, 315, 0.07096165187369996
123, 225, -22.40000000000005, 323, 0.0749578562179889
124, 108, -10.699999999999978, 336, 0.08135561242359196
125, 225, -22.40000000000005, 317, 0.08629760968753386
126, 225, -22.40000000000005, 315, 0.1231280105662691
127, 94, -9.299999999999983, 311, 0.07639362246890014
128, 225, -22.40000000000005, 326, 0.06810981155260198
129, 225, -22.40000000000005, 320, 0.08409752135761317
130, 111, -10.999999999999977, 318, 0.08253595118590962
131, 225, -22.40000000000005, 324, 0.0608678145789292
132, 85, -8.399999999999986, 323, 0.07839436946830936
133, 65, -6.399999999999993, 314, 0.06048266243270395
134, 52, -5.099999999999998, 325, 0.08150849865557619
135, 225, -22.40000000000005, 333, 0.10059199143373498
136, 62, -6.099999999999994, 329, 0.09414653652845084
137, 225, -22.40000000000005, 335, 0.07042498743667658
138, 225, -22.40000000000005, 333, 0.07461460035899596
139, 207, -20.600000000000023, 340, 0.06766139597815593
140, 166, -16.499999999999964, 339, 0.05657774170997154
141, 51, -4.999999999999998, 330, 0.08411383108313375
142, 225, -22.40000000000005, 330, 0.07255489143518301
143, 94, -9.299999999999983, 341, 0.11839985154658517
144, 49, -4.799999999999999, 332, 0.05320241453613628
145, 77, -7.599999999999989, 344, 0.06799847689707095
146, 64, -6.299999999999994, 333, 0.0734170082026111
147, 86, -8.499999999999986, 340, 0.07812664555056359
148, 71, -6.999999999999991, 333, 0.0669835606894873
149, 128, -12.69999999999997, 334, 0.07255805044809671
150, 83, -8.199999999999987, 350, 0.07390689967761621
151, 225, -22.40000000000005, 334, 0.0758865980886192
152, 114, -11.299999999999976, 357, 0.05846414864952232
153, 59, -5.799999999999995, 342, 0.0718197672732348
154, 54, -5.299999999999997, 338, 0.08986040774586002
155, 50, -4.899999999999999, 331, 0.06995057382507497
156, 67, -6.5999999999999925, 332, 0.0899772691531655
157, 64, -6.299999999999994, 338, 0.09065581013472881
158, 79, -7.799999999999988, 336, 0.074012187019452
159, 56, -5.4999999999999964, 338, 0.05887190108097462
160, 73, -7.19999999999999, 339, 0.08329607320592763
161, 57, -5.599999999999996, 331, 0.09425167113403465
162, 192, -19.1, 337, 0.07322074370363718
163, 225, -22.40000000000005, 341, 0.06088058587267353
164, 55, -5.399999999999997, 342, 0.07914764997712043
165, 75, -7.39999999999999, 343, 0.07804103008554653
166, 107, -10.599999999999978, 332, 0.05666520116509899
167, 55, -5.399999999999997, 349, 0.06187223354929028
168, 74, -7.29999999999999, 345, 0.08012636530983541
169, 56, -5.4999999999999964, 349, 0.07368436998492556
170, 225, -22.40000000000005, 347, 0.0932710310677376
171, 72, -7.099999999999991, 344, 0.0885037426628501
172, 65, -6.399999999999993, 338, 0.06406413043337311
173, 65, -6.399999999999993, 345, 0.07510926689721964
174, 81, -7.999999999999988, 353, 0.07506751781502605
175, 55, -5.399999999999997, 344, 0.05781304780221497
176, 62, -6.099999999999994, 355, 0.059843457304871395
177, 52, -5.099999999999998, 342, 0.07772636987288628
178, 64, -6.299999999999994, 350, 0.08553251237979814
179, 55, -5.399999999999997, 347, 0.08306811481208465
180, 70, -6.8999999999999915, 349, 0.09281424182918063
181, 67, -6.5999999999999925, 345, 0.05939041943576018
182, 69, -6.799999999999992, 350, 0.07365872936430073
183, 48, -4.699999999999999, 352, 0.04897936538944858
184, 225, -22.40000000000005, 348, 0.06336056600126971
185, 65, -6.399999999999993, 351, 0.09974969272550382
186, 48, -4.699999999999999, 346, 0.06476176002833212
187, 81, -7.999999999999988, 352, 0.10622932798647922
188, 225, -22.40000000000005, 364, 0.06352754254135551
189, 63, -6.199999999999994, 360, 0.05969661572513729
190, 75, -7.39999999999999, 358, 0.06137862100162794
191, 60, -5.899999999999995, 356, 0.07533237725793862
192, 63, -6.199999999999994, 354, 0.0639572680016931
193, 69, -6.799999999999992, 366, 0.060936212647556776
194, 108, -10.699999999999978, 359, 0.0702560681405826
195, 48, -4.699999999999999, 361, 0.07311180140384765
196, 60, -5.899999999999995, 355, 0.071301315676354
197, 100, -9.89999999999998, 367, 0.06884947755208093
198, 81, -7.999999999999988, 370, 0.07770605283145704
199, 76, -7.499999999999989, 363, 0.07978061024614469
200, 56, -5.4999999999999964, 363, 0.06147807411144812
201, 56, -5.4999999999999964, 378, 0.07544564528972975
202, 74, -7.29999999999999, 358, 0.06770110664488774
203, 71, -6.999999999999991, 356, 0.06369590147375936
204, 58, -5.699999999999996, 367, 0.0635085879760946
205, 66, -6.499999999999993, 353, 0.06650047424175454
206, 73, -7.19999999999999, 360, 0.06848537659246334
207, 49, -4.799999999999999, 365, 0.05725908258181167
208, 75, -7.39999999999999, 362, 0.07695972576173073
209, 67, -6.5999999999999925, 374, 0.05380158558718939
210, 59, -5.799999999999995, 359, 0.07156287925160232
211, 96, -9.499999999999982, 355, 0.05971722847107008
212, 45, -4.4, 364, 0.07436927572125918
213, 73, -7.19999999999999, 366, 0.08351959743007908
214, 80, -7.899999999999988, 377, 0.08472948780442757
215, 52, -5.099999999999998, 363, 0.06854659049523931
216, 51, -4.999999999999998, 382, 0.0801325766308596
217, 93, -9.199999999999983, 364, 0.08071414990112569
218, 60, -5.899999999999995, 369, 0.09453568039675009
219, 47, -4.6, 366, 0.06086662356239625
220, 47, -4.6, 375, 0.09634479165468157
221, 57, -5.599999999999996, 373, 0.06095381371090469
222, 48, -4.699999999999999, 372, 0.0671085248979233
223, 53, -5.1999999999999975, 372, 0.05494709837996803
224, 52, -5.099999999999998, 357, 0.07237765888896686
225, 72, -7.099999999999991, 367, 0.0815659941248672
226, 72, -7.099999999999991, 370, 0.0813338057641122
227, 47, -4.6, 372, 0.07108607119300969
228, 85, -8.399999999999986, 378, 0.07387182959655192
229, 62, -6.099999999999994, 374, 0.10240196991959705
230, 54, -5.299999999999997, 367, 0.06775533028431319
231, 56, -5.4999999999999964, 379, 0.05563225449887543
232, 62, -6.099999999999994, 374, 0.06688227921050971
233, 53, -5.1999999999999975, 371, 0.045298759393703536
234, 51, -4.999999999999998, 372, 0.05856139314671216
235, 54, -5.299999999999997, 376, 0.07039694443139377
236, 79, -7.799999999999988, 379, 0.07969845486826688
237, 57, -5.599999999999996, 379, 0.11108310960973355
238, 50, -4.899999999999999, 372, 0.09062683455381515
239, 52, -5.099999999999998, 381, 0.07519970131765397
240, 64, -6.299999999999994, 380, 0.06614893308249892
241, 67, -6.5999999999999925, 382, 0.07170789572992309
242, 56, -5.4999999999999964, 382, 0.07240207148747624
243, 51, -4.999999999999998, 375, 0.08308007161360609
244, 105, -10.399999999999979, 386, 0.0848157691166131
245, 79, -7.799999999999988, 378, 0.09747102247358197
246, 54, -5.299999999999997, 385, 0.08875586929648627
247, 58, -5.699999999999996, 379, 0.07158813236247052
248, 57, -5.599999999999996, 380, 0.05771149084453944
249, 60, -5.899999999999995, 380, 0.08715276032844788
250, 55, -5.399999999999997, 381, 0.0543811334000468
251, 45, -4.4, 368, 0.05568692424333799
252, 140, -13.899999999999967, 388, 0.05021163423348973
253, 57, -5.599999999999996, 392, 0.0811849356837826
254, 47, -4.6, 379, 0.07420763594230584
255, 64, -6.299999999999994, 382, 0.060999790736874226
256, 91, -8.999999999999984, 381, 0.0739546767176833
257, 128, -12.69999999999997, 387, 0.08262176075568162
258, 60, -5.899999999999995, 391, 0.08523453329733266
259, 60, -5.899999999999995, 380, 0.06049664271452482
260, 57, -5.599999999999996, 382, 0.05523920531585613
261, 51, -4.999999999999998, 382, 0.07856394271624068
262, 55, -5.399999999999997, 385, 0.07234357695205906
263, 61, -5.999999999999995, 390, 0.10749414474045205
264, 53, -5.1999999999999975, 396, 0.10099807317657894
265, 52, -5.099999999999998, 390, 0.07754810921548105
266, 54, -5.299999999999997, 396, 0.06040471037177175
267, 55, -5.399999999999997, 393, 0.059180798308757554
268, 61, -5.999999999999995, 393, 0.06214402819181686
269, 59, -5.799999999999995, 394, 0.09916129069885571
270, 49, -4.799999999999999, 388, 0.09166026272250383
271, 70, -6.8999999999999915, 390, 0.06968905103774037
272, 60, -5.899999999999995, 387, 0.06843310833862026
273, 48, -4.699999999999999, 391, 0.06087041053305198
274, 103, -10.19999999999998, 386, 0.08442826555208416
275, 63, -6.199999999999994, 384, 0.07783583639617864
276, 49, -4.799999999999999, 399, 0.08018221603174117
277, 44, -4.300000000000001, 391, 0.054717773598979225
278, 62, -6.099999999999994, 395, 0.05228170968353263
279, 47, -4.6, 402, 0.08221841759145512
280, 46, -4.5, 390, 0.059518053488943845
281, 55, -5.399999999999997, 406, 0.07599659197288045
282, 67, -6.5999999999999925, 396, 0.0759822540897328
283, 59, -5.799999999999995, 402, 0.05709138284361215
284, 58, -5.699999999999996, 393, 0.0630424381693793
285, 53, -5.1999999999999975, 390, 0.09202554653382711
286, 77, -7.599999999999989, 409, 0.08246118236527789
287, 52, -5.099999999999998, 394, 0.07908465623498234
288, 45, -4.4, 400, 0.06541689640088277
289, 63, -6.199999999999994, 399, 0.07294020185398065
290, 64, -6.299999999999994, 397, 0.08285745321392263
291, 83, -8.199999999999987, 408, 0.10119081804585045
292, 61, -5.999999999999995, 406, 0.07940041770715967
293, 61, -5.999999999999995, 396, 0.07049027577341205
294, 94, -9.299999999999983, 412, 0.06391223748878483
295, 62, -6.099999999999994, 406, 0.06702563316045829
296, 58, -5.699999999999996, 404, 0.06943735400734496
297, 49, -4.799999999999999, 391, 0.06879338642854682
298, 68, -6.699999999999992, 404, 0.07868334911920982
299, 61, -5.999999999999995, 403, 0.05053796702796598
300, 57, -5.599999999999996, 397, 0.07557344586835768
301, 54, -5.299999999999997, 409, 0.07558750914783996
302, 225, -22.40000000000005, 410, 0.07170760586610003
303, 47, -4.6, 407, 0.05835454324549738
304, 56, -5.4999999999999964, 405, 0.07380000146673504
305, 63, -6.199999999999994, 408, 0.0674479290426595
306, 103, -10.19999999999998, 403, 0.07585426620730384
307, 52, -5.099999999999998, 405, 0.08061326324260065
308, 63, -6.199999999999994, 403, 0.060015630104471196
309, 57, -5.599999999999996, 405, 0.07517548592817658
310, 49, -4.799999999999999, 407, 0.07708052727740489
311, 57, -5.599999999999996, 411, 0.06866147484581253
312, 58, -5.699999999999996, 415, 0.09197080522806789
313, 56, -5.4999999999999964, 414, 0.08343459826161359
314, 65, -6.399999999999993, 405, 0.055013592557630275
315, 52, -5.099999999999998, 410, 0.05602210618793002
316, 88, -8.699999999999985, 411, 0.0769119320491547
317, 45, -4.4, 418, 0.08813339449217628
318, 70, -6.8999999999999915, 417, 0.06514893383648468
319, 225, -22.40000000000005, 414, 0.06130869432605257
320, 59, -5.799999999999995, 414, 0.06635761646692728
321, 52, -5.099999999999998, 414, 0.09699948897727273
322, 51, -4.999999999999998, 409, 0.060645584139928044
323, 45, -4.4, 415, 0.06878535317725731
324, 80, -7.899999999999988, 409, 0.057490021269737346
325, 56, -5.4999999999999964, 417, 0.06695044735346745
326, 50, -4.899999999999999, 421, 0.08814036630609295
327, 46, -4.5, 415, 0.07236597127321126
328, 45, -4.4, 415, 0.09360247934048926
329, 54, -5.299999999999997, 415, 0.0705889319921893
330, 130, -12.89999999999997, 419, 0.06945432531986007
331, 73, -7.19999999999999, 419, 0.08088934780186396
332, 91, -8.999999999999984, 408, 0.0875311603508957
333, 51, -4.999999999999998, 421, 0.07145591989723576
334, 65, -6.399999999999993, 419, 0.09879760254484815
335, 54, -5.299999999999997, 413, 0.08028816164304597
336, 54, -5.299999999999997, 414, 0.07494761109278858
337, 74, -7.29999999999999, 419, 0.08348681817855785
338, 51, -4.999999999999998, 424, 0.13421891998756363
339, 57, -5.599999999999996, 418, 0.07881008840597947
340, 52, -5.099999999999998, 422, 0.09226070345852566
341, 68, -6.699999999999992, 416, 0.08662244866734259
342, 56, -5.4999999999999964, 419, 0.04414276525542182
343, 50, -4.899999999999999, 422, 0.09148406729264469
344, 52, -5.099999999999998, 418, 0.06327413132823811
345, 63, -6.199999999999994, 430, 0.0534674884186237
346, 51, -4.999999999999998, 422, 0.059525991886189566
347, 65, -6.399999999999993, 425, 0.08887214988221781
348, 65, -6.399999999999993, 412, 0.09219047620918674
349, 111, -10.999999999999977, 423, 0.07708875399200443
350, 56, -5.4999999999999964, 423, 0.06396112990771496
351, 57, -5.599999999999996, 431, 0.08748602077739842
352, 65, -6.399999999999993, 425, 0.08244645347256974
353, 51, -4.999999999999998, 432, 0.07241805676251212
354, 75, -7.39999999999999, 418, 0.07684987153186351
355, 67, -6.5999999999999925, 424, 0.0684095507542101
356, 78, -7.699999999999989, 427, 0.06426376327908456
357, 56, -5.4999999999999964, 432, 0.07673611688642068
358, 58, -5.699999999999996, 431, 0.052658918175953584
359, 72, -7.099999999999991, 439, 0.06653830301483837
360, 50, -4.899999999999999, 434, 0.06168418536031295
361, 47, -4.6, 430, 0.05881886653579821
362, 70, -6.8999999999999915, 450, 0.08098414153971945
363, 225, -22.40000000000005, 439, 0.0672996622601445
364, 55, -5.399999999999997, 426, 0.08042464611939809
365, 65, -6.399999999999993, 433, 0.07264690861429246
366, 57, -5.599999999999996, 432, 0.07965472210460467
367, 56, -5.4999999999999964, 433, 0.05509566052944059
368, 63, -6.199999999999994, 436, 0.04940557978384352
369, 74, -7.29999999999999, 438, 0.08116502733467934
370, 58, -5.699999999999996, 456, 0.07689601731091233
371, 76, -7.499999999999989, 445, 0.08305656099129788
372, 47, -4.6, 432, 0.0644287329947586
373, 59, -5.799999999999995, 433, 0.05688588327942751
374, 53, -5.1999999999999975, 443, 0.06859885872805149
375, 101, -9.99999999999998, 436, 0.06645669061232806
376, 65, -6.399999999999993, 448, 0.06279955490936118
377, 57, -5.599999999999996, 437, 0.08433733841158375
378, 55, -5.399999999999997, 442, 0.03734221715210673
379, 70, -6.8999999999999915, 444, 0.06231569321719643
380, 48, -4.699999999999999, 441, 0.07592235998162766
381, 47, -4.6, 440, 0.056156394330136195
382, 61, -5.999999999999995, 435, 0.05540404928519704
383, 84, -8.299999999999986, 440, 0.06108270089220191
384, 56, -5.4999999999999964, 436, 0.08812689303308474
385, 172, -17.099999999999973, 439, 0.0672119728604259
386, 63, -6.199999999999994, 452, 0.07024638704039698
387, 50, -4.899999999999999, 446, 0.06939306128645928
388, 75, -7.39999999999999, 452, 0.06840987235315898
389, 46, -4.5, 440, 0.07166081774719157
390, 53, -5.1999999999999975, 452, 0.0708788390826709
391, 57, -5.599999999999996, 442, 0.07401205835319868
392, 66, -6.499999999999993, 450, 0.07300684445453864
393, 66, -6.499999999999993, 442, 0.07705204447114689
394, 53, -5.1999999999999975, 444, 0.06012011383676219
395, 65, -6.399999999999993, 446, 0.0935926095315488
396, 60, -5.899999999999995, 439, 0.07302490407681905
397, 58, -5.699999999999996, 454, 0.08329222662432523
398, 61, -5.999999999999995, 445, 0.0666889347269417
399, 55, -5.399999999999997, 446, 0.0639066811199891
400, 54, -5.299999999999997, 451, 0.08220375460732077
401, 51, -4.999999999999998, 443, 0.08495719737711849
402, 44, -4.300000000000001, 453, 0.06928256483217998
403, 62, -6.099999999999994, 449, 0.07064445671736364
404, 67, -6.5999999999999925, 449, 0.06642310069186363
405, 58, -5.699999999999996, 442, 0.08838745981281848
406, 71, -6.999999999999991, 450, 0.10605515019608003
407, 58, -5.699999999999996, 449, 0.08108322081679908
408, 62, -6.099999999999994, 447, 0.06875193732573726
409, 49, -4.799999999999999, 455, 0.09100191551009917
410, 79, -7.799999999999988, 446, 0.060242633147171404
411, 68, -6.699999999999992, 456, 0.06471194128299584
412, 47, -4.6, 448, 0.08192679863286623
413, 64, -6.299999999999994, 458, 0.08616365734493736
414, 67, -6.5999999999999925, 455, 0.08450119383637236
415, 225, -22.40000000000005, 452, 0.058222993922844246
416, 72, -7.099999999999991, 454, 0.0675985711705902
417, 58, -5.699999999999996, 455, 0.07410139376680425
418, 55, -5.399999999999997, 447, 0.07387169478672329
419, 60, -5.899999999999995, 457, 0.044134682253731405
420, 91, -8.999999999999984, 448, 0.08118751987943074
421, 48, -4.699999999999999, 449, 0.06624952437270704
422, 71, -6.999999999999991, 452, 0.08503185712489003
423, 63, -6.199999999999994, 452, 0.0720602089155884
424, 47, -4.6, 460, 0.04792324432554884
425, 54, -5.299999999999997, 454, 0.05015395312920301
426, 57, -5.599999999999996, 457, 0.05613288338231048
427, 54, -5.299999999999997, 456, 0.1188820996406239
428, 49, -4.799999999999999, 462, 0.054692447715643855
429, 69, -6.799999999999992, 458, 0.0722083670557061
430, 50, -4.899999999999999, 469, 0.07845518565115703
431, 58, -5.699999999999996, 472, 0.08506667763819564
432, 62, -6.099999999999994, 467, 0.05892935718970316
433, 62, -6.099999999999994, 463, 0.08365432143853413
434, 144, -14.299999999999965, 465, 0.062461307037451785
435, 52, -5.099999999999998, 470, 0.07518986569441422
436, 62, -6.099999999999994, 468, 0.06611831576635473
437, 74, -7.29999999999999, 473, 0.06753583203571001
438, 126, -12.499999999999972, 470, 0.06608817482735718
439, 59, -5.799999999999995, 469, 0.07072451438239147
440, 53, -5.1999999999999975, 467, 0.053574379061303024
441, 59, -5.799999999999995, 463, 0.05705393583187668
442, 61, -5.999999999999995, 469, 0.08696168542544491
443, 57, -5.599999999999996, 470, 0.08092593947497084
444, 93, -9.199999999999983, 466, 0.07839187202859388
445, 61, -5.999999999999995, 471, 0.061311249671881646
446, 47, -4.6, 463, 0.07184500750791756
447, 55, -5.399999999999997, 465, 0.05828193184479513
448, 56, -5.4999999999999964, 474, 0.06521884139689715
449, 61, -5.999999999999995, 473, 0.06667777561038768
450, 55, -5.399999999999997, 466, 0.08365931371794189
451, 56, -5.4999999999999964, 474, 0.0775841157240999
452, 57, -5.599999999999996, 463, 0.07030335981687141
453, 57, -5.599999999999996, 463, 0.07465057588758062
454, 78, -7.699999999999989, 471, 0.09992106099875242
455, 45, -4.4, 470, 0.08037005752992332
456, 54, -5.299999999999997, 474, 0.07837707680793615
457, 54, -5.299999999999997, 475, 0.06683737002180479
458, 73, -7.19999999999999, 482, 0.07083793037202257
459, 68, -6.699999999999992, 469, 0.08045060147498162
460, 54, -5.299999999999997, 463, 0.0884662423025615
461, 60, -5.899999999999995, 468, 0.07802156814721073
462, 142, -14.099999999999966, 481, 0.08178657925222388
463, 50, -4.899999999999999, 474, 0.08604139402204103
464, 51, -4.999999999999998, 472, 0.06481929666242203
465, 63, -6.199999999999994, 469, 0.0920303293300857
466, 51, -4.999999999999998, 479, 0.0660840560060727
467, 64, -6.299999999999994, 466, 0.09509532747789162
468, 54, -5.299999999999997, 470, 0.07070399091667728
469, 49, -4.799999999999999, 471, 0.07254748361384844
470, 72, -7.099999999999991, 474, 0.04879239772828825
471, 76, -7.499999999999989, 479, 0.07804671175672395
472, 54, -5.299999999999997, 477, 0.051641157795287995
473, 60, -5.899999999999995, 470, 0.08238154682393543
474, 96, -9.499999999999982, 478, 0.08468213094202581
475, 56, -5.4999999999999964, 473, 0.07930513865802813
476, 86, -8.499999999999986, 480, 0.08159234349580236
477, 54, -5.299999999999997, 491, 0.07382464299789904
478, 67, -6.5999999999999925, 473, 0.10778443332206139
479, 106, -10.499999999999979, 480, 0.07432490172480355
480, 45, -4.4, 485, 0.0780854349386344
481, 48, -4.699999999999999, 493, 0.08093638733490316
482, 115, -11.399999999999975, 486, 0.0880711608542778
483, 73, -7.19999999999999, 489, 0.06215479580175032
484, 55, -5.399999999999997, 486, 0.08044610513941869
485, 65, -6.399999999999993, 483, 0.07433600118290484
486, 60, -5.899999999999995, 495, 0.06354079020079251
487, 80, -7.899999999999988, 494, 0.07861204349601236
488, 64, -6.299999999999994, 493, 0.07205604536849064
489, 102, -10.09999999999998, 488, 0.09005925953820404
490, 54, -5.299999999999997, 489, 0.07399517973482728
491, 56, -5.4999999999999964, 496, 0.06774092849367186
492, 72, -7.099999999999991, 477, 0.06685951036207638
493, 58, -5.699999999999996, 481, 0.04332777497293083
494, 62, -6.099999999999994, 484, 0.08587538985012122
495, 87, -8.599999999999985, 500, 0.04843620080058875
496, 91, -8.999999999999984, 479, 0.07256829145363897
497, 53, -5.1999999999999975, 492, 0.05963444283739805
498, 65, -6.399999999999993, 487, 0.06753702714576582
499, 65, -6.399999999999993, 492, 0.06752595927511185
500, 112, -11.099999999999977, 486, 0.06993284879015405
501, 52, -5.099999999999998, 479, 0.07783306618356789
502, 56, -5.4999999999999964, 488, 0.08386479866500318
503, 58, -5.699999999999996, 488, 0.06661735380987077
504, 59, -5.799999999999995, 493, 0.06294142523140822
505, 67, -6.5999999999999925, 489, 0.05239294696581043
506, 70, -6.8999999999999915, 482, 0.055865908765238004
507, 106, -10.499999999999979, 488, 0.05759740515037448
508, 54, -5.299999999999997, 486, 0.08164292705907367
509, 51, -4.999999999999998, 487, 0.06642160622537041
510, 64, -6.299999999999994, 486, 0.08212270543711053
511, 61, -5.999999999999995, 493, 0.07172246210029135
512, 67, -6.5999999999999925, 493, 0.07607371437538146
513, 55, -5.399999999999997, 486, 0.06407363091062845
514, 52, -5.099999999999998, 485, 0.06234877540260442
515, 49, -4.799999999999999, 498, 0.08059952320876285
516, 69, -6.799999999999992, 494, 0.06945690764308399
517, 52, -5.099999999999998, 486, 0.06132834237884577
518, 53, -5.1999999999999975, 496, 0.11118645509300806
519, 93, -9.199999999999983, 489, 0.0780745739322859
520, 59, -5.799999999999995, 495, 0.07367225495832119
521, 58, -5.699999999999996, 491, 0.05853981882558035
522, 72, -7.099999999999991, 496, 0.08769273834373648
523, 56, -5.4999999999999964, 494, 0.05844161977921214
524, 54, -5.299999999999997, 501, 0.0728422202332134
525, 57, -5.599999999999996, 487, 0.06539028802509056
526, 69, -6.799999999999992, 493, 0.05430506778177868
527, 114, -11.299999999999976, 488, 0.06159806159768655
528, 57, -5.599999999999996, 492, 0.08147915085897983
529, 71, -6.999999999999991, 496, 0.058389995090507574
530, 120, -11.899999999999974, 502, 0.07925274846579455
531, 55, -5.399999999999997, 498, 0.06591649421555479
532, 63, -6.199999999999994, 503, 0.08125871506879256
533, 57, -5.599999999999996, 494, 0.07229116399443125
534, 54, -5.299999999999997, 503, 0.10777497630375754
535, 62, -6.099999999999994, 496, 0.0979766009052548
536, 63, -6.199999999999994, 503, 0.08496489534525192
537, 53, -5.1999999999999975, 510, 0.06702788100991586
538, 52, -5.099999999999998, 511, 0.0748188897640506
539, 53, -5.1999999999999975, 517, 0.10383686113125856
540, 89, -8.799999999999985, 497, 0.08548903031237165
541, 60, -5.899999999999995, 509, 0.08748652701645643
542, 150, -14.899999999999963, 511, 0.0800784791209822
543, 62, -6.099999999999994, 501, 0.09630478764769523
544, 51, -4.999999999999998, 510, 0.07258922170259297
545, 63, -6.199999999999994, 506, 0.08864889398456122
546, 52, -5.099999999999998, 514, 0.059289407465857646
547, 53, -5.1999999999999975, 503, 0.0636186653111328
548, 55, -5.399999999999997, 502, 0.06640936075087445
549, 62, -6.099999999999994, 513, 0.07007938523468704
550, 51, -4.999999999999998, 518, 0.07441412745116871
551, 59, -5.799999999999995, 509, 0.070932718654104
552, 59, -5.799999999999995, 511, 0.05767537196773298
553, 66, -6.499999999999993, 511, 0.08056808360192314
554, 50, -4.899999999999999, 512, 0.08015655570772262
555, 60, -5.899999999999995, 508, 0.09271801454759876
556, 54, -5.299999999999997, 504, 0.061784632679570795
557, 63, -6.199999999999994, 520, 0.07103299699618759
558, 45, -4.4, 522, 0.056003128512486455
559, 64, -6.299999999999994, 511, 0.07612947270190046
560, 113, -11.199999999999976, 524, 0.0506528975790661
561, 65, -6.399999999999993, 511, 0.10984966566466947
562, 58, -5.699999999999996, 527, 0.09744047956636726
563, 71, -6.999999999999991, 510, 0.07425047487683356
564, 67, -6.5999999999999925, 511, 0.10513038878538294
565, 117, -11.599999999999975, 506, 0.06377782870082616
566, 47, -4.6, 514, 0.05416832159392038
567, 52, -5.099999999999998, 507, 0.06298612814452365
568, 53, -5.1999999999999975, 510, 0.0758046520037352
569, 54, -5.299999999999997, 520, 0.0665880213704344
570, 60, -5.899999999999995, 522, 0.06724387976230939
571, 52, -5.099999999999998, 515, 0.07363921222677194
572, 73, -7.19999999999999, 513, 0.04809242340991915
573, 66, -6.499999999999993, 515, 0.06800604542446065
574, 54, -5.299999999999997, 524, 0.07942390394726395
575, 65, -6.399999999999993, 518, 0.08502246193330265
576, 52, -5.099999999999998, 525, 0.0773967290826289
577, 59, -5.799999999999995, 532, 0.07184121177324965
578, 47, -4.6, 526, 0.09720770798876022
579, 56, -5.4999999999999964, 513, 0.06409352128949192
580, 47, -4.6, 529, 0.057096931714360644
581, 55, -5.399999999999997, 523, 0.06457344606708082
582, 53, -5.1999999999999975, 526, 0.09290421685171402
583, 52, -5.099999999999998, 518, 0.07852156281403655
584, 89, -8.799999999999985, 521, 0.06283510426277816
585, 63, -6.199999999999994, 522, 0.08501779715260682
586, 167, -16.599999999999966, 524, 0.06510048904010635
587, 47, -4.6, 530, 0.05173097519707026
588, 64, -6.299999999999994, 521, 0.09843020766747906
589, 53, -5.1999999999999975, 529, 0.07063797176028475
590, 53, -5.1999999999999975, 529, 0.0644394901160883
591, 60, -5.899999999999995, 520, 0.06771632758940882
592, 58, -5.699999999999996, 520, 0.07297991603461723
593, 60, -5.899999999999995, 527, 0.0648024504984328
594, 49, -4.799999999999999, 530, 0.065783725599879
595, 85, -8.399999999999986, 529, 0.07466666038051217
596, 64, -6.299999999999994, 532, 0.0910409053466551
597, 54, -5.299999999999997, 523, 0.05759454460833702
598, 62, -6.099999999999994, 528, 0.05967681996380492
599, 54, -5.299999999999997, 530, 0.09088255502981746
600, 71, -6.999999999999991, 534, 0.08866350607904527
601, 57, -5.599999999999996, 526, 0.08924133097426645
602, 51, -4.999999999999998, 527, 0.06678827905509177
603, 62, -6.099999999999994, 529, 0.055820101529700406
604, 59, -5.799999999999995, 534, 0.06779971182392242
605, 53, -5.1999999999999975, 535, 0.07066569156611646
606, 52, -5.099999999999998, 542, 0.06118841178031076
607, 48, -4.699999999999999, 546, 0.08180077756685744
608, 60, -5.899999999999995, 545, 0.07204435356610128
609, 71, -6.999999999999991, 536, 0.06322138724133097
610, 55, -5.399999999999997, 547, 0.053387034957655066
611, 49, -4.799999999999999, 540, 0.06291807611376288
612, 54, -5.299999999999997, 535, 0.06736821007110816
613, 64, -6.299999999999994, 536, 0.07179711058948879
614, 58, -5.699999999999996, 526, 0.06396576078590366
615, 52, -5.099999999999998, 561, 0.0671945844441817
616, 77, -7.599999999999989, 534, 0.08536478146643511
617, 141, -13.999999999999966, 530, 0.06547773423637743
618, 60, -5.899999999999995, 530, 0.0822160099074013
619, 47, -4.6, 542, 0.06857344733441972
620, 65, -6.399999999999993, 537, 0.0707531021764114
621, 86, -8.499999999999986, 541, 0.05442818727517751
622, 55, -5.399999999999997, 536, 0.08693029326058754
623, 62, -6.099999999999994, 539, 0.0770544705970091
624, 80, -7.899999999999988, 546, 0.06329720315169766
625, 63, -6.199999999999994, 533, 0.088869013671526
626, 105, -10.399999999999979, 539, 0.059232466799332695
627, 59, -5.799999999999995, 538, 0.0704607833395463
628, 60, -5.899999999999995, 553, 0.04860406912439891
629, 70, -6.8999999999999915, 547, 0.0697146580340503
630, 58, -5.699999999999996, 542, 0.07672222806821904
631, 47, -4.6, 538, 0.08318723393660404
632, 65, -6.399999999999993, 539, 0.07287136778591474
633, 66, -6.499999999999993, 538, 0.06930937788058866
634, 50, -4.899999999999999, 540, 0.08996265228296041
635, 57, -5.599999999999996, 548, 0.07720492190197126
636, 58, -5.699999999999996, 545, 0.09574056411109685
637, 124, -12.299999999999972, 546, 0.073327999760608
638, 52, -5.099999999999998, 547, 0.07250527091918091
639, 80, -7.899999999999988, 560, 0.07827946910067929
640, 72, -7.099999999999991, 559, 0.052010453704032455
641, 99, -9.799999999999981, 542, 0.054796861982725625
642, 81, -7.999999999999988, 545, 0.07230398776218228
643, 49, -4.799999999999999, 548, 0.07328503309052858
644, 62, -6.099999999999994, 551, 0.07470292379384169
645, 53, -5.1999999999999975, 556, 0.056223305609194085
646, 64, -6.299999999999994, 549, 0.10186943096025014
647, 52, -5.099999999999998, 531, 0.06322148317894216
648, 66, -6.499999999999993, 546, 0.0718107976044764
649, 71, -6.999999999999991, 555, 0.058922282557757555
650, 73, -7.19999999999999, 558, 0.060583136936152915
651, 54, -5.299999999999997, 545, 0.10742707916293937
652, 56, -5.4999999999999964, 560, 0.07768003168889986
653, 52, -5.099999999999998, 542, 0.09496638460155804
654, 66, -6.499999999999993, 563, 0.07185862227467599
655, 59, -5.799999999999995, 551, 0.07565546490508623
656, 63, -6.199999999999994, 552, 0.059711433819700344
657, 70, -6.8999999999999915, 545, 0.07627090032236872
658, 58, -5.699999999999996, 551, 0.09368926283543211
659, 52, -5.099999999999998, 554, 0.06877387198875007
660, 56, -5.4999999999999964, 549, 0.06694082692128145
661, 49, -4.799999999999999, 556, 0.05584647090501538
662, 60, -5.899999999999995, 551, 0.07126568584898796
663, 51, -4.999999999999998, 558, 0.06630037838330516
664, 71, -6.999999999999991, 560, 0.08610489587529369
665, 65, -6.399999999999993, 571, 0.06832845384702502
666, 53, -5.1999999999999975, 558, 0.05612226654945385
667, 80, -7.899999999999988, 553, 0.07874939069787301
668, 59, -5.799999999999995, 561, 0.08300926220182703
669, 54, -5.299999999999997, 549, 0.0686798357699192
670, 62, -6.099999999999994, 561, 0.06791909786711736
671, 74, -7.29999999999999, 560, 0.09373958747084285
672, 62, -6.099999999999994, 557, 0.07750979623361942
673, 52, -5.099999999999998, 550, 0.05795059863168395
674, 89, -8.799999999999985, 555, 0.05734600572397808
675, 60, -5.899999999999995, 556, 0.06447882352909051
676, 61, -5.999999999999995, 562, 0.0905410882159674
677, 73, -7.19999999999999, 566, 0.05676913001785033
678, 64, -6.299999999999994, 562, 0.05851985742421295
679, 62, -6.099999999999994, 562, 0.06627465816545974
680, 66, -6.499999999999993, 557, 0.09150788986043601
681, 88, -8.699999999999985, 563, 0.07412903142320548
682, 68, -6.699999999999992, 566, 0.07474873713125962
683, 57, -5.599999999999996, 554, 0.09237411343290702
684, 57, -5.599999999999996, 567, 0.069149965346472
685, 53, -5.1999999999999975, 561, 0.09266394801358557
686, 56, -5.4999999999999964, 558, 0.06656302390294067
687, 44, -4.300000000000001, 566, 0.06979119497734665
688, 56, -5.4999999999999964, 558, 0.07343312427643789
689, 60, -5.899999999999995, 561, 0.09899797942820077
690, 50, -4.899999999999999, 560, 0.0952099889740321
691, 53, -5.1999999999999975, 562, 0.08577393233019581
692, 57, -5.599999999999996, 570, 0.07531461567457187
693, 49, -4.799999999999999, 573, 0.093808773253994
694, 57, -5.599999999999996, 573, 0.06969651318825115
695, 64, -6.299999999999994, 569, 0.07698989505771214
696, 52, -5.099999999999998, 562, 0.05904177830863411
697, 76, -7.499999999999989, 563, 0.05886382882288793
698, 63, -6.199999999999994, 581, 0.08667173025392563
699, 66, -6.499999999999993, 571, 0.06821838643438971
700, 79, -7.799999999999988, 585, 0.08462424094995502
701, 53, -5.1999999999999975, 575, 0.09485246570424266
702, 50, -4.899999999999999, 572, 0.04974580027681341
703, 70, -6.8999999999999915, 569, 0.07263337869526731
704, 52, -5.099999999999998, 564, 0.0825116189406715
705, 46, -4.5, 576, 0.05974096384479122
706, 54, -5.299999999999997, 575, 0.06604235154751897
707, 54, -5.299999999999997, 587, 0.07090589109048384
708, 99, -9.799999999999981, 574, 0.07865699604581877
709, 62, -6.099999999999994, 571, 0.07974841966595725
710, 118, -11.699999999999974, 579, 0.07245674615536313
711, 64, -6.299999999999994, 576, 0.06602848461881616
712, 181, -17.999999999999986, 576, 0.0694501638900531
713, 54, -5.299999999999997, 572, 0.09354910389868248
714, 59, -5.799999999999995, 565, 0.07117565845896445
715, 140, -13.899999999999967, 584, 0.06219964558022517
716, 65, -6.399999999999993, 589, 0.08774983148492121
717, 108, -10.699999999999978, 582, 0.07897559765037387
718, 54, -5.299999999999997, 590, 0.042252029477733266
719, 43, -4.200000000000001, 596, 0.06386162309787125
720, 56, -5.4999999999999964, 589, 0.06803627832831338
721, 52, -5.099999999999998, 579, 0.04767604969978878
722, 52, -5.099999999999998, 583, 0.057278736134986685
723, 59, -5.799999999999995, 573, 0.09668556903175762
724, 86, -8.499999999999986, 584, 0.06221213725762942
725, 61, -5.999999999999995, 581, 0.06387223918809193
726, 58, -5.699999999999996, 572, 0.09940749249751946
727, 52, -5.099999999999998, 582, 0.07209283131776378
728, 60, -5.899999999999995, 595, 0.060816935562868046
729, 55, -5.399999999999997, 584, 0.07187166170309833
730, 225, -22.40000000000005, 574, 0.09873914112285798
731, 68, -6.699999999999992, 584, 0.09938616537616007
732, 54, -5.299999999999997, 573, 0.09796870226996868
733, 83, -8.199999999999987, 581, 0.07940157677689108
734, 50, -4.899999999999999, 582, 0.05509289075734891
735, 53, -5.1999999999999975, 585, 0.07677806690187472
736, 66, -6.499999999999993, 582, 0.08543559438209503
737, 60, -5.899999999999995, 578, 0.08034570205160829
738, 49, -4.799999999999999, 590, 0.05743822251730535
739, 59, -5.799999999999995, 595, 0.06530159063606211
740, 61, -5.999999999999995, 581, 0.07388097877014557
741, 66, -6.499999999999993, 591, 0.09198798785011066
742, 57, -5.599999999999996, 582, 0.0799989218466951
743, 52, -5.099999999999998, 589, 0.06726325902636324
744, 60, -5.899999999999995, 586, 0.06407501486069744
745, 74, -7.29999999999999, 586, 0.08469066794993618
746, 83, -8.199999999999987, 591, 0.0730527298453349
747, 69, -6.799999999999992, 591, 0.07223674721461038
748, 59, -5.799999999999995, 587, 0.10771708340923514
749, 58, -5.699999999999996, 602, 0.07639801439721217
750, 56, -5.4999999999999964, 594, 0.05899207668317663
751, 57, -5.599999999999996, 584, 0.06884227328580517
752, 59, -5.799999999999995, 593, 0.07974569771659157
753, 71, -6.999999999999991, 593, 0.10499456966874288
754, 55, -5.399999999999997, 583, 0.07909316622802054
755, 56, -5.4999999999999964, 594, 0.06500259381756013
756, 88, -8.699999999999985, 591, 0.07766159992794286
757, 53, -5.1999999999999975, 598, 0.06265183598617174
758, 54, -5.299999999999997, 600, 0.07810864912784787
759, 76, -7.499999999999989, 589, 0.05768367644820693
760, 56, -5.4999999999999964, 588, 0.07503963544708059
761, 50, -4.899999999999999, 595, 0.07856110021826512
762, 51, -4.999999999999998, 596, 0.04893230784549507
763, 62, -6.099999999999994, 592, 0.061245641834306364
764, 55, -5.399999999999997, 600, 0.07942800861774124
765, 64, -6.299999999999994, 601, 0.07961190394789841
766, 57, -5.599999999999996, 610, 0.06471351905460565
767, 68, -6.699999999999992, 601, 0.09307295502919244
768, 53, -5.1999999999999975, 603, 0.07143897038875213
769, 52, -5.099999999999998, 605, 0.06427271279918356
770, 55, -5.399999999999997, 604, 0.07358650152647583
771, 62, -6.099999999999994, 597, 0.05550338774355046
772, 61, -5.999999999999995, 598, 0.07491818497004754
773, 50, -4.899999999999999, 605, 0.059210670082250116
774, 60, -5.899999999999995, 606, 0.07506202505671361
775, 55, -5.399999999999997, 600, 0.08039325980035494
776, 56, -5.4999999999999964, 599, 0.06088077233697864
777, 55, -5.399999999999997, 612, 0.06019503482595345
778, 46, -4.5, 616, 0.06587427316595074
779, 53, -5.1999999999999975, 610, 0.07074100143443518
780, 51, -4.999999999999998, 602, 0.09480853254037935
781, 107, -10.599999999999978, 613, 0.07326307676249133
782, 51, -4.999999999999998, 607, 0.10707754139603498
783, 63, -6.199999999999994, 604, 0.0712556841620926
784, 70, -6.8999999999999915, 602, 0.06285414922448185
785, 64, -6.299999999999994, 610, 0.06758100913812284
786, 49, -4.799999999999999, 610, 0.07552645908134781
787, 60, -5.899999999999995, 604, 0.07256956135243281
788, 47, -4.6, 603, 0.06512306358779885
789, 69, -6.799999999999992, 605, 0.06917530881915335
790, 68, -6.699999999999992, 613, 0.07607568610037774
791, 66, -6.499999999999993, 612, 0.08885888443833334
792, 61, -5.999999999999995, 610, 0.05569179263431079
793, 64, -6.299999999999994, 604, 0.07140318404951798
794, 51, -4.999999999999998, 609, 0.05966995613011106
795, 61, -5.999999999999995, 611, 0.09525760127011557
796, 47, -4.6, 618, 0.07880695747950761
797, 51, -4.999999999999998, 599, 0.05567596691854115
798, 49, -4.799999999999999, 611, 0.06483350866170978
799, 129, -12.79999999999997, 606, 0.06339229088959897
800, 61, -5.999999999999995, 601, 0.06638289710828929
801, 71, -6.999999999999991, 612, 0.0706904264362409
802, 65, -6.399999999999993, 603, 0.07097773917636169
803, 54, -5.299999999999997, 620, 0.052561812719258416
804, 62, -6.099999999999994, 616, 0.08114916677902084
805, 84, -8.299999999999986, 621, 0.08572646811777673
806, 56, -5.4999999999999964, 614, 0.08364782650311131
807, 60, -5.899999999999995, 616, 0.07933484341984154
808, 56, -5.4999999999999964, 623, 0.08081894820477853
809, 64, -6.299999999999994, 617, 0.0842104721535466
810, 65, -6.399999999999993, 609, 0.07151199372229677
811, 50, -4.899999999999999, 623, 0.06050226966029393
812, 48, -4.699999999999999, 618, 0.04276076842603915
813, 63, -6.199999999999994, 623, 0.0851741759290241
814, 72, -7.099999999999991, 618, 0.06427720625653999
815, 49, -4.799999999999999, 625, 0.05974011896069098
816, 62, -6.099999999999994, 626, 0.05417559001751271
817, 54, -5.299999999999997, 623, 0.05776224389925533
818, 55, -5.399999999999997, 621, 0.09155574021389934
819, 53, -5.1999999999999975, 621, 0.07289206678944948
820, 62, -6.099999999999994, 624, 0.07488552941805615
821, 61, -5.999999999999995, 612, 0.08615066031373086
822, 85, -8.399999999999986, 631, 0.08251462693515288
823, 53, -5.1999999999999975, 621, 0.08319420155726043
824, 78, -7.699999999999989, 617, 0.08332055337612645
825, 58, -5.699999999999996, 622, 0.0495207307820682
826, 72, -7.099999999999991, 617, 0.06959782789933633
827, 57, -5.599999999999996, 618, 0.07960239547746806
828, 64, -6.299999999999994, 622, 0.06785217918657027
829, 46, -4.5, 619, 0.06198365950700735
830, 64, -6.299999999999994, 622, 0.05622715918339566
831, 70, -6.8999999999999915, 621, 0.06607325266834074
832, 122, -12.099999999999973, 624, 0.0616828823150386
833, 57, -5.599999999999996, 618, 0.09434775794022565
834, 57, -5.599999999999996, 622, 0.057229626783957155
835, 59, -5.799999999999995, 624, 0.06452833524216972
836, 65, -6.399999999999993, 626, 0.06813006346871586
837, 46, -4.5, 621, 0.0770537314514248
838, 90, -8.899999999999984, 624, 0.07927381143402501
839, 68, -6.699999999999992, 626, 0.047009174164802214
840, 73, -7.19999999999999, 628, 0.05889017192914903
841, 52, -5.099999999999998, 622, 0.08206645387352074
842, 225, -22.40000000000005, 629, 0.08444560678227975
843, 72, -7.099999999999991, 625, 0.07829525479575405
844, 61, -5.999999999999995, 629, 0.07382813894724582
845, 46, -4.5, 625, 0.0825862411721309
846, 58, -5.699999999999996, 628, 0.06223814973633979
847, 62, -6.099999999999994, 621, 0.0683057334667474
848, 47, -4.6, 630, 0.08036411000903287
849, 90, -8.899999999999984, 632, 0.045004014140234694
850, 59, -5.799999999999995, 633, 0.057224062977557555
851, 65, -6.399999999999993, 635, 0.07172266982975728
852, 57, -5.599999999999996, 638, 0.06771243905405089
853, 46, -4.5, 627, 0.0756121306623872
854, 46, -4.5, 638, 0.08154790961993319
855, 61, -5.999999999999995, 632, 0.048688773802673335
856, 55, -5.399999999999997, 635, 0.08293607162442987
857, 61, -5.999999999999995, 631, 0.07380998700247421
858, 225, -22.40000000000005, 635, 0.07447293218547801
859, 58, -5.699999999999996, 625, 0.05992300962692898
860, 52, -5.099999999999998, 631, 0.06172891348539894
861, 67, -6.5999999999999925, 645, 0.0606359418338997
862, 55, -5.399999999999997, 631, 0.08192006592697032
863, 106, -10.499999999999979, 631, 0.1117121944248618
864, 70, -6.8999999999999915, 629, 0.07260890532373221
865, 48, -4.699999999999999, 638, 0.051946300212795005
866, 45, -4.4, 644, 0.07639611239861943
867, 47, -4.6, 654, 0.08541674838545354
868, 58, -5.699999999999996, 643, 0.07079549342528457
869, 56, -5.4999999999999964, 641, 0.07125494288979728
870, 51, -4.999999999999998, 649, 0.0886117516458339
871, 65, -6.399999999999993, 642, 0.05875381604505436
872, 57, -5.599999999999996, 647, 0.09235233826034284
873, 60, -5.899999999999995, 652, 0.06709142620850517
874, 51, -4.999999999999998, 647, 0.05191453757600817
875, 56, -5.4999999999999964, 650, 0.07475039315890641
876, 62, -6.099999999999994, 642, 0.08708231980494396
877, 56, -5.4999999999999964, 643, 0.07955188011123926
878, 49, -4.799999999999999, 645, 0.06466831639541049
879, 146, -14.499999999999964, 641, 0.07623883249422603
880, 56, -5.4999999999999964, 646, 0.08120734447353106
881, 215, -21.400000000000034, 650, 0.05773136370718723
882, 65, -6.399999999999993, 639, 0.06144191193935278
883, 53, -5.1999999999999975, 646, 0.10276334331553905
884, 68, -6.699999999999992, 649, 0.0732528907605936
885, 53, -5.1999999999999975, 644, 0.054344360931261715
886, 51, -4.999999999999998, 654, 0.11681572219323955
887, 67, -6.5999999999999925, 647, 0.054085567258057576
888, 63, -6.199999999999994, 646, 0.098299575200828
889, 58, -5.699999999999996, 646, 0.07404706046738063
890, 56, -5.4999999999999964, 648, 0.0634492681453982
891, 66, -6.499999999999993, 640, 0.08231848383586382
892, 45, -4.4, 646, 0.08547700746767806
893, 53, -5.1999999999999975, 649, 0.0688603184206702
894, 48, -4.699999999999999, 647, 0.07517402233244308
895, 62, -6.099999999999994, 645, 0.07747934204785462
896, 60, -5.899999999999995, 644, 0.08118913308414755
897, 63, -6.199999999999994, 650, 0.07718241929292491
898, 57, -5.599999999999996, 652, 0.05579952055574111
899, 50, -4.899999999999999, 641, 0.07559596773390087
900, 67, -6.5999999999999925, 646, 0.07845643555372295
901, 49, -4.799999999999999, 656, 0.058319694093983965
902, 56, -5.4999999999999964, 658, 0.07987060078667563
903, 103, -10.19999999999998, 649, 0.06259661622909807
904, 49, -4.799999999999999, 651, 0.08650984515155569
905, 46, -4.5, 649, 0.08028374909238467
906, 54, -5.299999999999997, 657, 0.07845799350169469
907, 49, -4.799999999999999, 652, 0.07019931278824032
908, 53, -5.1999999999999975, 660, 0.08584998114249809
909, 52, -5.099999999999998, 655, 0.06305292464262391
910, 54, -5.299999999999997, 658, 0.08584568008039417
911, 69, -6.799999999999992, 656, 0.07167892463212988
912, 69, -6.799999999999992, 653, 0.07687897049050285
913, 60, -5.899999999999995, 658, 0.09664624557940282
914, 55, -5.399999999999997, 648, 0.06318580096331416
915, 74, -7.29999999999999, 658, 0.06032578985030623
916, 55, -5.399999999999997, 663, 0.05985316383520156
917, 46, -4.5, 656, 0.08193674190303912
918, 56, -5.4999999999999964, 665, 0.07356526965610932
919, 50, -4.899999999999999, 662, 0.07376101781563349
920, 55, -5.399999999999997, 649, 0.5636711462968422
921, 86, -8.499999999999986, 651, 0.06319085312749784
922, 51, -4.999999999999998, 662, 0.07261407125789837
923, 42, -4.100000000000001, 659, 0.08439018447227908
924, 44, -4.300000000000001, 661, 0.05939774941467446
925, 71, -6.999999999999991, 664, 0.09910551629933728
926, 54, -5.299999999999997, 657, 0.05649389225027335
927, 49, -4.799999999999999, 657, 0.0839802082978991
928, 128, -12.69999999999997, 661, 0.06885854944362357
929, 90, -8.899999999999984, 658, 0.07780138191707708
930, 79, -7.799999999999988, 657, 0.07866822331812817
931, 70, -6.8999999999999915, 662, 0.06179313537775655
932, 56, -5.4999999999999964, 658, 0.05138330967418314
933, 62, -6.099999999999994, 661, 0.0733431028864644
934, 63, -6.199999999999994, 665, 0.11499030838317204
935, 52, -5.099999999999998, 662, 0.05741849250563957
936, 106, -10.499999999999979, 660, 0.07937193512385043
937, 51, -4.999999999999998, 662, 0.0764713259614872
938, 62, -6.099999999999994, 670, 0.057694517574913284
939, 50, -4.899999999999999, 664, 0.05668231715117544
940, 64, -6.299999999999994, 671, 0.04791814349061241
941, 61, -5.999999999999995, 680, 0.0469154764161952
942, 71, -6.999999999999991, 668, 0.0639077446183085
943, 54, -5.299999999999997, 675, 0.056801746140172416
944, 55, -5.399999999999997, 662, 0.07864665160414486
945, 55, -5.399999999999997, 672, 0.07451596602321153
946, 54, -5.299999999999997, 681, 0.07049022736744481
947, 53, -5.1999999999999975, 671, 0.0748994611130005
948, 50, -4.899999999999999, 675, 0.04880424769413505
949, 66, -6.499999999999993, 678, 0.060351690938861946
950, 75, -7.39999999999999, 665, 0.08538608526676014
951, 72, -7.099999999999991, 675, 0.07729221032041478
952, 78, -7.699999999999989, 680, 0.07297206404008016
953, 53, -5.1999999999999975, 671, 0.06269659627019486
954, 62, -6.099999999999994, 680, 0.059757749605026333
955, 64, -6.299999999999994, 685, 0.0797350202840672
956, 52, -5.099999999999998, 681, 0.07018117003590918
957, 61, -5.999999999999995, 685, 0.08980099905602046
958, 54, -5.299999999999997, 681, 0.06977282782931904
959, 45, -4.4, 670, 0.06660121999537894
960, 69, -6.799999999999992, 672, 0.07346058576735404
961, 62, -6.099999999999994, 677, 0.08526101931836383
962, 63, -6.199999999999994, 685, 0.06855316131032607
963, 53, -5.1999999999999975, 686, 0.061054037776102854
964, 73, -7.19999999999999, 684, 0.08269153399367157
965, 56, -5.4999999999999964, 687, 0.06606932555827516
966, 48, -4.699999999999999, 682, 0.061482572872257446
967, 62, -6.099999999999994, 681, 0.06032073285565609
968, 169, -16.79999999999997, 686, 0.06499424866719794
969, 56, -5.4999999999999964, 676, 0.07384929983213473
970, 54, -5.299999999999997, 679, 0.06371022269813054
971, 60, -5.899999999999995, 690, 0.0754558261702929
972, 55, -5.399999999999997, 672, 0.056973240177169426
973, 58, -5.699999999999996, 689, 0.06630342569281722
974, 58, -5.699999999999996, 687, 0.08497101842255772
975, 56, -5.4999999999999964, 686, 0.06000726413270574
976, 52, -5.099999999999998, 690, 0.07545844252010347
977, 55, -5.399999999999997, 680, 0.06966581197533772
978, 62, -6.099999999999994, 674, 0.09958501457952967
979, 126, -12.499999999999972, 682, 0.06062653300611359
980, 77, -7.599999999999989, 680, 0.08314851187274153
981, 68, -6.699999999999992, 682, 0.06319823749414266
982, 54, -5.299999999999997, 689, 0.07586966158350039
983, 68, -6.699999999999992, 683, 0.07135060937849258
984, 66, -6.499999999999993, 679, 0.06261242415502588
985, 58, -5.699999999999996, 688, 0.07234874838138983
986, 64, -6.299999999999994, 683, 0.06145558310878618
987, 52, -5.099999999999998, 677, 0.0853577893908879
988, 69, -6.799999999999992, 687, 0.09880639912166034
989, 79, -7.799999999999988, 682, 0.08658470694194814
990, 93, -9.199999999999983, 679, 0.07531136509282899
991, 94, -9.299999999999983, 679, 0.05012722254627544
992, 67, -6.5999999999999925, 692, 0.08064883545387447
993, 55, -5.399999999999997, 685, 0.08708037973980975
994, 53, -5.1999999999999975, 696, 0.06674744732466475
995, 53, -5.1999999999999975, 691, 0.08198622445415238
996, 56, -5.4999999999999964, 694, 0.08984615313398825
997, 54, -5.299999999999997, 705, 0.11231125506731932
998, 59, -5.799999999999995, 698, 0.06798661868030798
999, 53, -5.1999999999999975, 689, 0.09386210351639512
1000, 138, -13.699999999999967, 695, 0.0437983574458074
