Episode, Steps, Reward, Time (in milliseconds), Convergence
1, 225, -22.40000000000005, 53, 0.60891
2, 225, -22.40000000000005, 130, 0.6106200408010356
3, 225, -22.40000000000005, 150, 0.0641941521457643
4, 225, -22.40000000000005, 129, 0.05510106597063147
5, 225, -22.40000000000005, 141, 0.6256719038601071
6, 225, -22.40000000000005, 158, 0.06217994046090691
7, 225, -22.40000000000005, 149, 0.2596215297980291
8, 225, -22.40000000000005, 168, 0.66342824416037
9, 225, -22.40000000000005, 207, 0.6139322039624884
10, 225, -22.40000000000005, 193, 0.05410725624775847
11, 225, -22.40000000000005, 197, 0.05192143647912473
12, 225, -22.40000000000005, 235, 0.5800154422017942
13, 225, -22.40000000000005, 219, 0.08095092630840672
14, 225, -22.40000000000005, 234, 0.4629961249991008
15, 225, -22.40000000000005, 241, 0.06963367729499836
16, 225, -22.40000000000005, 260, 0.5990869682395839
17, 225, -22.40000000000005, 297, 0.6614146132289547
18, 225, -22.40000000000005, 237, 0.6046510872889892
19, 225, -22.40000000000005, 283, 0.0667803198937913
20, 225, -22.40000000000005, 283, 0.07060295303291686
21, 225, -22.40000000000005, 346, 0.07599533239811174
22, 169, -16.79999999999997, 330, 0.07510443537377975
23, 225, -22.40000000000005, 305, 0.4308671055188871
24, 225, -22.40000000000005, 294, 0.07511127655121119
25, 225, -22.40000000000005, 340, 0.06362469903095214
26, 225, -22.40000000000005, 345, 0.07555820106023137
27, 225, -22.40000000000005, 384, 0.6014294794279629
28, 96, -9.499999999999982, 367, 0.0770478470462792
29, 66, -6.499999999999993, 349, 0.05660207863978828
30, 225, -22.40000000000005, 347, 0.07628536327236535
31, 225, -22.40000000000005, 358, 0.0948898966903784
32, 225, -22.40000000000005, 334, 0.5728216966154742
33, 61, -5.999999999999995, 391, 0.5852060882808023
34, 225, -22.40000000000005, 386, 0.0895611842835653
35, 131, -12.99999999999997, 386, 0.6079519602867529
36, 107, -10.599999999999978, 387, 0.08942014755877115
37, 171, -16.99999999999997, 410, 0.0719548046288585
38, 62, -6.099999999999994, 406, 0.6251591010813096
39, 225, -22.40000000000005, 373, 0.06865813238127783
40, 102, -10.09999999999998, 441, 0.08438640358446803
41, 104, -10.29999999999998, 451, 0.15601831477672046
42, 205, -20.40000000000002, 422, 0.08439526485849691
43, 113, -11.199999999999976, 437, 0.1026953244811235
44, 140, -13.899999999999967, 439, 0.09445678953947478
45, 225, -22.40000000000005, 464, 0.08887090506198625
46, 137, -13.599999999999968, 424, 0.0817488219980822
47, 129, -12.79999999999997, 474, 0.14966036013211292
48, 211, -21.00000000000003, 465, 0.06775495828832101
49, 67, -6.5999999999999925, 481, 0.059597890454630154
50, 68, -6.699999999999992, 474, 0.08693365103216633
51, 94, -9.299999999999983, 497, 0.08231433792058185
52, 56, -5.4999999999999964, 518, 0.07468473319717273
53, 60, -5.899999999999995, 519, 0.1291385410184045
54, 48, -4.699999999999999, 515, 0.055747315693791766
55, 73, -7.19999999999999, 483, 0.09349312929872955
56, 163, -16.19999999999996, 484, 0.10199353213352408
57, 49, -4.799999999999999, 525, 0.07811450692347766
58, 93, -9.199999999999983, 552, 0.11772947506122167
59, 113, -11.199999999999976, 514, 0.07595251532425529
60, 90, -8.899999999999984, 505, 0.07452182431900845
61, 165, -16.399999999999963, 540, 0.09867606160630005
62, 122, -12.099999999999973, 546, 0.660826262716196
63, 59, -5.799999999999995, 532, 0.22407986920596112
64, 50, -4.899999999999999, 580, 0.5782355248740041
65, 113, -11.199999999999976, 553, 0.08095304193070008
66, 55, -5.399999999999997, 575, 0.594324028557403
67, 65, -6.399999999999993, 562, 0.5933402089168358
68, 58, -5.699999999999996, 568, 0.07227885653890764
69, 112, -11.099999999999977, 588, 0.6288280135837458
70, 60, -5.899999999999995, 570, 0.085574375013177
71, 61, -5.999999999999995, 623, 0.6427193623582634
72, 69, -6.799999999999992, 582, 0.7041188035688537
73, 138, -13.699999999999967, 588, 0.06423928164416237
74, 61, -5.999999999999995, 593, 0.08455499638833919
75, 82, -8.099999999999987, 565, 0.08804433621381991
76, 56, -5.4999999999999964, 565, 0.10335196896847265
77, 78, -7.699999999999989, 605, 0.6249729057697466
78, 59, -5.799999999999995, 612, 0.6938134019114304
79, 64, -6.299999999999994, 631, 0.07824651644099445
80, 63, -6.199999999999994, 602, 0.1113526212835072
81, 53, -5.1999999999999975, 629, 0.09423354977915088
82, 73, -7.19999999999999, 637, 0.6557639447397028
83, 52, -5.099999999999998, 647, 0.08335569515898111
84, 49, -4.799999999999999, 642, 0.6099928433118307
85, 50, -4.899999999999999, 615, 0.08863695336616395
86, 103, -10.19999999999998, 622, 0.10346157077429496
87, 51, -4.999999999999998, 666, 0.10621863692880718
88, 55, -5.399999999999997, 649, 0.08987534197833891
89, 50, -4.899999999999999, 649, 0.08535963484231357
90, 69, -6.799999999999992, 646, 0.08370064271947886
91, 65, -6.399999999999993, 663, 0.07521296158735447
92, 81, -7.999999999999988, 668, 0.0938622431033127
93, 67, -6.5999999999999925, 693, 0.4638480069121673
94, 58, -5.699999999999996, 643, 0.6702039463379732
95, 52, -5.099999999999998, 670, 0.10051235474935849
96, 59, -5.799999999999995, 685, 0.07407401117488144
97, 79, -7.799999999999988, 654, 0.07820497282085159
98, 63, -6.199999999999994, 704, 0.09079452772812036
99, 103, -10.19999999999998, 690, 0.07620372404639442
100, 52, -5.099999999999998, 678, 0.08723269728016603
101, 49, -4.799999999999999, 674, 0.6160050864591389
102, 61, -5.999999999999995, 711, 0.5790554213402208
103, 75, -7.39999999999999, 730, 0.08712946849690484
104, 59, -5.799999999999995, 715, 0.10945654408939487
105, 104, -10.29999999999998, 672, 0.07668298889413272
106, 78, -7.699999999999989, 722, 0.5455596615480292
107, 59, -5.799999999999995, 741, 0.09714882759469745
108, 49, -4.799999999999999, 706, 0.16910295490998406
109, 54, -5.299999999999997, 690, 0.665313535112342
110, 63, -6.199999999999994, 749, 0.641692180832601
111, 173, -17.199999999999974, 715, 0.6371456762253009
112, 110, -10.899999999999977, 741, 0.0911799756214966
113, 58, -5.699999999999996, 769, 0.07358051900658424
114, 56, -5.4999999999999964, 779, 0.07356006949389693
115, 50, -4.899999999999999, 723, 0.5884011075497457
116, 50, -4.899999999999999, 763, 0.09282829134751297
117, 58, -5.699999999999996, 734, 0.09822831502670037
118, 53, -5.1999999999999975, 766, 0.08534686651486467
119, 140, -13.899999999999967, 758, 0.5599233093341076
120, 65, -6.399999999999993, 775, 0.09045356593349485
121, 55, -5.399999999999997, 854, 0.6474214339297264
122, 225, -22.40000000000005, 778, 0.6542648296250209
123, 75, -7.39999999999999, 810, 0.06298691977617477
124, 83, -8.199999999999987, 777, 0.09457857301581285
125, 54, -5.299999999999997, 825, 0.07874263397630621
126, 61, -5.999999999999995, 837, 0.1003715369678777
127, 55, -5.399999999999997, 823, 0.08759169743318607
128, 99, -9.799999999999981, 833, 0.09559917912138483
129, 55, -5.399999999999997, 858, 0.686951900977167
130, 58, -5.699999999999996, 808, 0.6043680476115973
131, 98, -9.699999999999982, 793, 0.09290532372921712
132, 61, -5.999999999999995, 840, 0.07998457539548554
133, 55, -5.399999999999997, 847, 0.642929951911239
134, 72, -7.099999999999991, 859, 0.09448846688613166
135, 45, -4.4, 808, 0.4191010602422298
136, 87, -8.599999999999985, 844, 0.10919757131428653
137, 53, -5.1999999999999975, 846, 0.08652484397109694
138, 66, -6.499999999999993, 855, 0.08621707615771079
139, 51, -4.999999999999998, 849, 0.4329706676533678
140, 57, -5.599999999999996, 897, 0.07572406494849004
141, 61, -5.999999999999995, 896, 0.08303475522724657
142, 96, -9.499999999999982, 849, 0.09273299468167306
143, 59, -5.799999999999995, 850, 0.06699374088699406
144, 60, -5.899999999999995, 866, 0.07188670560200006
145, 62, -6.099999999999994, 882, 0.09655364878395112
146, 56, -5.4999999999999964, 870, 0.6467706540908251
147, 65, -6.399999999999993, 894, 0.08520023345661709
148, 72, -7.099999999999991, 894, 0.10822992757060712
149, 69, -6.799999999999992, 835, 0.08115213438450164
150, 52, -5.099999999999998, 895, 0.08288288761278517
151, 106, -10.499999999999979, 898, 0.10134526973006142
152, 65, -6.399999999999993, 906, 0.08429576746526113
153, 57, -5.599999999999996, 875, 0.09012103472211996
154, 105, -10.399999999999979, 931, 0.08209320842837098
155, 44, -4.300000000000001, 962, 0.5984565102603412
156, 59, -5.799999999999995, 933, 0.2034456345079727
157, 75, -7.39999999999999, 904, 0.0751459843774871
158, 63, -6.199999999999994, 976, 0.15248943734690057
159, 54, -5.299999999999997, 991, 0.2944506069284367
160, 69, -6.799999999999992, 953, 0.10150881497743836
161, 53, -5.1999999999999975, 944, 0.09652530983107166
162, 74, -7.29999999999999, 925, 0.07748419215076163
163, 76, -7.499999999999989, 958, 0.10215247331949984
164, 61, -5.999999999999995, 964, 0.3709962848664947
165, 88, -8.699999999999985, 999, 0.07529372446189342
166, 80, -7.899999999999988, 966, 0.6303057054010197
167, 58, -5.699999999999996, 1011, 0.6188695224324066
168, 134, -13.299999999999969, 973, 0.6595979984277327
169, 49, -4.799999999999999, 1032, 0.0798735466395355
170, 57, -5.599999999999996, 1043, 0.08616766515912078
171, 53, -5.1999999999999975, 1061, 0.1139707018646815
172, 65, -6.399999999999993, 998, 0.10182617333368338
173, 68, -6.699999999999992, 975, 0.09884630008205275
174, 63, -6.199999999999994, 937, 0.07587655566531648
175, 122, -12.099999999999973, 977, 0.07847534754092966
176, 65, -6.399999999999993, 1058, 0.09091268532221974
177, 66, -6.499999999999993, 1033, 0.08166771040942633
178, 107, -10.599999999999978, 1001, 0.10000865000405468
179, 59, -5.799999999999995, 1026, 0.0829924137805107
180, 59, -5.799999999999995, 1075, 0.1056145976090117
181, 62, -6.099999999999994, 1030, 0.19559433632900225
182, 56, -5.4999999999999964, 1024, 0.6706229079906019
183, 58, -5.699999999999996, 1064, 0.08045718578234617
184, 49, -4.799999999999999, 1049, 0.07211381766544855
185, 47, -4.6, 1042, 0.08346616622143932
186, 59, -5.799999999999995, 1033, 0.6060917645060819
187, 87, -8.599999999999985, 1083, 0.10311506533422188
188, 65, -6.399999999999993, 1105, 0.0753521639037098
189, 61, -5.999999999999995, 1052, 0.6366302944266358
190, 55, -5.399999999999997, 1071, 0.09139780653269725
191, 124, -12.299999999999972, 1117, 0.11116514761013363
192, 52, -5.099999999999998, 1086, 0.08743448517813857
193, 57, -5.599999999999996, 1073, 0.10610964625456087
194, 67, -6.5999999999999925, 1131, 0.5731714654085327
195, 52, -5.099999999999998, 1099, 0.08834500629342745
196, 60, -5.899999999999995, 1069, 0.08237675949084777
197, 57, -5.599999999999996, 1087, 0.09603060387321827
198, 78, -7.699999999999989, 1106, 0.0876422931680807
199, 65, -6.399999999999993, 1056, 0.6361530885291817
200, 50, -4.899999999999999, 1107, 0.08569688252439267
201, 85, -8.399999999999986, 1107, 0.092656806381049
202, 55, -5.399999999999997, 1071, 0.6099606948731688
203, 47, -4.6, 1100, 0.07290298690846964
204, 72, -7.099999999999991, 1118, 0.08173455764906884
205, 54, -5.299999999999997, 1176, 0.6599150355221906
206, 60, -5.899999999999995, 1145, 0.09007390340908827
207, 77, -7.599999999999989, 1179, 0.6163517199829591
208, 57, -5.599999999999996, 1147, 0.0854905361025774
209, 87, -8.599999999999985, 1135, 0.06836604367271182
210, 62, -6.099999999999994, 1153, 0.6631665761650338
211, 58, -5.699999999999996, 1169, 0.18796988038040263
212, 72, -7.099999999999991, 1140, 0.08517082073357685
213, 51, -4.999999999999998, 1193, 0.1090582683587813
214, 113, -11.199999999999976, 1170, 0.20212981719661993
215, 94, -9.299999999999983, 1165, 0.5218460751439888
216, 95, -9.399999999999983, 1210, 0.09007854493270306
217, 51, -4.999999999999998, 1161, 0.10251788829419894
218, 123, -12.199999999999973, 1213, 0.595683415902351
219, 96, -9.499999999999982, 1145, 0.09003188437579279
220, 53, -5.1999999999999975, 1208, 0.07452014671974849
221, 65, -6.399999999999993, 1255, 0.652526103699024
222, 78, -7.699999999999989, 1188, 0.07356560106080301
223, 66, -6.499999999999993, 1237, 0.07814347210971073
224, 79, -7.799999999999988, 1218, 0.6209335205985329
225, 70, -6.8999999999999915, 1243, 0.08668627876057167
226, 49, -4.799999999999999, 1210, 0.07879595762959091
227, 53, -5.1999999999999975, 1226, 0.07056992180759902
228, 57, -5.599999999999996, 1261, 0.08105812298639048
229, 65, -6.399999999999993, 1209, 0.09829519304862955
230, 103, -10.19999999999998, 1245, 0.5449309433271918
231, 62, -6.099999999999994, 1273, 0.09032850602708664
232, 49, -4.799999999999999, 1253, 0.08293405101732887
233, 71, -6.999999999999991, 1224, 0.07851035694135133
234, 57, -5.599999999999996, 1196, 0.08207840985993586
235, 91, -8.999999999999984, 1257, 0.07200024212965594
236, 58, -5.699999999999996, 1327, 0.09664887655375098
237, 56, -5.4999999999999964, 1253, 0.08856398528838327
238, 123, -12.199999999999973, 1258, 0.0788826766020081
239, 78, -7.699999999999989, 1221, 0.08082220048417321
240, 65, -6.399999999999993, 1304, 0.4246249106812634
241, 59, -5.799999999999995, 1292, 0.07003213869661806
242, 64, -6.299999999999994, 1253, 0.11394802456223418
243, 78, -7.699999999999989, 1272, 0.07105991013893798
244, 51, -4.999999999999998, 1300, 0.10594494455213921
245, 75, -7.39999999999999, 1296, 0.09095348498975708
246, 63, -6.199999999999994, 1311, 0.3833449601786718
247, 55, -5.399999999999997, 1309, 0.09914564279014793
248, 47, -4.6, 1353, 0.0819795732711166
249, 102, -10.09999999999998, 1337, 0.07339799356828225
250, 59, -5.799999999999995, 1316, 0.6608824596972165
251, 51, -4.999999999999998, 1270, 0.07151082634740868
252, 61, -5.999999999999995, 1372, 0.10353728162436582
253, 52, -5.099999999999998, 1315, 0.07749474607582085
254, 50, -4.899999999999999, 1332, 0.08721504970518357
255, 60, -5.899999999999995, 1307, 0.13338968027291176
256, 50, -4.899999999999999, 1276, 0.06873127054192896
257, 66, -6.499999999999993, 1335, 0.588922768878227
258, 77, -7.599999999999989, 1368, 0.09105986281611278
259, 55, -5.399999999999997, 1328, 0.578726855075288
260, 54, -5.299999999999997, 1437, 0.12028385100894923
261, 58, -5.699999999999996, 1415, 0.0712233401096719
262, 48, -4.699999999999999, 1397, 0.08802735045110976
263, 86, -8.499999999999986, 1366, 0.07447074325595016
264, 50, -4.899999999999999, 1360, 0.6028572555617686
265, 75, -7.39999999999999, 1368, 0.5642607273932163
266, 59, -5.799999999999995, 1389, 0.4335575027224685
267, 75, -7.39999999999999, 1365, 0.10933142680159547
268, 84, -8.299999999999986, 1388, 0.09940096916478192
269, 63, -6.199999999999994, 1358, 0.09036866217695305
270, 51, -4.999999999999998, 1405, 0.18241600086015364
271, 64, -6.299999999999994, 1350, 0.6521912257233915
272, 67, -6.5999999999999925, 1391, 0.08464483112634436
273, 48, -4.699999999999999, 1435, 0.0683141410079775
274, 76, -7.499999999999989, 1381, 0.09309599960488457
275, 54, -5.299999999999997, 1414, 0.09038177390971303
276, 50, -4.899999999999999, 1403, 0.08259196616379505
277, 104, -10.29999999999998, 1516, 0.08321858082248035
278, 61, -5.999999999999995, 1361, 0.09757261779080806
279, 69, -6.799999999999992, 1441, 0.2085608817745488
280, 66, -6.499999999999993, 1487, 0.05998153845664733
281, 62, -6.099999999999994, 1460, 0.07699403484455303
282, 117, -11.599999999999975, 1434, 0.06982930109270402
283, 64, -6.299999999999994, 1539, 0.07939942357346474
284, 64, -6.299999999999994, 1528, 0.6847778890187508
285, 49, -4.799999999999999, 1510, 0.6982195517910883
286, 65, -6.399999999999993, 1428, 0.0899675154562034
287, 53, -5.1999999999999975, 1481, 0.09785804199512182
288, 50, -4.899999999999999, 1461, 0.6297571795912977
289, 58, -5.699999999999996, 1478, 0.07862362449863758
290, 80, -7.899999999999988, 1477, 0.6447037720712294
291, 69, -6.799999999999992, 1500, 0.07331565455289546
292, 63, -6.199999999999994, 1510, 0.4353464570143588
293, 57, -5.599999999999996, 1511, 0.09299990976643846
294, 123, -12.199999999999973, 1461, 0.08339464249946449
295, 58, -5.699999999999996, 1489, 0.07409908751270144
296, 52, -5.099999999999998, 1504, 0.18040544201488906
297, 67, -6.5999999999999925, 1551, 0.08449004886445366
298, 61, -5.999999999999995, 1509, 0.08180120934632162
299, 51, -4.999999999999998, 1543, 0.643688240138915
300, 52, -5.099999999999998, 1582, 0.07356915199835923
301, 58, -5.699999999999996, 1535, 0.0919523670910225
302, 56, -5.4999999999999964, 1569, 0.10158187241830818
303, 81, -7.999999999999988, 1517, 0.10235018211652402
304, 54, -5.299999999999997, 1517, 0.09046487622388844
305, 52, -5.099999999999998, 1582, 0.09021300566973006
306, 60, -5.899999999999995, 1560, 0.08754663799285467
307, 53, -5.1999999999999975, 1572, 0.5632285701942923
308, 84, -8.299999999999986, 1608, 0.06935222699956045
309, 63, -6.199999999999994, 1497, 0.08605774287029538
310, 55, -5.399999999999997, 1581, 0.08656941008730401
311, 64, -6.299999999999994, 1572, 0.09517272303066804
312, 48, -4.699999999999999, 1603, 0.09185193763530286
313, 59, -5.799999999999995, 1587, 0.07531695670171512
314, 98, -9.699999999999982, 1550, 0.09064000171979258
315, 53, -5.1999999999999975, 1601, 0.07923140613087643
316, 82, -8.099999999999987, 1614, 0.0874642723697745
317, 58, -5.699999999999996, 1632, 0.6060199634819159
318, 81, -7.999999999999988, 1613, 0.0689144292825491
319, 103, -10.19999999999998, 1620, 0.09234811500984819
320, 50, -4.899999999999999, 1548, 0.08251368887783661
321, 54, -5.299999999999997, 1647, 0.09190521320299627
322, 71, -6.999999999999991, 1612, 0.07130741646515004
323, 58, -5.699999999999996, 1646, 0.0846330831129023
324, 225, -22.40000000000005, 1676, 0.6256771337175797
325, 74, -7.29999999999999, 1609, 0.0904160939154135
326, 57, -5.599999999999996, 1628, 0.092021517356213
327, 57, -5.599999999999996, 1665, 0.11038901855863115
328, 61, -5.999999999999995, 1714, 0.09815717722345196
329, 59, -5.799999999999995, 1703, 0.09683679262787881
330, 56, -5.4999999999999964, 1644, 0.08320813964476503
331, 53, -5.1999999999999975, 1606, 0.5886370222116053
332, 107, -10.599999999999978, 1701, 0.11807928537720547
333, 48, -4.699999999999999, 1662, 0.0813530134710354
334, 63, -6.199999999999994, 1608, 0.08774784144203185
335, 62, -6.099999999999994, 1617, 0.16894993131424152
336, 66, -6.499999999999993, 1652, 0.08417558140734771
337, 75, -7.39999999999999, 1703, 0.24317232084423646
338, 58, -5.699999999999996, 1732, 0.0895548061341247
339, 63, -6.199999999999994, 1753, 0.20181523949975588
340, 73, -7.19999999999999, 1709, 0.08759368634630915
341, 56, -5.4999999999999964, 1706, 0.10039714564172542
342, 95, -9.399999999999983, 1703, 0.0829015022091033
343, 59, -5.799999999999995, 1697, 0.08659710141700483
344, 55, -5.399999999999997, 1771, 0.6077270759469928
345, 56, -5.4999999999999964, 1679, 0.09525638198342579
346, 54, -5.299999999999997, 1694, 0.08038268997358222
347, 47, -4.6, 1708, 0.06990870488372125
348, 48, -4.699999999999999, 1788, 0.6926295276626038
349, 66, -6.499999999999993, 1789, 0.48325076178991777
350, 66, -6.499999999999993, 1750, 0.09904941964169423
351, 57, -5.599999999999996, 1724, 0.5888125018356449
352, 48, -4.699999999999999, 1653, 0.08976388293526849
353, 66, -6.499999999999993, 1733, 0.07497192572508116
354, 62, -6.099999999999994, 1690, 0.09817649759587743
355, 56, -5.4999999999999964, 1793, 0.07715712887720333
356, 66, -6.499999999999993, 1756, 0.1861048775831824
357, 58, -5.699999999999996, 1807, 0.08036431975145875
358, 59, -5.799999999999995, 1703, 0.08577751061933653
359, 53, -5.1999999999999975, 1783, 0.08952476884782223
360, 57, -5.599999999999996, 1752, 0.6204001440158593
361, 77, -7.599999999999989, 1758, 0.6326191845554441
362, 55, -5.399999999999997, 1784, 0.07163075484790404
363, 60, -5.899999999999995, 1818, 0.0799137708130877
364, 66, -6.499999999999993, 1763, 0.5856182594027461
365, 60, -5.899999999999995, 1779, 0.07190018413464827
366, 51, -4.999999999999998, 1850, 0.6511396001263354
367, 64, -6.299999999999994, 1800, 0.06955135472759943
368, 82, -8.099999999999987, 1755, 0.08701156231943963
369, 154, -15.299999999999962, 1806, 0.5505426509515714
370, 52, -5.099999999999998, 1842, 0.6897724581488023
371, 55, -5.399999999999997, 1802, 0.07827028779776413
372, 149, -14.799999999999963, 1851, 0.07274230105280483
373, 54, -5.299999999999997, 1869, 0.07990365451774473
374, 143, -14.199999999999966, 1841, 0.07315683129918149
375, 85, -8.399999999999986, 1907, 0.07542344598317108
376, 94, -9.299999999999983, 1890, 0.07585284066329567
377, 121, -11.999999999999973, 1859, 0.10497217965969075
378, 61, -5.999999999999995, 1828, 0.10089358574089369
379, 87, -8.599999999999985, 1842, 0.08972883854574887
380, 122, -12.099999999999973, 1860, 0.0822899224507484
381, 50, -4.899999999999999, 1885, 0.07867708418789676
382, 80, -7.899999999999988, 1898, 0.08086604788163121
383, 93, -9.199999999999983, 1898, 0.10431884028550575
384, 54, -5.299999999999997, 1867, 0.07751589255558544
385, 53, -5.1999999999999975, 1943, 0.08013356125043014
386, 54, -5.299999999999997, 1916, 0.08607910169402722
387, 59, -5.799999999999995, 1824, 0.09109057158255807
388, 52, -5.099999999999998, 1944, 0.07972143946568355
389, 81, -7.999999999999988, 1838, 0.06370573736082763
390, 60, -5.899999999999995, 1917, 0.08565549249601534
391, 99, -9.799999999999981, 1895, 0.09782916894569915
392, 69, -6.799999999999992, 1870, 0.08189820682349036
393, 50, -4.899999999999999, 1885, 0.11117893499499365
394, 72, -7.099999999999991, 1889, 0.5898373818684624
395, 55, -5.399999999999997, 1882, 0.576448436408536
396, 63, -6.199999999999994, 1997, 0.0797578253693787
397, 59, -5.799999999999995, 1908, 0.08244847167407826
398, 61, -5.999999999999995, 1913, 0.08789185115446085
399, 49, -4.799999999999999, 1819, 0.5883891885256074
400, 69, -6.799999999999992, 1921, 0.2838325653168483
401, 63, -6.199999999999994, 1953, 0.0915373352692217
402, 106, -10.499999999999979, 1888, 0.0698619801489726
403, 56, -5.4999999999999964, 1876, 0.6981173968383194
404, 55, -5.399999999999997, 1888, 0.09329945845313592
405, 53, -5.1999999999999975, 1950, 0.6760562759178106
406, 58, -5.699999999999996, 1970, 0.0858231524305082
407, 56, -5.4999999999999964, 1943, 0.08960460863279929
408, 47, -4.6, 1928, 0.6396592127203384
409, 151, -14.999999999999963, 1974, 0.09181386529905033
410, 54, -5.299999999999997, 1943, 0.08958148573891567
411, 55, -5.399999999999997, 1975, 0.0814816896488586
412, 55, -5.399999999999997, 2020, 0.10966598542049155
413, 55, -5.399999999999997, 1963, 0.07211531554534689
414, 86, -8.499999999999986, 1973, 0.09110538875549934
415, 50, -4.899999999999999, 1955, 0.07543835031268076
416, 54, -5.299999999999997, 1946, 0.07693996223136512
417, 62, -6.099999999999994, 1986, 0.0794563363255878
418, 71, -6.999999999999991, 2001, 0.08845072579309665
419, 81, -7.999999999999988, 1988, 0.07708223751523047
420, 53, -5.1999999999999975, 2006, 0.11312691510495321
421, 59, -5.799999999999995, 1950, 0.11633294915360226
422, 54, -5.299999999999997, 2014, 0.0799964530228019
423, 54, -5.299999999999997, 1939, 0.08901107040382561
424, 55, -5.399999999999997, 2074, 0.5780483232214313
425, 65, -6.399999999999993, 2159, 0.5902587596690236
426, 53, -5.1999999999999975, 2008, 0.08003365588528943
427, 62, -6.099999999999994, 2108, 0.0843122461456507
428, 46, -4.5, 2120, 0.11261136255589532
429, 54, -5.299999999999997, 2105, 0.10621064016590687
430, 63, -6.199999999999994, 2081, 0.10543665574193972
431, 82, -8.099999999999987, 2108, 0.09488361244488863
432, 66, -6.499999999999993, 2054, 0.09247643171135955
433, 55, -5.399999999999997, 2002, 0.07694792090968638
434, 61, -5.999999999999995, 2129, 0.07860012299423302
435, 53, -5.1999999999999975, 2093, 0.49431441187112446
436, 47, -4.6, 2113, 0.08292077863796044
437, 53, -5.1999999999999975, 2081, 0.08157541118647083
438, 52, -5.099999999999998, 2090, 0.08890341055923523
439, 77, -7.599999999999989, 2135, 0.17581978976958235
440, 56, -5.4999999999999964, 2128, 0.0845917148260682
441, 82, -8.099999999999987, 2173, 0.09096032806421994
442, 62, -6.099999999999994, 2126, 0.6560803206412102
443, 101, -9.99999999999998, 2124, 0.10180568580879223
444, 64, -6.299999999999994, 2145, 0.0937614455795508
445, 69, -6.799999999999992, 2165, 0.5083898007415986
446, 57, -5.599999999999996, 2172, 0.6357490763991334
447, 65, -6.399999999999993, 2190, 0.5711355136699421
448, 49, -4.799999999999999, 2074, 0.08953152689486799
449, 61, -5.999999999999995, 2179, 0.08370746314154143
450, 54, -5.299999999999997, 2227, 0.0870431261494623
451, 51, -4.999999999999998, 2164, 0.08971436424994472
452, 57, -5.599999999999996, 2151, 0.08475384444465822
453, 58, -5.699999999999996, 2075, 0.5513850471904913
454, 53, -5.1999999999999975, 2229, 0.6587067547400931
455, 108, -10.699999999999978, 2141, 0.08516538202187096
456, 84, -8.299999999999986, 2153, 0.08537286929297805
457, 54, -5.299999999999997, 2195, 0.1003667661316685
458, 64, -6.299999999999994, 2250, 0.10363532484745885
459, 63, -6.199999999999994, 2202, 0.08247842919246473
460, 68, -6.699999999999992, 2213, 0.10310707230453842
461, 62, -6.099999999999994, 2282, 0.12731928339327125
462, 95, -9.399999999999983, 2157, 0.07820543021412174
463, 62, -6.099999999999994, 2266, 0.6474878123729266
464, 55, -5.399999999999997, 2207, 0.08562831866342657
465, 52, -5.099999999999998, 2188, 0.08889593992795053
466, 74, -7.29999999999999, 2266, 0.6536646846745438
467, 59, -5.799999999999995, 2249, 0.08278022087028658
468, 58, -5.699999999999996, 2244, 0.06988244671265154
469, 61, -5.999999999999995, 2202, 0.08957878072288583
470, 79, -7.799999999999988, 2279, 0.08505933154391809
471, 57, -5.599999999999996, 2247, 0.08678419051868813
472, 50, -4.899999999999999, 2179, 0.5045954942380195
473, 111, -10.999999999999977, 2177, 0.08056773378252169
474, 51, -4.999999999999998, 2314, 0.06695645650392057
475, 64, -6.299999999999994, 2260, 0.0941233889792441
476, 60, -5.899999999999995, 2294, 0.08780026876073199
477, 65, -6.399999999999993, 2208, 0.08867111428706531
478, 49, -4.799999999999999, 2241, 0.636530294019714
479, 57, -5.599999999999996, 2370, 0.07656878835573344
480, 53, -5.1999999999999975, 2283, 0.08885884372827935
481, 110, -10.899999999999977, 2363, 0.11590361097057533
482, 59, -5.799999999999995, 2305, 0.06983350978397063
483, 65, -6.399999999999993, 2375, 0.07766417094680977
484, 79, -7.799999999999988, 2275, 0.1068376365524184
485, 69, -6.799999999999992, 2233, 0.6067213971184826
486, 51, -4.999999999999998, 2364, 0.07721783466990256
487, 102, -10.09999999999998, 2255, 0.5883318267215669
488, 55, -5.399999999999997, 2357, 0.5561339829000485
489, 61, -5.999999999999995, 2307, 0.1038837845407925
490, 51, -4.999999999999998, 2298, 0.08683667243121262
491, 59, -5.799999999999995, 2379, 0.6240756936249039
492, 57, -5.599999999999996, 2284, 0.07801089068527167
493, 57, -5.599999999999996, 2311, 0.09249006208654142
494, 48, -4.699999999999999, 2357, 0.0865550950249544
495, 56, -5.4999999999999964, 2362, 0.6224099656523894
496, 75, -7.39999999999999, 2336, 0.08675260648536226
497, 62, -6.099999999999994, 2385, 0.1104094158542398
498, 48, -4.699999999999999, 2376, 0.11936702467963589
499, 57, -5.599999999999996, 2264, 0.08306198193312353
500, 56, -5.4999999999999964, 2317, 0.07974090633540554
501, 53, -5.1999999999999975, 2329, 0.07917760855661715
502, 153, -15.199999999999962, 2339, 0.07192570865873216
503, 68, -6.699999999999992, 2367, 0.08394097222567698
504, 53, -5.1999999999999975, 2262, 0.07553060730177713
505, 107, -10.599999999999978, 2366, 0.07529273903665157
506, 74, -7.29999999999999, 2390, 0.0995567686452028
507, 50, -4.899999999999999, 2452, 0.06637587116563148
508, 71, -6.999999999999991, 2319, 0.07933790867290447
509, 53, -5.1999999999999975, 2468, 0.0862624592824186
510, 47, -4.6, 2397, 0.09139738709546252
511, 59, -5.799999999999995, 2385, 0.09009182450947772
512, 62, -6.099999999999994, 2385, 0.6434073763044372
513, 54, -5.299999999999997, 2434, 0.08138710499123958
514, 51, -4.999999999999998, 2387, 0.18948162470424013
515, 57, -5.599999999999996, 2374, 0.08677024042899861
516, 61, -5.999999999999995, 2459, 0.05857028675434134
517, 99, -9.799999999999981, 2500, 0.0758618213296926
518, 52, -5.099999999999998, 2395, 0.11023637521481044
519, 83, -8.199999999999987, 2467, 0.10378247669456542
520, 49, -4.799999999999999, 2524, 0.09562976107589533
521, 51, -4.999999999999998, 2436, 0.07572972656089005
522, 122, -12.099999999999973, 2433, 0.08768432639117352
523, 54, -5.299999999999997, 2566, 0.08081798521218841
524, 49, -4.799999999999999, 2415, 0.6468651653117585
525, 67, -6.5999999999999925, 2457, 0.08995696513286178
526, 60, -5.899999999999995, 2477, 0.6277477511318721
527, 70, -6.8999999999999915, 2449, 0.0807275597365833
528, 122, -12.099999999999973, 2551, 0.08395530503916682
529, 50, -4.899999999999999, 2543, 0.09885155546337332
530, 60, -5.899999999999995, 2482, 0.08945114017493566
531, 59, -5.799999999999995, 2591, 0.0936023190684041
532, 87, -8.599999999999985, 2445, 0.595374795511473
533, 63, -6.199999999999994, 2540, 0.5826008084109215
534, 81, -7.999999999999988, 2447, 0.0760033091132023
535, 58, -5.699999999999996, 2413, 0.0976737651249946
536, 112, -11.099999999999977, 2591, 0.6376106660808722
537, 52, -5.099999999999998, 2439, 0.0919562860896348
538, 80, -7.899999999999988, 2532, 0.09485310870720698
539, 52, -5.099999999999998, 2518, 0.1042572493515439
540, 52, -5.099999999999998, 2469, 0.0776012592336055
541, 45, -4.4, 2381, 0.07073909091334607
542, 67, -6.5999999999999925, 2480, 0.08805950078011526
543, 49, -4.799999999999999, 2514, 0.08245496202111324
544, 97, -9.599999999999982, 2525, 0.08750792410317099
545, 58, -5.699999999999996, 2545, 0.07247195695676212
546, 50, -4.899999999999999, 2598, 0.08381355120837419
547, 53, -5.1999999999999975, 2475, 0.11603325210517346
548, 65, -6.399999999999993, 2550, 0.08742333940016778
549, 120, -11.899999999999974, 2481, 0.08825764156706573
550, 58, -5.699999999999996, 2513, 0.10557076462757542
551, 55, -5.399999999999997, 2595, 0.08826713868166425
552, 81, -7.999999999999988, 2512, 0.08518453100652734
553, 67, -6.5999999999999925, 2601, 0.08607757598474541
554, 50, -4.899999999999999, 2529, 0.6274264592037135
555, 66, -6.499999999999993, 2551, 0.07221275876406485
556, 61, -5.999999999999995, 2628, 0.09402488580495127
557, 59, -5.799999999999995, 2536, 0.6475726363851617
558, 81, -7.999999999999988, 2547, 0.632386579384238
559, 65, -6.399999999999993, 2597, 0.08914052810993844
560, 62, -6.099999999999994, 2622, 0.08167542042115428
561, 77, -7.599999999999989, 2611, 0.6266664147012535
562, 55, -5.399999999999997, 2662, 0.08643593036074093
563, 54, -5.299999999999997, 2602, 0.09336703086712328
564, 48, -4.699999999999999, 2689, 0.08909740858788773
565, 68, -6.699999999999992, 2673, 0.6495256457443401
566, 52, -5.099999999999998, 2676, 0.10012246366163424
567, 46, -4.5, 2669, 0.07541663281359012
568, 153, -15.199999999999962, 2623, 0.06872813276109624
569, 57, -5.599999999999996, 2561, 0.09230673471476103
570, 69, -6.799999999999992, 2713, 0.08061499193272192
571, 55, -5.399999999999997, 2623, 0.11399173835770138
572, 67, -6.5999999999999925, 2732, 0.08641041813030767
573, 53, -5.1999999999999975, 2572, 0.5714325150115092
574, 54, -5.299999999999997, 2664, 0.11574514870708263
575, 85, -8.399999999999986, 2602, 0.5404562087047902
576, 56, -5.4999999999999964, 2657, 0.08028396778166469
577, 67, -6.5999999999999925, 2708, 0.4480608128947341
578, 58, -5.699999999999996, 2659, 0.3826912877061295
579, 57, -5.599999999999996, 2607, 0.09923607374043697
580, 103, -10.19999999999998, 2635, 0.0884622445386114
581, 51, -4.999999999999998, 2573, 0.08383144714410284
582, 62, -6.099999999999994, 2717, 0.09193548518912076
583, 61, -5.999999999999995, 2717, 0.06077933646602618
584, 47, -4.6, 2764, 0.5701882769936324
585, 51, -4.999999999999998, 2622, 0.5181558927608698
586, 131, -12.99999999999997, 2778, 0.09762948956964146
587, 74, -7.29999999999999, 2642, 0.08174017872822437
588, 81, -7.999999999999988, 2741, 0.0981018548744339
589, 55, -5.399999999999997, 2705, 0.5716797014534563
590, 130, -12.89999999999997, 2676, 0.07605773570878749
591, 55, -5.399999999999997, 2687, 0.09141266950886151
592, 49, -4.799999999999999, 2814, 0.08410126250718397
593, 62, -6.099999999999994, 2702, 0.08032442757438618
594, 70, -6.8999999999999915, 2674, 0.11503589225015065
595, 53, -5.1999999999999975, 2687, 0.08401447338541868
596, 58, -5.699999999999996, 2785, 0.08507787131092881
597, 60, -5.899999999999995, 2802, 0.08984528925708779
598, 54, -5.299999999999997, 2729, 0.0874067387559081
599, 52, -5.099999999999998, 2740, 0.08500229617638722
600, 92, -9.099999999999984, 2830, 0.6873223964780473
601, 57, -5.599999999999996, 2748, 0.10150280662852218
602, 76, -7.499999999999989, 2764, 0.0867678134317238
603, 80, -7.899999999999988, 2779, 0.1671864197948012
604, 57, -5.599999999999996, 2834, 0.08658597687917058
605, 63, -6.199999999999994, 2790, 0.07636048536595075
606, 55, -5.399999999999997, 2824, 0.0790593586763697
607, 53, -5.1999999999999975, 2760, 0.0743219203915857
608, 58, -5.699999999999996, 2785, 0.1593736564899766
609, 54, -5.299999999999997, 2818, 0.09958854950805796
610, 62, -6.099999999999994, 2782, 0.08565855373157438
611, 51, -4.999999999999998, 2875, 0.09214730922590086
612, 52, -5.099999999999998, 2735, 0.08292644547851769
613, 80, -7.899999999999988, 2765, 0.07622080563800804
614, 91, -8.999999999999984, 2827, 0.09396979364207336
615, 56, -5.4999999999999964, 2786, 0.08134102161948542
616, 52, -5.099999999999998, 2868, 0.6286900638144302
617, 53, -5.1999999999999975, 2784, 0.0865865686234839
618, 60, -5.899999999999995, 2824, 0.08209651587835953
619, 59, -5.799999999999995, 2847, 0.6348348489081439
620, 60, -5.899999999999995, 2832, 0.07968523779355774
621, 49, -4.799999999999999, 2884, 0.08441640325383881
622, 109, -10.799999999999978, 2803, 0.09054284431561577
623, 59, -5.799999999999995, 2829, 0.08006637761225477
624, 48, -4.699999999999999, 2754, 0.08848544665955838
625, 64, -6.299999999999994, 2922, 0.09790531084891851
626, 73, -7.19999999999999, 2901, 0.08299057907551965
627, 61, -5.999999999999995, 2831, 0.09423348708931734
628, 59, -5.799999999999995, 2912, 0.06703453851674168
629, 83, -8.199999999999987, 2933, 0.5392569971112386
630, 54, -5.299999999999997, 2865, 0.06991413309858396
631, 70, -6.8999999999999915, 2944, 0.08472208605186406
632, 50, -4.899999999999999, 2881, 0.6352939869307808
633, 71, -6.999999999999991, 2863, 0.09292226375842194
634, 59, -5.799999999999995, 2904, 0.07911423842960774
635, 62, -6.099999999999994, 2957, 0.6600723904917782
636, 51, -4.999999999999998, 2955, 0.09592450800875452
637, 62, -6.099999999999994, 2961, 0.08655825015144947
638, 62, -6.099999999999994, 2855, 0.11712612687878465
639, 69, -6.799999999999992, 2943, 0.08832250118408025
640, 55, -5.399999999999997, 2835, 0.09140062750363498
641, 58, -5.699999999999996, 2844, 0.07378672391752295
642, 60, -5.899999999999995, 2914, 0.10302396264607228
643, 46, -4.5, 2988, 0.09206229605348115
644, 59, -5.799999999999995, 2963, 0.44334058316797265
645, 53, -5.1999999999999975, 2984, 0.08672791908485555
646, 51, -4.999999999999998, 2970, 0.09971782517097605
647, 72, -7.099999999999991, 3031, 0.10137819327615283
648, 68, -6.699999999999992, 2921, 0.10271505465945929
649, 59, -5.799999999999995, 2996, 0.08248917234022779
650, 57, -5.599999999999996, 2944, 0.0700840788701167
651, 64, -6.299999999999994, 2836, 0.0991995223183697
652, 105, -10.399999999999979, 2919, 0.08275821758498658
653, 55, -5.399999999999997, 2960, 0.09235267330864272
654, 58, -5.699999999999996, 3010, 0.07557367994479458
655, 92, -9.099999999999984, 3032, 0.6480412811138274
656, 70, -6.8999999999999915, 3030, 0.11614867182571853
657, 51, -4.999999999999998, 3113, 0.10179476388439479
658, 108, -10.699999999999978, 2945, 0.09023712998204791
659, 65, -6.399999999999993, 3028, 0.5406440993176671
660, 67, -6.5999999999999925, 2975, 0.0634414147732445
661, 63, -6.199999999999994, 3072, 0.08544954729362098
662, 58, -5.699999999999996, 3007, 0.08485083116420666
663, 53, -5.1999999999999975, 2993, 0.08399583481342243
664, 51, -4.999999999999998, 3003, 0.0904728374416246
665, 69, -6.799999999999992, 2995, 0.0881608689970994
666, 78, -7.699999999999989, 3072, 0.09627505953450521
667, 59, -5.799999999999995, 2979, 0.0831072780134775
668, 58, -5.699999999999996, 3046, 0.06308874713458579
669, 57, -5.599999999999996, 3053, 0.07720568207164513
670, 55, -5.399999999999997, 2989, 0.09156859486272156
671, 64, -6.299999999999994, 3069, 0.09500672203550148
672, 109, -10.799999999999978, 3077, 0.0904000973524206
673, 225, -22.40000000000005, 3011, 0.09195737570513662
674, 75, -7.39999999999999, 3016, 0.08729908255014562
675, 60, -5.899999999999995, 3091, 0.09362216041149818
676, 90, -8.899999999999984, 3031, 0.6054721604726399
677, 55, -5.399999999999997, 3176, 0.08054889231792295
678, 51, -4.999999999999998, 2941, 0.07836657377776302
679, 73, -7.19999999999999, 3038, 0.06930190938894953
680, 53, -5.1999999999999975, 2997, 0.12640320285841966
681, 68, -6.699999999999992, 3064, 0.0818342155166818
682, 58, -5.699999999999996, 3140, 0.08926240027839905
683, 65, -6.399999999999993, 3131, 0.08554979451049238
684, 86, -8.499999999999986, 3146, 0.08832157415344377
685, 68, -6.699999999999992, 3096, 0.09794337555980004
686, 51, -4.999999999999998, 3058, 0.08365938568652798
687, 54, -5.299999999999997, 3165, 0.08815817971254569
688, 56, -5.4999999999999964, 3111, 0.08789839063992333
689, 51, -4.999999999999998, 3100, 0.09569295391594412
690, 58, -5.699999999999996, 3084, 0.5557738248276407
691, 109, -10.799999999999978, 3121, 0.0818363416487553
692, 65, -6.399999999999993, 3118, 0.10378350671474856
693, 55, -5.399999999999997, 3122, 0.07153769678984845
694, 89, -8.799999999999985, 3146, 0.10609382539924761
695, 51, -4.999999999999998, 3375, 0.10403828752756361
696, 47, -4.6, 3202, 0.06530036296673081
697, 52, -5.099999999999998, 3129, 0.10474399690991554
698, 47, -4.6, 3304, 0.26307617116048876
699, 50, -4.899999999999999, 3252, 0.6437783729597113
700, 56, -5.4999999999999964, 3155, 0.6455029119702955
701, 79, -7.799999999999988, 3054, 0.08038810214348668
702, 86, -8.499999999999986, 3090, 0.5165344494918811
703, 53, -5.1999999999999975, 3238, 0.09788635318478045
704, 56, -5.4999999999999964, 3227, 0.07605163106218082
705, 52, -5.099999999999998, 3180, 0.10035074269040312
706, 51, -4.999999999999998, 3268, 0.08099773251616393
707, 216, -21.500000000000036, 3162, 0.10442027848094648
708, 63, -6.199999999999994, 3192, 0.07530950026167282
709, 59, -5.799999999999995, 3257, 0.6142474222846372
710, 61, -5.999999999999995, 3186, 0.08974259050925448
711, 111, -10.999999999999977, 3241, 0.08192652962477665
712, 54, -5.299999999999997, 3234, 0.08277032854666477
713, 53, -5.1999999999999975, 3200, 0.0783331162783456
714, 49, -4.799999999999999, 3222, 0.0884206689847438
715, 82, -8.099999999999987, 3265, 0.5885794736723917
716, 89, -8.799999999999985, 3240, 0.5656173005490412
717, 52, -5.099999999999998, 3253, 0.09803298460075571
718, 51, -4.999999999999998, 3359, 0.10373578836654129
719, 43, -4.200000000000001, 3333, 0.7355619757844467
720, 57, -5.599999999999996, 3303, 0.11146188651583494
721, 64, -6.299999999999994, 3259, 0.07088714898748316
722, 48, -4.699999999999999, 3237, 0.527463702224896
723, 62, -6.099999999999994, 3198, 0.08542146681456808
724, 63, -6.199999999999994, 3315, 0.08375159757622308
725, 109, -10.799999999999978, 3292, 0.09529250868926642
726, 56, -5.4999999999999964, 3379, 0.08278406304209229
727, 53, -5.1999999999999975, 3306, 0.4005766895451375
728, 89, -8.799999999999985, 3355, 0.6104951111640986
729, 70, -6.8999999999999915, 3206, 0.08043407731234087
730, 185, -18.39999999999999, 3247, 0.552355267035106
731, 62, -6.099999999999994, 3145, 0.5918024445089485
732, 70, -6.8999999999999915, 3222, 0.0922827623461957
733, 76, -7.499999999999989, 3198, 0.08240773054011541
734, 50, -4.899999999999999, 3344, 0.09427646779529475
735, 83, -8.199999999999987, 3406, 0.6951374050094468
736, 51, -4.999999999999998, 3317, 0.6330796222911841
737, 67, -6.5999999999999925, 3322, 0.099596206405002
738, 47, -4.6, 3408, 0.5391120657599431
739, 80, -7.899999999999988, 3336, 0.4836203641544117
740, 168, -16.699999999999967, 3371, 0.568908165523017
741, 72, -7.099999999999991, 3305, 0.10585809503772148
742, 55, -5.399999999999997, 3320, 0.1006148214977467
743, 57, -5.599999999999996, 3362, 0.09623559448143415
744, 75, -7.39999999999999, 3305, 0.09360658244336151
745, 100, -9.89999999999998, 3273, 0.12180340856091543
746, 63, -6.199999999999994, 3514, 0.10131166459935859
747, 57, -5.599999999999996, 3413, 0.09039672418181333
748, 53, -5.1999999999999975, 3291, 0.09102794933239666
749, 55, -5.399999999999997, 3379, 0.0857428083770988
750, 52, -5.099999999999998, 3323, 0.08459566646686545
751, 119, -11.799999999999974, 3449, 0.09938370518910888
752, 54, -5.299999999999997, 3400, 0.10555781570561384
753, 58, -5.699999999999996, 3341, 0.07542864876385863
754, 66, -6.499999999999993, 3390, 0.19841730597549878
755, 83, -8.199999999999987, 3447, 0.0802855190872589
756, 50, -4.899999999999999, 3441, 0.6561706036249775
757, 70, -6.8999999999999915, 3390, 0.08822356764345063
758, 66, -6.499999999999993, 3480, 0.5815299264295704
759, 50, -4.899999999999999, 3433, 0.0871553915164961
760, 66, -6.499999999999993, 3431, 0.09459074392392997
761, 52, -5.099999999999998, 3479, 0.07591287520743784
762, 54, -5.299999999999997, 3505, 0.07151723490723372
763, 64, -6.299999999999994, 3577, 0.09536499676223009
764, 62, -6.099999999999994, 3331, 0.6345686141476383
765, 72, -7.099999999999991, 3526, 0.7018742503343232
766, 59, -5.799999999999995, 3473, 0.07592112298026166
767, 74, -7.29999999999999, 3493, 0.0959448627405548
768, 63, -6.199999999999994, 3484, 0.09293285423867959
769, 65, -6.399999999999993, 3490, 0.4460540632955614
770, 68, -6.699999999999992, 3434, 0.09211743666812522
771, 51, -4.999999999999998, 3500, 0.0750054461839138
772, 118, -11.699999999999974, 3546, 0.10629212719439746
773, 88, -8.699999999999985, 3486, 0.06918498752411795
774, 59, -5.799999999999995, 3526, 0.09293420856868218
775, 124, -12.299999999999972, 3510, 0.08041233118638597
776, 82, -8.099999999999987, 3541, 0.09857385996056423
777, 72, -7.099999999999991, 3578, 0.09556139210204517
778, 76, -7.499999999999989, 3524, 0.228312053281988
779, 64, -6.299999999999994, 3391, 0.6650746045460236
780, 49, -4.799999999999999, 3496, 0.07614560508254264
781, 113, -11.199999999999976, 3372, 0.08649663291530912
782, 169, -16.79999999999997, 3460, 0.10521666396679086
783, 50, -4.899999999999999, 3572, 0.10206445020787225
784, 112, -11.099999999999977, 3422, 0.5955019184458954
785, 67, -6.5999999999999925, 3636, 0.08956840385789766
786, 48, -4.699999999999999, 3557, 0.08915379756999098
787, 143, -14.199999999999966, 3552, 0.10724946158577242
788, 63, -6.199999999999994, 3568, 0.11958845988512934
789, 49, -4.799999999999999, 3483, 0.0763913918390906
790, 74, -7.29999999999999, 3622, 0.6245100549801905
791, 61, -5.999999999999995, 3555, 0.1014705660473203
792, 61, -5.999999999999995, 3551, 0.14743636501772928
793, 82, -8.099999999999987, 3522, 0.09293358365964743
794, 54, -5.299999999999997, 3469, 0.0771925304911556
795, 130, -12.89999999999997, 3466, 0.08051768036887141
796, 58, -5.699999999999996, 3566, 0.08234490131116123
797, 77, -7.599999999999989, 3515, 0.07752493542667027
798, 88, -8.699999999999985, 3510, 0.09261547174028695
799, 82, -8.099999999999987, 3669, 0.6526713589981827
800, 56, -5.4999999999999964, 3728, 0.6557157446731141
801, 87, -8.599999999999985, 3663, 0.0828843996384383
802, 52, -5.099999999999998, 3737, 0.08169619861052313
803, 68, -6.699999999999992, 3550, 0.10470415693985236
804, 60, -5.899999999999995, 3640, 0.09756917661343434
805, 61, -5.999999999999995, 3544, 0.10055588084584266
806, 56, -5.4999999999999964, 3622, 0.07671451062467605
807, 60, -5.899999999999995, 3609, 0.08599088524335285
808, 59, -5.799999999999995, 3495, 0.07821908785670395
809, 54, -5.299999999999997, 3509, 0.6392305206258762
810, 57, -5.599999999999996, 3643, 0.42763879919986625
811, 78, -7.699999999999989, 3574, 0.07877999694155291
812, 45, -4.4, 3614, 0.1062283223620526
813, 73, -7.19999999999999, 3596, 0.2111985234926408
814, 100, -9.89999999999998, 3585, 0.0787366421642941
815, 51, -4.999999999999998, 3761, 0.09710576526786974
816, 55, -5.399999999999997, 3736, 0.0747104709614657
817, 64, -6.299999999999994, 3664, 0.08478570663372587
818, 59, -5.799999999999995, 3587, 0.07613778789575298
819, 59, -5.799999999999995, 3649, 0.07895104709548484
820, 54, -5.299999999999997, 3561, 0.09435899214267218
821, 83, -8.199999999999987, 3569, 0.07806519942705048
822, 66, -6.499999999999993, 3644, 0.08126683019852665
823, 51, -4.999999999999998, 3680, 0.11102616276427524
824, 72, -7.099999999999991, 3648, 0.07082618299485866
825, 90, -8.899999999999984, 3687, 0.0773040127968847
826, 47, -4.6, 3696, 0.09757796589424972
827, 50, -4.899999999999999, 3774, 0.07974773458213935
828, 86, -8.499999999999986, 3695, 0.6104828315889925
829, 59, -5.799999999999995, 3678, 0.06464238402592226
830, 48, -4.699999999999999, 3847, 0.1044769714546323
831, 52, -5.099999999999998, 3702, 0.6410242313576249
832, 58, -5.699999999999996, 3590, 0.0778744686772268
833, 70, -6.8999999999999915, 3709, 0.09556481224190568
834, 64, -6.299999999999994, 3664, 0.11113991789443167
835, 53, -5.1999999999999975, 3733, 0.5684802103900974
836, 59, -5.799999999999995, 3691, 0.10881067371220099
837, 58, -5.699999999999996, 3703, 0.09319686564888774
838, 135, -13.399999999999968, 3717, 0.09256913475204659
839, 74, -7.29999999999999, 3674, 0.07906549989757838
840, 59, -5.799999999999995, 3736, 0.6875064663768182
841, 56, -5.4999999999999964, 3716, 0.09571815305128073
842, 58, -5.699999999999996, 3639, 0.08647556885043794
843, 58, -5.699999999999996, 3736, 0.07154918090867879
844, 52, -5.099999999999998, 3600, 0.09225171184354819
845, 63, -6.199999999999994, 3739, 0.09730287885779276
846, 55, -5.399999999999997, 3749, 0.10195331542933661
847, 73, -7.19999999999999, 3777, 0.07508327243762691
848, 55, -5.399999999999997, 3750, 0.08831187522020256
849, 58, -5.699999999999996, 3765, 0.09615857848583964
850, 53, -5.1999999999999975, 3682, 0.07789075808798285
851, 61, -5.999999999999995, 3814, 0.6209644030420804
852, 83, -8.199999999999987, 3930, 0.07593020986594423
853, 47, -4.6, 3893, 0.06856324507494926
854, 58, -5.699999999999996, 3854, 0.08965019179295886
855, 58, -5.699999999999996, 3833, 0.08106012429525067
856, 77, -7.599999999999989, 3743, 0.08812916019950623
857, 54, -5.299999999999997, 3859, 0.12021094794272846
858, 52, -5.099999999999998, 3908, 0.11125468893871249
859, 55, -5.399999999999997, 3820, 0.08677315725713358
860, 65, -6.399999999999993, 3824, 0.1046784751178298
861, 54, -5.299999999999997, 3803, 0.09449697543585
862, 87, -8.599999999999985, 3743, 0.08555844247671307
863, 57, -5.599999999999996, 3913, 0.08609571807638439
864, 59, -5.799999999999995, 3705, 0.09111286343036618
865, 97, -9.599999999999982, 3842, 0.10744133490331165
866, 89, -8.799999999999985, 3794, 0.07760924482467502
867, 72, -7.099999999999991, 3846, 0.08989899329029472
868, 60, -5.899999999999995, 3840, 0.11206163195028562
869, 57, -5.599999999999996, 3919, 0.106291477491818
870, 68, -6.699999999999992, 3802, 0.618793653669552
871, 67, -6.5999999999999925, 3981, 0.07141225545758578
872, 59, -5.799999999999995, 3925, 0.09799239292314965
873, 64, -6.299999999999994, 3818, 0.5993429882767727
874, 52, -5.099999999999998, 3893, 0.07384389811809244
875, 60, -5.899999999999995, 3997, 0.10559190262311047
876, 74, -7.29999999999999, 3922, 0.08466143971899837
877, 52, -5.099999999999998, 3909, 0.09361458248543064
878, 61, -5.999999999999995, 3967, 0.10122755099878034
879, 88, -8.699999999999985, 3920, 0.07779499404572543
880, 57, -5.599999999999996, 3799, 0.08398991500434816
881, 64, -6.299999999999994, 3817, 0.07258424206074532
882, 69, -6.799999999999992, 3918, 0.6131279621596888
883, 54, -5.299999999999997, 4014, 0.09610325212024784
884, 89, -8.799999999999985, 3881, 0.6322687440044761
885, 68, -6.699999999999992, 3983, 0.3553014537608883
886, 53, -5.1999999999999975, 3921, 0.14378469089901103
887, 55, -5.399999999999997, 3917, 0.08708922194373692
888, 48, -4.699999999999999, 3916, 0.07300962134650657
889, 50, -4.899999999999999, 3998, 0.09889164363710745
890, 74, -7.29999999999999, 4065, 0.08919851335509987
891, 52, -5.099999999999998, 4026, 0.085605253796871
892, 61, -5.999999999999995, 3910, 0.07485984002037227
893, 48, -4.699999999999999, 3961, 0.0975293270090889
894, 77, -7.599999999999989, 3991, 0.08145924117781589
895, 69, -6.799999999999992, 4037, 0.08450621116555945
896, 104, -10.29999999999998, 3973, 0.08223859542109713
897, 51, -4.999999999999998, 4044, 0.0815082547751319
898, 171, -16.99999999999997, 3974, 0.08348824993117926
899, 68, -6.699999999999992, 3988, 0.07766617848949364
900, 59, -5.799999999999995, 4088, 0.087200749803511
901, 49, -4.799999999999999, 4013, 0.07908831202941924
902, 46, -4.5, 4144, 0.09392845315169973
903, 54, -5.299999999999997, 4018, 0.6305596822315318
904, 64, -6.299999999999994, 3953, 0.0999731949242082
905, 57, -5.599999999999996, 3968, 0.13858625080761455
906, 48, -4.699999999999999, 4027, 0.09905455216150405
907, 55, -5.399999999999997, 3989, 0.09454478666029353
908, 71, -6.999999999999991, 4068, 0.09267039237813202
909, 60, -5.899999999999995, 3989, 0.08876065444015813
910, 72, -7.099999999999991, 4066, 0.07623007440565999
911, 49, -4.799999999999999, 4001, 0.11030636534101479
912, 131, -12.99999999999997, 4058, 0.08004519236499563
913, 79, -7.799999999999988, 4009, 0.0888345670422348
914, 124, -12.299999999999972, 4135, 0.09371384070037192
915, 56, -5.4999999999999964, 4102, 0.08583574596164656
916, 53, -5.1999999999999975, 4060, 0.09923267366103561
917, 74, -7.29999999999999, 4107, 0.08696063341971592
918, 61, -5.999999999999995, 4030, 0.09633189583648893
919, 67, -6.5999999999999925, 4090, 0.08271025282267086
920, 56, -5.4999999999999964, 4131, 0.7123676522795448
921, 57, -5.599999999999996, 4092, 0.09115797865841557
922, 73, -7.19999999999999, 4140, 0.09747396319130619
923, 67, -6.5999999999999925, 4073, 0.09646373058370417
924, 76, -7.499999999999989, 4122, 0.5584520713202021
925, 61, -5.999999999999995, 4148, 0.1250758180047371
926, 82, -8.099999999999987, 4181, 0.09987275599118095
927, 72, -7.099999999999991, 4139, 0.0787902274618526
928, 54, -5.299999999999997, 4109, 0.09687230412564651
929, 57, -5.599999999999996, 4087, 0.6790754364847778
930, 53, -5.1999999999999975, 4230, 0.07001754316041042
931, 52, -5.099999999999998, 4193, 0.5224562676610223
932, 72, -7.099999999999991, 4216, 0.6470400994036489
933, 63, -6.199999999999994, 3987, 0.6595857764446551
934, 77, -7.599999999999989, 4186, 0.09835038768057514
935, 56, -5.4999999999999964, 4298, 0.08649763160041107
936, 63, -6.199999999999994, 4074, 0.09285647713829359
937, 62, -6.099999999999994, 4166, 0.08860670732969034
938, 55, -5.399999999999997, 4176, 0.0841444739381455
939, 49, -4.799999999999999, 4117, 0.08715953919388575
940, 64, -6.299999999999994, 4034, 0.086963555517374
941, 50, -4.899999999999999, 4116, 0.08781309166652518
942, 61, -5.999999999999995, 4281, 0.08654279336772652
943, 53, -5.1999999999999975, 4064, 0.0888754584811835
944, 50, -4.899999999999999, 4238, 0.09059216541155646
945, 64, -6.299999999999994, 4190, 0.09536395147131804
946, 59, -5.799999999999995, 4198, 0.09733760812912795
947, 77, -7.599999999999989, 4152, 0.6307067390830183
948, 123, -12.199999999999973, 4210, 0.08967155648587433
949, 67, -6.5999999999999925, 4144, 0.608478088743492
950, 61, -5.999999999999995, 4101, 0.5372247798999172
951, 58, -5.699999999999996, 4072, 0.0863468369335787
952, 80, -7.899999999999988, 4275, 0.09125491794708518
953, 78, -7.699999999999989, 4255, 0.12163953238986869
954, 55, -5.399999999999997, 4221, 0.08120047978216771
955, 50, -4.899999999999999, 4225, 0.10194288557242759
956, 130, -12.89999999999997, 4185, 0.09095088137522556
957, 56, -5.4999999999999964, 4182, 0.09418642006772404
958, 63, -6.199999999999994, 4300, 0.6598833893749747
959, 49, -4.799999999999999, 4175, 0.5968009691752563
960, 63, -6.199999999999994, 4198, 0.0938543714614295
961, 56, -5.4999999999999964, 4213, 0.08436359086520362
962, 58, -5.699999999999996, 4263, 0.424301003763476
963, 146, -14.499999999999964, 4184, 0.5744965531555342
964, 64, -6.299999999999994, 4255, 0.11650283477209855
965, 88, -8.699999999999985, 4385, 0.08721724315063284
966, 67, -6.5999999999999925, 4349, 0.09098877470095368
967, 61, -5.999999999999995, 4238, 0.07984140325534739
968, 64, -6.299999999999994, 4211, 0.10404469657082993
969, 63, -6.199999999999994, 4148, 0.07546464304465839
970, 63, -6.199999999999994, 4342, 0.07437681393392026
971, 62, -6.099999999999994, 4288, 0.09660378613263143
972, 89, -8.799999999999985, 4234, 0.5163799150830499
973, 84, -8.299999999999986, 4350, 0.1640191572388865
974, 56, -5.4999999999999964, 4227, 0.1124127921745075
975, 137, -13.599999999999968, 4242, 0.0809746533244482
976, 111, -10.999999999999977, 4343, 0.07683002357962465
977, 52, -5.099999999999998, 4278, 0.09992333199200232
978, 43, -4.200000000000001, 4332, 0.09107144057983563
979, 57, -5.599999999999996, 4309, 0.09981336194040358
980, 62, -6.099999999999994, 4424, 0.08451476940965641
981, 104, -10.29999999999998, 4171, 0.07495823174447214
982, 65, -6.399999999999993, 4430, 0.0862006597610454
983, 59, -5.799999999999995, 4452, 0.09532769573448757
984, 58, -5.699999999999996, 4437, 0.09187745998703667
985, 72, -7.099999999999991, 4284, 0.1139443565022451
986, 83, -8.199999999999987, 4121, 0.07629562184760541
987, 49, -4.799999999999999, 4333, 0.5887743301834734
988, 59, -5.799999999999995, 4373, 0.06632339034840928
989, 57, -5.599999999999996, 4316, 0.09514057613637839
990, 74, -7.29999999999999, 4222, 0.0834707568114833
991, 60, -5.899999999999995, 4366, 0.09246542520521084
992, 78, -7.699999999999989, 4453, 0.09082995272843775
993, 63, -6.199999999999994, 4392, 0.07844187059020558
994, 52, -5.099999999999998, 4462, 0.09518694402137884
995, 92, -9.099999999999984, 4389, 0.06837749915522595
996, 59, -5.799999999999995, 4460, 0.09560544933211435
997, 61, -5.999999999999995, 4385, 0.5885518842137527
998, 48, -4.699999999999999, 4310, 0.08398337671762768
999, 59, -5.799999999999995, 4570, 0.09211578228112138
1000, 55, -5.399999999999997, 4424, 0.09012692740433925
