Episode, Steps, Reward, Time (in milliseconds), Convergence
1, 225, -22.40000000000005, 34, 0.17809770024227678
2, 225, -22.40000000000005, 25, 0.17450566490338382
3, 225, -22.40000000000005, 33, 1.2158298090425839
4, 225, -22.40000000000005, 38, 0.19024703975690438
5, 225, -22.40000000000005, 38, 0.17806024917193175
6, 225, -22.40000000000005, 58, 0.13272688750813466
7, 225, -22.40000000000005, 80, 0.15061290600418165
8, 225, -22.40000000000005, 55, 0.1473020474171316
9, 225, -22.40000000000005, 74, 0.1715629268267851
10, 225, -22.40000000000005, 58, 0.14733717064923335
11, 225, -22.40000000000005, 67, 0.1257961017711644
12, 225, -22.40000000000005, 69, 0.1345504821392336
13, 225, -22.40000000000005, 70, 0.986749815791812
14, 225, -22.40000000000005, 80, 0.1743847966825236
15, 225, -22.40000000000005, 78, 0.2753922055378312
16, 225, -22.40000000000005, 94, 0.22329613550032823
17, 225, -22.40000000000005, 81, 0.14155576881430587
18, 225, -22.40000000000005, 90, 0.1691475700169891
19, 225, -22.40000000000005, 92, 0.2896470725562851
20, 225, -22.40000000000005, 96, 0.1421477600673653
21, 225, -22.40000000000005, 104, 0.15688109857739185
22, 225, -22.40000000000005, 88, 0.16997220820347936
23, 225, -22.40000000000005, 106, 0.2073146580233568
24, 225, -22.40000000000005, 106, 0.16648174703936824
25, 225, -22.40000000000005, 90, 0.14744043576596103
26, 225, -22.40000000000005, 112, 0.2023183359406402
27, 225, -22.40000000000005, 111, 0.3259599697898472
28, 225, -22.40000000000005, 110, 0.1708617556098805
29, 225, -22.40000000000005, 113, 0.18389611152596325
30, 225, -22.40000000000005, 122, 0.3578034863256865
31, 225, -22.40000000000005, 126, 0.17182557552499067
32, 225, -22.40000000000005, 123, 0.17585722427798203
33, 225, -22.40000000000005, 120, 0.16261524864828658
34, 225, -22.40000000000005, 128, 0.21078799532748071
35, 225, -22.40000000000005, 132, 0.29620852563072775
36, 225, -22.40000000000005, 126, 0.15582441456690654
37, 225, -22.40000000000005, 121, 0.25750721754893724
38, 225, -22.40000000000005, 134, 0.29879150594949905
39, 225, -22.40000000000005, 127, 0.20008335935000954
40, 167, -16.599999999999966, 122, 0.44855480515068935
41, 219, -21.80000000000004, 126, 0.19493056295361666
42, 225, -22.40000000000005, 135, 0.3623931958013062
43, 190, -18.9, 125, 0.18625409336020993
44, 225, -22.40000000000005, 133, 0.39795953033489884
45, 225, -22.40000000000005, 135, 0.36397411750635555
46, 186, -18.499999999999993, 136, 0.21297245475914522
47, 225, -22.40000000000005, 139, 0.24226205521860833
48, 225, -22.40000000000005, 133, 0.18809694276431133
49, 225, -22.40000000000005, 140, 0.3643949350156004
50, 225, -22.40000000000005, 136, 0.2909068285813947
51, 225, -22.40000000000005, 149, 0.36750035315989904
52, 225, -22.40000000000005, 139, 0.326896274216979
53, 62, -6.099999999999994, 144, 0.30292705866813163
54, 203, -20.200000000000017, 143, 0.2228939664914824
55, 225, -22.40000000000005, 144, 0.2110004053160277
56, 55, -5.399999999999997, 142, 0.22381861754647359
57, 92, -9.099999999999984, 144, 0.27331164422984655
58, 225, -22.40000000000005, 150, 0.18831347487331618
59, 225, -22.40000000000005, 151, 0.40009126211780144
60, 225, -22.40000000000005, 157, 0.30604259833614167
61, 225, -22.40000000000005, 149, 0.2775730640731813
62, 225, -22.40000000000005, 159, 0.42863177590798207
63, 69, -6.799999999999992, 151, 0.3258165764448797
64, 145, -14.399999999999965, 150, 0.25234705336448515
65, 152, -15.099999999999962, 145, 0.20150289891865958
66, 89, -8.799999999999985, 146, 0.31291419309751034
67, 63, -6.199999999999994, 156, 0.1517073042204493
68, 102, -10.09999999999998, 149, 0.3738197883924437
69, 186, -18.499999999999993, 152, 0.17370575837004365
70, 225, -22.40000000000005, 144, 0.26926795569312745
71, 55, -5.399999999999997, 149, 0.3229384049025452
72, 104, -10.29999999999998, 153, 0.40559444942151157
73, 225, -22.40000000000005, 161, 0.2935688318751335
74, 51, -4.999999999999998, 154, 0.2638994434114488
75, 58, -5.699999999999996, 149, 0.23103402111462357
76, 150, -14.899999999999963, 157, 0.2153998285459786
77, 110, -10.899999999999977, 151, 0.38308405890586084
78, 52, -5.099999999999998, 156, 0.1891085771540877
79, 225, -22.40000000000005, 172, 0.43146666076559237
80, 186, -18.499999999999993, 161, 0.2898057227330333
81, 194, -19.300000000000004, 164, 0.3330385173262449
82, 108, -10.699999999999978, 154, 0.2610897241198509
83, 99, -9.799999999999981, 161, 0.30343424987943557
84, 48, -4.699999999999999, 161, 0.3980340959280655
85, 60, -5.899999999999995, 162, 0.32456295022424086
86, 94, -9.299999999999983, 172, 0.3207046083798877
87, 75, -7.39999999999999, 154, 0.3341409748990143
88, 121, -11.999999999999973, 170, 0.3680489368706632
89, 71, -6.999999999999991, 166, 0.16783982598754132
90, 107, -10.599999999999978, 169, 0.27163161738923447
91, 152, -15.099999999999962, 168, 0.34070066747429717
92, 51, -4.999999999999998, 178, 0.34502208771500564
93, 68, -6.699999999999992, 164, 0.30156691106901157
94, 133, -13.199999999999969, 171, 0.4917823641047572
95, 77, -7.599999999999989, 166, 0.27201087895249154
96, 63, -6.199999999999994, 168, 0.3113430180147452
97, 51, -4.999999999999998, 158, 0.15999757777706636
98, 74, -7.29999999999999, 169, 0.2692939967881487
99, 70, -6.8999999999999915, 179, 0.5216679320733832
100, 176, -17.49999999999998, 169, 0.3060894827979306
101, 163, -16.19999999999996, 171, 0.31435560832112364
102, 93, -9.199999999999983, 167, 0.20529335391159953
103, 225, -22.40000000000005, 156, 0.3810076412889566
104, 62, -6.099999999999994, 173, 0.27230364241293215
105, 59, -5.799999999999995, 167, 1.32066435592299
106, 212, -21.10000000000003, 168, 0.17022761804730324
107, 85, -8.399999999999986, 167, 0.1984863589907615
108, 50, -4.899999999999999, 171, 0.45534922959916746
109, 116, -11.499999999999975, 170, 0.2651390897050301
110, 100, -9.89999999999998, 179, 0.42429817985047613
111, 56, -5.4999999999999964, 174, 0.4453302744104919
112, 75, -7.39999999999999, 183, 0.43512805472300853
113, 51, -4.999999999999998, 174, 0.3848928656888826
114, 67, -6.5999999999999925, 166, 0.3146519979973008
115, 77, -7.599999999999989, 175, 0.2502229846248622
116, 51, -4.999999999999998, 167, 0.3008726980833223
117, 48, -4.699999999999999, 172, 0.26111225977447916
118, 119, -11.799999999999974, 176, 0.2540208271814106
119, 73, -7.19999999999999, 168, 0.37365746923537313
120, 196, -19.500000000000007, 178, 0.31733200284624785
121, 118, -11.699999999999974, 176, 0.45218718685630943
122, 225, -22.40000000000005, 186, 0.3972592205392331
123, 100, -9.89999999999998, 174, 0.40669658293760447
124, 68, -6.699999999999992, 182, 0.3361465080488998
125, 46, -4.5, 178, 0.20491727043724128
126, 106, -10.499999999999979, 186, 0.4347049195142896
127, 151, -14.999999999999963, 178, 0.3516400479504962
128, 225, -22.40000000000005, 174, 1.3646660181660502
129, 170, -16.89999999999997, 185, 0.38896806431341835
130, 98, -9.699999999999982, 175, 0.28025322300040556
131, 225, -22.40000000000005, 185, 0.3652104473990705
132, 56, -5.4999999999999964, 182, 0.21359145740426788
133, 85, -8.399999999999986, 180, 0.178893864904756
134, 178, -17.69999999999998, 179, 0.35850378705673247
135, 109, -10.799999999999978, 180, 0.34291245708397744
136, 55, -5.399999999999997, 194, 0.3449838945983258
137, 155, -15.399999999999961, 184, 0.3079153239052892
138, 115, -11.399999999999975, 186, 0.24313761391811228
139, 122, -12.099999999999973, 180, 0.18692447109961652
140, 88, -8.699999999999985, 184, 0.2171456513189729
141, 151, -14.999999999999963, 185, 0.24798553265722023
142, 54, -5.299999999999997, 195, 0.3580822600154785
143, 114, -11.299999999999976, 192, 0.3939004050495296
144, 66, -6.499999999999993, 186, 0.38912370392016715
145, 99, -9.799999999999981, 187, 0.24656932435595025
146, 225, -22.40000000000005, 190, 0.312718245539928
147, 82, -8.099999999999987, 188, 0.2837197845335093
148, 48, -4.699999999999999, 191, 0.2746336083773313
149, 65, -6.399999999999993, 190, 0.2521825961299662
150, 86, -8.499999999999986, 178, 0.23660359171718504
151, 225, -22.40000000000005, 186, 0.3338485251737291
152, 74, -7.29999999999999, 193, 0.3091737340783163
153, 188, -18.699999999999996, 201, 0.2365457212670763
154, 225, -22.40000000000005, 189, 0.29906952683918475
155, 69, -6.799999999999992, 199, 0.3567172241416783
156, 83, -8.199999999999987, 201, 0.2270712226642111
157, 76, -7.499999999999989, 206, 0.462320744536834
158, 225, -22.40000000000005, 197, 0.2643116048569698
159, 66, -6.499999999999993, 195, 0.387708100415451
160, 103, -10.19999999999998, 188, 0.2506394699142267
161, 83, -8.199999999999987, 201, 0.46240593736867996
162, 67, -6.5999999999999925, 192, 0.24395868244900676
163, 225, -22.40000000000005, 190, 0.5061969258087434
164, 59, -5.799999999999995, 202, 0.18500861237634147
165, 60, -5.899999999999995, 193, 0.24338235010152354
166, 61, -5.999999999999995, 198, 0.22490044189375524
167, 55, -5.399999999999997, 194, 0.17661668808853598
168, 55, -5.399999999999997, 199, 0.24063234911134712
169, 161, -15.99999999999996, 202, 0.26786790677144934
170, 109, -10.799999999999978, 197, 0.29246843546223467
171, 225, -22.40000000000005, 199, 0.3115650989507346
172, 54, -5.299999999999997, 197, 0.5040491056944426
173, 109, -10.799999999999978, 186, 0.3411765175391903
174, 162, -16.09999999999996, 203, 0.17717548846990971
175, 225, -22.40000000000005, 200, 0.4327326575126986
176, 56, -5.4999999999999964, 195, 0.28499059848826525
177, 63, -6.199999999999994, 193, 0.21910871498307438
178, 80, -7.899999999999988, 207, 0.41901074295621
179, 79, -7.799999999999988, 208, 0.3202471307796926
180, 225, -22.40000000000005, 197, 0.2838893111826368
181, 225, -22.40000000000005, 202, 0.45405248999481695
182, 50, -4.899999999999999, 193, 0.20927114233453636
183, 140, -13.899999999999967, 201, 0.13917231918334183
184, 52, -5.099999999999998, 207, 0.1511103712156181
185, 225, -22.40000000000005, 196, 0.20809187301594267
186, 225, -22.40000000000005, 199, 0.23726183047897442
187, 159, -15.79999999999996, 205, 0.233004960856233
188, 49, -4.799999999999999, 205, 0.17000797682100455
189, 75, -7.39999999999999, 213, 0.2585002093441007
190, 93, -9.199999999999983, 207, 0.46073189913764967
191, 51, -4.999999999999998, 205, 0.22958757925619766
192, 225, -22.40000000000005, 208, 0.3407131107136441
193, 60, -5.899999999999995, 206, 0.2810037301825328
194, 101, -9.99999999999998, 217, 0.3688436670946369
195, 93, -9.199999999999983, 201, 0.512880127946802
196, 101, -9.99999999999998, 199, 0.26119441133845545
197, 217, -21.600000000000037, 208, 0.4793663529286569
198, 66, -6.499999999999993, 216, 0.3225167646902847
199, 225, -22.40000000000005, 208, 0.31089253822830676
200, 59, -5.799999999999995, 222, 0.3124015986821096
201, 81, -7.999999999999988, 221, 0.39889704586972874
202, 73, -7.19999999999999, 206, 0.19426586875285246
203, 64, -6.299999999999994, 218, 0.2733498186620731
204, 108, -10.699999999999978, 210, 0.29133102418982426
205, 177, -17.59999999999998, 209, 0.36596444843270015
206, 94, -9.299999999999983, 206, 0.3722549788027205
207, 171, -16.99999999999997, 209, 0.5015287499344283
208, 225, -22.40000000000005, 223, 0.15932926541083647
209, 93, -9.199999999999983, 206, 0.4025019238073384
210, 67, -6.5999999999999925, 218, 0.18139203813739657
211, 225, -22.40000000000005, 220, 0.4380712085698151
212, 225, -22.40000000000005, 220, 0.3018823978618306
213, 70, -6.8999999999999915, 212, 0.2576678544943647
214, 225, -22.40000000000005, 217, 0.260161175728471
215, 185, -18.39999999999999, 224, 0.4499129141628009
216, 47, -4.6, 215, 0.16261324318913806
217, 48, -4.699999999999999, 226, 0.25626103109089904
218, 117, -11.599999999999975, 211, 0.261436109381751
219, 91, -8.999999999999984, 220, 0.40517201721109886
220, 56, -5.4999999999999964, 211, 0.19811926651643785
221, 82, -8.099999999999987, 213, 0.2560587753407835
222, 59, -5.799999999999995, 228, 0.38967396199880744
223, 69, -6.799999999999992, 220, 0.3397838894117269
224, 56, -5.4999999999999964, 223, 0.24541313790796027
225, 84, -8.299999999999986, 226, 0.23505181448798806
226, 147, -14.599999999999964, 227, 1.455415595905591
227, 163, -16.19999999999996, 231, 0.20079446932409883
228, 88, -8.699999999999985, 223, 0.33213165235189956
229, 89, -8.799999999999985, 223, 0.3641555575627944
230, 90, -8.899999999999984, 216, 0.2535643610533045
231, 107, -10.599999999999978, 225, 0.33925942456586383
232, 63, -6.199999999999994, 214, 0.49119009785142964
233, 85, -8.399999999999986, 225, 0.38417174498458895
234, 66, -6.499999999999993, 225, 0.2460517241546536
235, 88, -8.699999999999985, 227, 0.3000150872797578
236, 51, -4.999999999999998, 223, 0.33803573720653546
237, 63, -6.199999999999994, 219, 0.3783025487719016
238, 89, -8.799999999999985, 224, 0.30069583136420985
239, 86, -8.499999999999986, 229, 0.5184530261936615
240, 54, -5.299999999999997, 224, 0.23719327148620328
241, 225, -22.40000000000005, 229, 0.36552238262433523
242, 72, -7.099999999999991, 231, 0.3068328624846788
243, 154, -15.299999999999962, 232, 0.27132619446011397
244, 65, -6.399999999999993, 236, 0.24365823579526108
245, 47, -4.6, 233, 0.285796757922526
246, 92, -9.099999999999984, 224, 0.20112144907426366
247, 63, -6.199999999999994, 241, 0.5214877575266981
248, 85, -8.399999999999986, 237, 0.28154353218485195
249, 86, -8.499999999999986, 223, 0.3170894624923336
250, 67, -6.5999999999999925, 231, 0.26719396481795377
251, 95, -9.399999999999983, 230, 0.18634603995049615
252, 85, -8.399999999999986, 237, 0.3660373764934439
253, 182, -18.099999999999987, 229, 0.29017405139170327
254, 56, -5.4999999999999964, 233, 0.19093820607503065
255, 217, -21.600000000000037, 230, 0.5094414508494829
256, 61, -5.999999999999995, 228, 0.31538448024367716
257, 215, -21.400000000000034, 225, 0.2815669228771269
258, 87, -8.599999999999985, 228, 0.3715460515832856
259, 225, -22.40000000000005, 239, 0.33634165934462246
260, 99, -9.799999999999981, 236, 0.3602580115623999
261, 74, -7.29999999999999, 236, 0.37801360727947975
262, 92, -9.099999999999984, 227, 0.21269780653313863
263, 44, -4.300000000000001, 233, 0.16860152216557056
264, 98, -9.699999999999982, 233, 0.17186773030884772
265, 75, -7.39999999999999, 237, 0.2966445528579955
266, 225, -22.40000000000005, 237, 0.28223494451656383
267, 98, -9.699999999999982, 229, 0.2553170801610247
268, 70, -6.8999999999999915, 233, 0.36529565507902095
269, 53, -5.1999999999999975, 241, 0.24380977409057092
270, 65, -6.399999999999993, 242, 0.2857046827230607
271, 47, -4.6, 226, 0.29935794828947215
272, 169, -16.79999999999997, 234, 0.32000789856612544
273, 66, -6.499999999999993, 238, 0.42980460210958404
274, 80, -7.899999999999988, 236, 0.24488244985916685
275, 149, -14.799999999999963, 235, 0.3286005118096713
276, 84, -8.299999999999986, 242, 0.4563671672663654
277, 105, -10.399999999999979, 237, 0.2556779428336302
278, 80, -7.899999999999988, 234, 0.107693825682043
279, 56, -5.4999999999999964, 236, 0.2570691084611427
280, 66, -6.499999999999993, 243, 0.30003738233207744
281, 58, -5.699999999999996, 246, 0.37827053393283716
282, 155, -15.399999999999961, 242, 0.22689435081409903
283, 104, -10.29999999999998, 244, 0.27472852116956403
284, 54, -5.299999999999997, 238, 0.13395027330036502
285, 225, -22.40000000000005, 246, 0.16941258029388795
286, 155, -15.399999999999961, 247, 0.2174926202480676
287, 63, -6.199999999999994, 232, 0.18545689796857567
288, 86, -8.499999999999986, 244, 0.3295050256049703
289, 114, -11.299999999999976, 238, 0.4349765406471975
290, 57, -5.599999999999996, 241, 0.20889410795343943
291, 127, -12.599999999999971, 260, 0.33238190673605933
292, 225, -22.40000000000005, 252, 0.45641295709746665
293, 57, -5.599999999999996, 235, 0.2675271458461377
294, 54, -5.299999999999997, 236, 0.2837907403565456
295, 83, -8.199999999999987, 257, 0.41118359561308737
296, 88, -8.699999999999985, 251, 0.3425148157481459
297, 72, -7.099999999999991, 250, 0.4132698266120107
298, 46, -4.5, 248, 0.26958091481284185
299, 69, -6.799999999999992, 248, 0.226142045018474
300, 126, -12.499999999999972, 246, 0.31842768591889675
301, 112, -11.099999999999977, 249, 0.24077459836834203
302, 191, -19.0, 256, 0.28705286704522237
303, 134, -13.299999999999969, 250, 0.31551668844612335
304, 107, -10.599999999999978, 241, 0.2437881282702723
305, 136, -13.499999999999968, 251, 0.26781650164112536
306, 61, -5.999999999999995, 245, 0.35255367947963867
307, 204, -20.30000000000002, 256, 0.20120452505463682
308, 52, -5.099999999999998, 246, 0.27569746273225126
309, 57, -5.599999999999996, 258, 0.23719914848145152
310, 103, -10.19999999999998, 257, 0.40189279783477705
311, 65, -6.399999999999993, 260, 0.32863878755710463
312, 225, -22.40000000000005, 249, 0.342964286240236
313, 225, -22.40000000000005, 251, 0.26202519411079095
314, 74, -7.29999999999999, 253, 0.21871850521617175
315, 103, -10.19999999999998, 258, 0.18268584503644325
316, 63, -6.199999999999994, 257, 0.5258286001899596
317, 51, -4.999999999999998, 247, 0.1726286825056682
318, 96, -9.499999999999982, 266, 0.47799165539034316
319, 66, -6.499999999999993, 245, 0.1693801778763806
320, 81, -7.999999999999988, 261, 0.308676863634858
321, 74, -7.29999999999999, 260, 0.2047434250935556
322, 225, -22.40000000000005, 264, 0.14995044741832197
323, 73, -7.19999999999999, 259, 0.17335554118999763
324, 49, -4.799999999999999, 252, 0.2733923317439362
325, 64, -6.299999999999994, 260, 0.25318773309464726
326, 68, -6.699999999999992, 259, 0.21946702051123168
327, 55, -5.399999999999997, 250, 0.30311084096255914
328, 78, -7.699999999999989, 260, 0.32330366949344547
329, 177, -17.59999999999998, 262, 0.34216327390786194
330, 104, -10.29999999999998, 270, 0.20030379383443186
331, 65, -6.399999999999993, 259, 0.23663943057590275
332, 225, -22.40000000000005, 259, 0.32067698100749253
333, 77, -7.599999999999989, 264, 0.2687272319657823
334, 62, -6.099999999999994, 268, 0.478209262215342
335, 225, -22.40000000000005, 258, 0.40870181484288626
336, 225, -22.40000000000005, 261, 0.23704175586348875
337, 131, -12.99999999999997, 269, 0.24432795872747648
338, 138, -13.699999999999967, 271, 0.4469153800303882
339, 90, -8.899999999999984, 266, 0.25382909228720774
340, 196, -19.500000000000007, 260, 0.2813974425875889
341, 124, -12.299999999999972, 268, 0.35955973531426366
342, 65, -6.399999999999993, 259, 0.5992411558330971
343, 100, -9.89999999999998, 268, 0.34956299019813075
344, 185, -18.39999999999999, 259, 0.5005110781892319
345, 90, -8.899999999999984, 273, 0.23433567038912795
346, 225, -22.40000000000005, 262, 0.33126907042509357
347, 70, -6.8999999999999915, 263, 0.2500347581071083
348, 83, -8.199999999999987, 262, 0.3178829750015204
349, 82, -8.099999999999987, 269, 0.2915065874984597
350, 188, -18.699999999999996, 270, 0.37132856489834554
351, 114, -11.299999999999976, 279, 0.35124103155625797
352, 125, -12.399999999999972, 267, 0.24203263707095068
353, 73, -7.19999999999999, 268, 0.2918479100838889
354, 106, -10.499999999999979, 276, 0.3288909116496621
355, 148, -14.699999999999964, 266, 0.37499415725669305
356, 80, -7.899999999999988, 278, 0.41550637105625254
357, 100, -9.89999999999998, 278, 0.5432241076668127
358, 68, -6.699999999999992, 269, 0.5263342765573094
359, 131, -12.99999999999997, 265, 0.2140797497152973
360, 225, -22.40000000000005, 278, 0.281721095381015
361, 61, -5.999999999999995, 264, 0.12816584853129775
362, 56, -5.4999999999999964, 268, 0.21466713186326158
363, 92, -9.099999999999984, 275, 0.3999317546932959
364, 101, -9.99999999999998, 278, 0.3202035248471282
365, 59, -5.799999999999995, 268, 0.1853639070219013
366, 101, -9.99999999999998, 264, 0.21778084145112464
367, 47, -4.6, 266, 0.24797097107401145
368, 225, -22.40000000000005, 263, 0.4568931517740418
369, 225, -22.40000000000005, 268, 0.3436282682222189
370, 68, -6.699999999999992, 274, 0.4056787115807332
371, 74, -7.29999999999999, 289, 0.40389875542137377
372, 61, -5.999999999999995, 274, 0.3114486415372908
373, 159, -15.79999999999996, 279, 0.23439070925011873
374, 78, -7.699999999999989, 275, 0.31426494634715274
375, 45, -4.4, 277, 0.24467481109980938
376, 115, -11.399999999999975, 276, 0.2717317678763908
377, 117, -11.599999999999975, 276, 0.44682545079613734
378, 55, -5.399999999999997, 284, 0.2853481801785489
379, 74, -7.29999999999999, 285, 0.3934968215165928
380, 82, -8.099999999999987, 282, 0.2196720000732424
381, 119, -11.799999999999974, 283, 0.5239591988006163
382, 54, -5.299999999999997, 275, 0.40822218597888926
383, 95, -9.399999999999983, 274, 0.23559363135277023
384, 63, -6.199999999999994, 283, 0.46162278102425314
385, 75, -7.39999999999999, 282, 0.2311511816528582
386, 115, -11.399999999999975, 279, 0.36935086625320257
387, 225, -22.40000000000005, 287, 0.3628397911319181
388, 81, -7.999999999999988, 290, 0.28210532727863225
389, 225, -22.40000000000005, 283, 0.42361483370891095
390, 76, -7.499999999999989, 284, 0.43907428443601004
391, 134, -13.299999999999969, 294, 0.42018290132529723
392, 225, -22.40000000000005, 286, 0.3479365496586224
393, 48, -4.699999999999999, 277, 0.328055261619677
394, 56, -5.4999999999999964, 286, 0.2861276674407969
395, 56, -5.4999999999999964, 283, 0.153979900455665
396, 72, -7.099999999999991, 300, 0.22840807096791949
397, 81, -7.999999999999988, 288, 0.2998346191954244
398, 113, -11.199999999999976, 283, 0.2648519770401103
399, 225, -22.40000000000005, 290, 0.4141049624482762
400, 51, -4.999999999999998, 279, 0.3382952228824134
401, 225, -22.40000000000005, 281, 0.2724051613306888
402, 109, -10.799999999999978, 287, 0.309939192117092
403, 55, -5.399999999999997, 295, 0.18583082918238736
404, 56, -5.4999999999999964, 288, 0.2529163116993671
405, 104, -10.29999999999998, 287, 0.3199886054791947
406, 64, -6.299999999999994, 296, 0.28864331559382217
407, 117, -11.599999999999975, 282, 0.434357850004228
408, 103, -10.19999999999998, 283, 0.37924570688187886
409, 224, -22.300000000000047, 293, 0.396605715992864
410, 225, -22.40000000000005, 306, 0.3420452573053234
411, 64, -6.299999999999994, 290, 0.2327090042320421
412, 67, -6.5999999999999925, 293, 0.5162103141751198
413, 134, -13.299999999999969, 292, 0.43334347445189136
414, 52, -5.099999999999998, 294, 0.22370688200778255
415, 80, -7.899999999999988, 300, 0.23688894716210607
416, 76, -7.499999999999989, 298, 0.328119569752487
417, 225, -22.40000000000005, 297, 0.1845938440698598
418, 183, -18.19999999999999, 295, 0.4382637308547537
419, 114, -11.299999999999976, 291, 0.32469096013964316
420, 63, -6.199999999999994, 292, 0.31391608513638936
421, 93, -9.199999999999983, 291, 0.38060816468741354
422, 97, -9.599999999999982, 298, 0.42752477699566693
423, 62, -6.099999999999994, 305, 0.3077328821807632
424, 87, -8.599999999999985, 279, 0.38998620567776965
425, 63, -6.199999999999994, 295, 0.28016591687058456
426, 225, -22.40000000000005, 302, 0.2675661541194101
427, 67, -6.5999999999999925, 297, 0.2553701345617516
428, 62, -6.099999999999994, 298, 0.4600078862654351
429, 55, -5.399999999999997, 296, 0.4060099359554359
430, 70, -6.8999999999999915, 296, 0.1908985369045535
431, 63, -6.199999999999994, 282, 0.14917212996932272
432, 206, -20.50000000000002, 303, 0.1659567557595043
433, 128, -12.69999999999997, 297, 0.3853117959805127
434, 89, -8.799999999999985, 302, 0.3330032518110364
435, 95, -9.399999999999983, 305, 0.32906481171940705
436, 80, -7.899999999999988, 306, 0.1920908565750481
437, 75, -7.39999999999999, 305, 0.3891977242958613
438, 55, -5.399999999999997, 304, 0.22726487233420123
439, 71, -6.999999999999991, 294, 0.31776061868736616
440, 225, -22.40000000000005, 312, 0.22692086413984724
441, 65, -6.399999999999993, 293, 0.31985061408513893
442, 62, -6.099999999999994, 305, 0.35050167384212916
443, 225, -22.40000000000005, 318, 0.18622207219716191
444, 225, -22.40000000000005, 300, 0.3427974394284954
445, 225, -22.40000000000005, 309, 0.3042058511865653
446, 225, -22.40000000000005, 299, 0.2543524482043966
447, 80, -7.899999999999988, 312, 0.4009083211563226
448, 73, -7.19999999999999, 296, 0.2950539237363805
449, 68, -6.699999999999992, 311, 0.246010206564498
450, 47, -4.6, 308, 0.17655598524274252
451, 55, -5.399999999999997, 298, 0.39077101860950125
452, 58, -5.699999999999996, 309, 0.3072072096058869
453, 68, -6.699999999999992, 312, 0.2911604639961256
454, 73, -7.19999999999999, 299, 0.3304495243430927
455, 90, -8.899999999999984, 310, 0.48523023041014657
456, 122, -12.099999999999973, 297, 0.23363427797901215
457, 187, -18.599999999999994, 315, 0.22844551867897778
458, 51, -4.999999999999998, 310, 0.25233738779330384
459, 82, -8.099999999999987, 305, 0.4090583175210284
460, 49, -4.799999999999999, 311, 0.17726857491260217
461, 106, -10.499999999999979, 312, 0.3807139749296331
462, 57, -5.599999999999996, 294, 0.24152324568259342
463, 162, -16.09999999999996, 321, 0.39629998057337135
464, 108, -10.699999999999978, 317, 0.3093377517485463
465, 80, -7.899999999999988, 321, 0.24264663779542017
466, 93, -9.199999999999983, 310, 0.23299464303609962
467, 73, -7.19999999999999, 309, 0.2567628122176453
468, 55, -5.399999999999997, 313, 0.5509501232053609
469, 53, -5.1999999999999975, 323, 0.16201049786103505
470, 93, -9.199999999999983, 314, 0.3224433974048635
471, 80, -7.899999999999988, 313, 0.3329473836006498
472, 109, -10.799999999999978, 320, 0.2922452167754901
473, 225, -22.40000000000005, 315, 0.3304188395881249
474, 51, -4.999999999999998, 316, 0.24883568658020883
475, 225, -22.40000000000005, 322, 0.24717281653972512
476, 138, -13.699999999999967, 315, 0.2467656157928193
477, 94, -9.299999999999983, 313, 0.28870898220614505
478, 108, -10.699999999999978, 322, 0.21115498690215295
479, 60, -5.899999999999995, 327, 0.3129184337723565
480, 61, -5.999999999999995, 326, 0.3877391157448318
481, 225, -22.40000000000005, 314, 0.47001195410498076
482, 109, -10.799999999999978, 317, 0.2488603685664077
483, 93, -9.199999999999983, 319, 0.2959080806420733
484, 132, -13.09999999999997, 319, 0.35986578756259957
485, 97, -9.599999999999982, 321, 0.3852554201457301
486, 86, -8.499999999999986, 333, 0.4788358626173652
487, 225, -22.40000000000005, 315, 0.23758378835205418
488, 96, -9.499999999999982, 318, 0.2966695586912511
489, 57, -5.599999999999996, 317, 0.26667259885607075
490, 85, -8.399999999999986, 337, 0.3976357624593492
491, 98, -9.699999999999982, 327, 0.2667600729283994
492, 76, -7.499999999999989, 312, 0.2627781097938031
493, 71, -6.999999999999991, 318, 0.4965582247100935
494, 112, -11.099999999999977, 332, 0.15513008172642806
495, 59, -5.799999999999995, 315, 0.4341238600395263
496, 139, -13.799999999999967, 329, 0.325972392298715
497, 80, -7.899999999999988, 324, 0.19555451528042322
498, 75, -7.39999999999999, 325, 0.34785150455274405
499, 102, -10.09999999999998, 321, 0.2790794902225162
500, 217, -21.600000000000037, 326, 0.35539308267014147
501, 66, -6.499999999999993, 324, 0.15618350493610222
502, 110, -10.899999999999977, 321, 0.5151965007483681
503, 99, -9.799999999999981, 333, 0.3700299778467582
504, 97, -9.599999999999982, 326, 0.32715788836734827
505, 139, -13.799999999999967, 332, 0.29956995901553457
506, 133, -13.199999999999969, 333, 0.3042103646270915
507, 43, -4.200000000000001, 326, 0.3767138323226724
508, 78, -7.699999999999989, 342, 0.3280680726203986
509, 55, -5.399999999999997, 328, 0.2731685890789506
510, 83, -8.199999999999987, 336, 0.3287301639326121
511, 47, -4.6, 328, 0.2505193793202861
512, 143, -14.199999999999966, 329, 0.3482752674835139
513, 54, -5.299999999999997, 329, 0.2899849514199495
514, 225, -22.40000000000005, 336, 0.3941490041842104
515, 115, -11.399999999999975, 331, 0.1639757581111118
516, 107, -10.599999999999978, 339, 0.28357692541950463
517, 53, -5.1999999999999975, 330, 0.25673637105759384
518, 95, -9.399999999999983, 330, 0.18631424687128173
519, 91, -8.999999999999984, 331, 0.2755194157669574
520, 225, -22.40000000000005, 333, 0.4099341139747126
521, 225, -22.40000000000005, 348, 0.3657550379353989
522, 57, -5.599999999999996, 328, 0.3217317533732445
523, 51, -4.999999999999998, 330, 0.21069558290823487
524, 99, -9.799999999999981, 334, 0.2658544988129423
525, 68, -6.699999999999992, 342, 0.47728327383877467
526, 225, -22.40000000000005, 337, 0.24779479249888237
527, 53, -5.1999999999999975, 339, 0.2812298130542503
528, 148, -14.699999999999964, 329, 0.32977061286840104
529, 86, -8.499999999999986, 336, 0.20329779770659373
530, 100, -9.89999999999998, 346, 0.1820156641159778
531, 66, -6.499999999999993, 335, 0.4113163171739296
532, 68, -6.699999999999992, 341, 0.35522867825599747
533, 57, -5.599999999999996, 348, 0.48438393927158785
534, 63, -6.199999999999994, 336, 0.27914891135742526
535, 94, -9.299999999999983, 339, 0.4221368529272733
536, 165, -16.399999999999963, 342, 0.4082357164088384
537, 225, -22.40000000000005, 336, 0.4076171413522456
538, 96, -9.499999999999982, 342, 0.17233476936570824
539, 225, -22.40000000000005, 339, 0.22285122963277137
540, 81, -7.999999999999988, 342, 0.43827245009812454
541, 89, -8.799999999999985, 346, 0.3545143568170217
542, 81, -7.999999999999988, 348, 0.2876518373675325
543, 107, -10.599999999999978, 343, 0.2790311874709131
544, 60, -5.899999999999995, 337, 0.19733311936187725
545, 71, -6.999999999999991, 347, 0.14801667364243398
546, 49, -4.799999999999999, 336, 0.2005702838892992
547, 135, -13.399999999999968, 351, 0.24423091346299053
548, 153, -15.199999999999962, 346, 0.40384291306809694
549, 134, -13.299999999999969, 346, 0.2953684193542212
550, 88, -8.699999999999985, 341, 0.23537446805387807
551, 59, -5.799999999999995, 359, 0.40312850593991145
552, 225, -22.40000000000005, 351, 0.22310875114665185
553, 160, -15.89999999999996, 338, 0.21290176298947827
554, 115, -11.399999999999975, 348, 0.23845336186995914
555, 225, -22.40000000000005, 350, 0.28271440428408345
556, 225, -22.40000000000005, 348, 0.24993528612020244
557, 96, -9.499999999999982, 342, 0.21048773414140554
558, 55, -5.399999999999997, 350, 0.1830029131757036
559, 121, -11.999999999999973, 354, 0.3446473158016723
560, 120, -11.899999999999974, 352, 0.5674517276807749
561, 69, -6.799999999999992, 347, 0.32738693518104345
562, 115, -11.399999999999975, 344, 0.4353667403548082
563, 144, -14.299999999999965, 353, 0.44699482604704155
564, 85, -8.399999999999986, 344, 0.20351238768622215
565, 184, -18.29999999999999, 350, 0.27381832484388124
566, 71, -6.999999999999991, 343, 0.40518555181539306
567, 71, -6.999999999999991, 336, 0.2139045027287314
568, 83, -8.199999999999987, 356, 0.1825402976459931
569, 66, -6.499999999999993, 342, 0.3613326836015398
570, 85, -8.399999999999986, 344, 0.5471394413215886
571, 70, -6.8999999999999915, 351, 0.25589273507885657
572, 149, -14.799999999999963, 339, 0.39073275057248535
573, 81, -7.999999999999988, 341, 0.19335396519122972
574, 82, -8.099999999999987, 353, 0.27661192549764335
575, 225, -22.40000000000005, 345, 0.3250438482660436
576, 54, -5.299999999999997, 348, 0.38412968973715156
577, 65, -6.399999999999993, 348, 0.1566620048969547
578, 89, -8.799999999999985, 344, 0.45925565193350026
579, 52, -5.099999999999998, 352, 0.1383135737166637
580, 81, -7.999999999999988, 356, 0.2991387111375845
581, 105, -10.399999999999979, 353, 0.3563233507177519
582, 77, -7.599999999999989, 357, 0.33684241987380137
583, 70, -6.8999999999999915, 364, 0.2720524843232339
584, 145, -14.399999999999965, 363, 0.3606591185384267
585, 225, -22.40000000000005, 358, 0.25357144757582306
586, 69, -6.799999999999992, 367, 0.22426203941630085
587, 78, -7.699999999999989, 361, 0.3573153869368154
588, 60, -5.899999999999995, 364, 0.2204539625492894
589, 69, -6.799999999999992, 355, 0.4143654062974975
590, 172, -17.099999999999973, 357, 0.2734103576794751
591, 113, -11.199999999999976, 362, 0.34723483173273006
592, 196, -19.500000000000007, 359, 0.2975123662965742
593, 103, -10.19999999999998, 360, 0.28122703187203246
594, 225, -22.40000000000005, 366, 0.30407654625023883
595, 225, -22.40000000000005, 357, 0.2757847316566555
596, 52, -5.099999999999998, 361, 0.30637925725066717
597, 225, -22.40000000000005, 359, 0.37270483353942296
598, 52, -5.099999999999998, 361, 0.3046847970342661
599, 118, -11.699999999999974, 359, 0.3121083215344706
600, 87, -8.599999999999985, 358, 0.3167934613942651
601, 70, -6.8999999999999915, 360, 0.32114955426267455
602, 72, -7.099999999999991, 361, 0.19967159550090652
603, 79, -7.799999999999988, 355, 0.30424169247522137
604, 225, -22.40000000000005, 364, 0.317061070933375
605, 61, -5.999999999999995, 366, 0.2737723358363984
606, 70, -6.8999999999999915, 365, 0.39936298766980016
607, 57, -5.599999999999996, 366, 0.25245127236072173
608, 58, -5.699999999999996, 370, 0.22120974227732138
609, 66, -6.499999999999993, 368, 0.2750409916129364
610, 104, -10.29999999999998, 360, 0.2585720599569168
611, 57, -5.599999999999996, 361, 0.3603927367437896
612, 67, -6.5999999999999925, 362, 0.36882244266645614
613, 123, -12.199999999999973, 362, 0.3687304930819004
614, 100, -9.89999999999998, 366, 0.2379241568895143
615, 57, -5.599999999999996, 353, 0.28035682228096936
616, 52, -5.099999999999998, 375, 0.2684517817738443
617, 101, -9.99999999999998, 371, 0.4111003714401038
618, 66, -6.499999999999993, 367, 0.35472706888569316
619, 225, -22.40000000000005, 365, 0.29591995505181545
620, 53, -5.1999999999999975, 384, 0.45106243629969184
621, 132, -13.09999999999997, 377, 0.30992168980718215
622, 57, -5.599999999999996, 374, 0.3415724858144238
623, 74, -7.29999999999999, 369, 0.360694104555048
624, 93, -9.199999999999983, 380, 0.26225848916754496
625, 68, -6.699999999999992, 368, 0.4292935781363387
626, 225, -22.40000000000005, 379, 0.24883665445751113
627, 85, -8.399999999999986, 373, 0.17344317506538642
628, 56, -5.4999999999999964, 375, 0.36748408023117807
629, 87, -8.599999999999985, 376, 0.4285996900366995
630, 146, -14.499999999999964, 382, 0.5039557164941404
631, 79, -7.799999999999988, 364, 0.2859115661110858
632, 69, -6.799999999999992, 370, 0.35215444905493154
633, 80, -7.899999999999988, 368, 0.3146125990858195
634, 149, -14.799999999999963, 377, 0.3567916345773352
635, 225, -22.40000000000005, 380, 0.3378334810523782
636, 64, -6.299999999999994, 384, 0.23169069647009088
637, 151, -14.999999999999963, 382, 0.2779384617525549
638, 78, -7.699999999999989, 378, 0.2470025560833362
639, 58, -5.699999999999996, 366, 0.25703428632147984
640, 53, -5.1999999999999975, 379, 0.24260657131647356
641, 68, -6.699999999999992, 385, 0.22294270566781682
642, 68, -6.699999999999992, 372, 0.2391524447328952
643, 46, -4.5, 380, 0.14140520326519745
644, 56, -5.4999999999999964, 369, 0.3827132088729077
645, 94, -9.299999999999983, 385, 0.32081257519644346
646, 122, -12.099999999999973, 373, 0.2409387664238566
647, 143, -14.199999999999966, 380, 0.398595487677861
648, 61, -5.999999999999995, 378, 0.3975787418164858
649, 146, -14.499999999999964, 380, 0.42148224691846126
650, 114, -11.299999999999976, 385, 0.33885661159642577
651, 90, -8.899999999999984, 382, 0.2292643700030943
652, 72, -7.099999999999991, 384, 0.3474658951366085
653, 113, -11.199999999999976, 390, 0.3685577727770233
654, 71, -6.999999999999991, 387, 0.3047831020947691
655, 57, -5.599999999999996, 385, 0.16910092370419694
656, 197, -19.60000000000001, 396, 0.2769451496978532
657, 111, -10.999999999999977, 377, 0.14280096126539865
658, 102, -10.09999999999998, 380, 0.35224207256989093
659, 214, -21.300000000000033, 388, 0.379243240181818
660, 126, -12.499999999999972, 380, 0.23809070089024487
661, 165, -16.399999999999963, 385, 0.3720816011564816
662, 225, -22.40000000000005, 380, 0.317977130272985
663, 146, -14.499999999999964, 391, 0.2909469018605564
664, 65, -6.399999999999993, 376, 0.27017906098086664
665, 225, -22.40000000000005, 391, 0.3891734154419435
666, 59, -5.799999999999995, 398, 0.3538172875801404
667, 65, -6.399999999999993, 396, 0.37730478292517144
668, 124, -12.299999999999972, 394, 0.2731826483120412
669, 101, -9.99999999999998, 383, 0.19474733880504203
670, 68, -6.699999999999992, 404, 0.44398939824572015
671, 55, -5.399999999999997, 403, 0.37332881239910387
672, 152, -15.099999999999962, 390, 0.3715786035050743
673, 84, -8.299999999999986, 392, 0.4031887721422771
674, 70, -6.8999999999999915, 390, 0.3168715418220136
675, 225, -22.40000000000005, 395, 0.25475817710557047
676, 74, -7.29999999999999, 385, 0.32088121949201476
677, 48, -4.699999999999999, 388, 0.2736003285126767
678, 70, -6.8999999999999915, 388, 0.3273292012453277
679, 123, -12.199999999999973, 389, 0.3287957272835784
680, 158, -15.69999999999996, 396, 0.2645246793119913
681, 225, -22.40000000000005, 402, 0.4881938478393839
682, 131, -12.99999999999997, 395, 0.28711409029338775
683, 46, -4.5, 393, 0.12879033607380697
684, 225, -22.40000000000005, 386, 0.19357778992846497
685, 213, -21.20000000000003, 398, 0.2865912133416524
686, 125, -12.399999999999972, 410, 0.28688711635337594
687, 86, -8.499999999999986, 397, 0.3256804476746944
688, 77, -7.599999999999989, 400, 0.3275767174111395
689, 142, -14.099999999999966, 405, 0.3555319442012239
690, 101, -9.99999999999998, 399, 0.19815065952567168
691, 130, -12.89999999999997, 400, 0.2678545952683189
692, 103, -10.19999999999998, 387, 0.24513026424484996
693, 126, -12.499999999999972, 402, 0.46705324662142633
694, 197, -19.60000000000001, 395, 0.5027472494592335
695, 83, -8.199999999999987, 407, 0.40604283176129563
696, 149, -14.799999999999963, 402, 0.4017118960572965
697, 52, -5.099999999999998, 395, 0.28623525004718076
698, 96, -9.499999999999982, 399, 0.31461697622927187
699, 217, -21.600000000000037, 424, 0.39827857087786844
700, 137, -13.599999999999968, 402, 0.2937233925953282
701, 225, -22.40000000000005, 408, 0.3454602589608706
702, 225, -22.40000000000005, 396, 0.43545633362411484
703, 135, -13.399999999999968, 407, 0.44441052224137456
704, 70, -6.8999999999999915, 406, 0.26733844192143597
705, 131, -12.99999999999997, 400, 0.291348091830983
706, 49, -4.799999999999999, 399, 0.32196773035939463
707, 83, -8.199999999999987, 402, 0.29511971470010256
708, 62, -6.099999999999994, 404, 0.3372661991307797
709, 62, -6.099999999999994, 401, 0.22136248091405708
710, 62, -6.099999999999994, 399, 0.40116170605135304
711, 108, -10.699999999999978, 416, 0.3652079440222351
712, 55, -5.399999999999997, 412, 0.14399242175790183
713, 75, -7.39999999999999, 404, 0.410384533983867
714, 69, -6.799999999999992, 396, 0.4751307039838426
715, 143, -14.199999999999966, 419, 0.27457747260576726
716, 51, -4.999999999999998, 409, 0.2528773447495185
717, 80, -7.899999999999988, 411, 0.37392932543669244
718, 83, -8.199999999999987, 418, 0.3732110352631137
719, 110, -10.899999999999977, 398, 0.2818176215258841
720, 121, -11.999999999999973, 411, 0.4925733497624001
721, 76, -7.499999999999989, 404, 0.41316514442754393
722, 56, -5.4999999999999964, 408, 0.31503639810508144
723, 72, -7.099999999999991, 406, 0.30261800953844986
724, 82, -8.099999999999987, 406, 0.28920904777904766
725, 60, -5.899999999999995, 410, 0.4021381695483395
726, 85, -8.399999999999986, 431, 0.22236724296473476
727, 51, -4.999999999999998, 412, 0.19507506776336703
728, 57, -5.599999999999996, 408, 0.35360689649968036
729, 56, -5.4999999999999964, 411, 0.41254852156144883
730, 142, -14.099999999999966, 405, 0.3419591093334501
731, 80, -7.899999999999988, 415, 0.40941390518393295
732, 56, -5.4999999999999964, 432, 0.32213256676228075
733, 73, -7.19999999999999, 410, 0.1875544479973259
734, 163, -16.19999999999996, 415, 0.30342616555049595
735, 49, -4.799999999999999, 420, 0.2894112211682852
736, 112, -11.099999999999977, 417, 0.23186009098005034
737, 111, -10.999999999999977, 417, 0.24589190487615697
738, 135, -13.399999999999968, 433, 0.4133281718751234
739, 104, -10.29999999999998, 416, 0.168401746411599
740, 52, -5.099999999999998, 413, 0.2856412953587276
741, 105, -10.399999999999979, 421, 0.3215342796953723
742, 73, -7.19999999999999, 417, 0.13714097543949344
743, 56, -5.4999999999999964, 422, 0.45839075987360545
744, 67, -6.5999999999999925, 413, 0.21537866957120744
745, 112, -11.099999999999977, 414, 0.2414751196057836
746, 71, -6.999999999999991, 424, 0.25925249508954584
747, 94, -9.299999999999983, 421, 0.356810624451096
748, 58, -5.699999999999996, 428, 0.28869856067658306
749, 100, -9.89999999999998, 412, 0.294116846471395
750, 88, -8.699999999999985, 435, 0.3632898919702594
751, 80, -7.899999999999988, 420, 0.3263736494764511
752, 59, -5.799999999999995, 417, 0.322004469120996
753, 81, -7.999999999999988, 417, 0.16392647986927855
754, 57, -5.599999999999996, 427, 0.17704744235657044
755, 69, -6.799999999999992, 431, 0.34268039460620914
756, 48, -4.699999999999999, 421, 0.29403736352429166
757, 65, -6.399999999999993, 423, 0.3436693615865425
758, 153, -15.199999999999962, 416, 0.31545404686528844
759, 60, -5.899999999999995, 429, 0.5022467647063276
760, 80, -7.899999999999988, 429, 0.19962591441807254
761, 170, -16.89999999999997, 418, 0.3740892060692875
762, 52, -5.099999999999998, 421, 0.5096026796401156
763, 225, -22.40000000000005, 422, 0.2765698698225041
764, 225, -22.40000000000005, 436, 0.36704266066584124
765, 115, -11.399999999999975, 426, 0.37430648724426163
766, 58, -5.699999999999996, 429, 0.1596699800642356
767, 65, -6.399999999999993, 424, 0.2291469222760052
768, 225, -22.40000000000005, 421, 0.4044230632620023
769, 124, -12.299999999999972, 430, 0.45670770079038814
770, 118, -11.699999999999974, 419, 0.35691566723974244
771, 67, -6.5999999999999925, 422, 0.2503704257668593
772, 194, -19.300000000000004, 423, 0.3968630092799905
773, 57, -5.599999999999996, 428, 0.19027682440777838
774, 67, -6.5999999999999925, 436, 0.38403124447072035
775, 73, -7.19999999999999, 431, 0.467859272330414
776, 225, -22.40000000000005, 430, 0.33916732907372893
777, 83, -8.199999999999987, 439, 0.3414797106850091
778, 219, -21.80000000000004, 443, 0.3514092693739286
779, 214, -21.300000000000033, 422, 0.3083760073913704
780, 56, -5.4999999999999964, 442, 0.3117017612934385
781, 54, -5.299999999999997, 424, 0.30569166123879987
782, 111, -10.999999999999977, 426, 0.3415322296895007
783, 114, -11.299999999999976, 430, 0.4641005975885273
784, 139, -13.799999999999967, 432, 0.3198951405826411
785, 74, -7.29999999999999, 431, 0.3731981365903816
786, 157, -15.59999999999996, 436, 0.33044819251751334
787, 76, -7.499999999999989, 444, 0.36817045580208063
788, 79, -7.799999999999988, 429, 0.2984659889698089
789, 63, -6.199999999999994, 446, 0.35555937564846474
790, 57, -5.599999999999996, 438, 0.281223582359738
791, 93, -9.199999999999983, 429, 0.3399301025432746
792, 70, -6.8999999999999915, 437, 0.2246006692949012
793, 53, -5.1999999999999975, 432, 0.1346069957749576
794, 55, -5.399999999999997, 441, 0.21905515824713762
795, 55, -5.399999999999997, 432, 0.2410758977233152
796, 175, -17.399999999999977, 439, 0.358918230175828
797, 80, -7.899999999999988, 433, 0.22407102444216953
798, 55, -5.399999999999997, 435, 0.334235660026033
799, 90, -8.899999999999984, 447, 0.3935096627845367
800, 140, -13.899999999999967, 448, 0.3444115231431031
801, 52, -5.099999999999998, 443, 0.530594896637538
802, 76, -7.499999999999989, 427, 0.41670801050560513
803, 133, -13.199999999999969, 431, 0.27945715251928815
804, 219, -21.80000000000004, 436, 0.25374945451543374
805, 47, -4.6, 444, 0.319642491586539
806, 225, -22.40000000000005, 442, 0.3750921446913047
807, 74, -7.29999999999999, 433, 0.2560513500682088
808, 60, -5.899999999999995, 445, 0.2538784140211239
809, 69, -6.799999999999992, 455, 0.22566386236783798
810, 87, -8.599999999999985, 451, 0.3129414944353759
811, 62, -6.099999999999994, 442, 0.23210572919762007
812, 83, -8.199999999999987, 446, 0.21653666670486338
813, 77, -7.599999999999989, 447, 0.28922802645948886
814, 65, -6.399999999999993, 449, 0.43031498994656536
815, 119, -11.799999999999974, 434, 0.3940985695989794
816, 113, -11.199999999999976, 445, 0.3956698966203849
817, 65, -6.399999999999993, 437, 0.36436151714177667
818, 98, -9.699999999999982, 440, 0.362710049251064
819, 72, -7.099999999999991, 470, 0.20538933753246447
820, 49, -4.799999999999999, 449, 0.5382651891444388
821, 96, -9.499999999999982, 447, 0.37730798992438297
822, 55, -5.399999999999997, 441, 0.3302820790149217
823, 127, -12.599999999999971, 447, 0.37363826063523753
824, 56, -5.4999999999999964, 441, 0.4018809057238424
825, 225, -22.40000000000005, 440, 0.2354122659237623
826, 49, -4.799999999999999, 455, 0.39747805918901724
827, 61, -5.999999999999995, 439, 0.33206067174855836
828, 225, -22.40000000000005, 452, 0.25514114636344765
829, 58, -5.699999999999996, 462, 0.25842516323418696
830, 111, -10.999999999999977, 463, 0.2556792464935258
831, 65, -6.399999999999993, 453, 0.2790904398388734
832, 97, -9.599999999999982, 444, 0.3355744420521525
833, 61, -5.999999999999995, 429, 0.2665870581697587
834, 225, -22.40000000000005, 449, 0.22849328305707006
835, 85, -8.399999999999986, 460, 0.4960361582564816
836, 152, -15.099999999999962, 474, 0.21901836595406565
837, 68, -6.699999999999992, 466, 0.3341558594710785
838, 128, -12.69999999999997, 445, 0.2999633764675825
839, 59, -5.799999999999995, 451, 0.36477870509631827
840, 77, -7.599999999999989, 464, 0.3106389575826074
841, 188, -18.699999999999996, 460, 0.186858064538291
842, 85, -8.399999999999986, 464, 0.2757748835265481
843, 56, -5.4999999999999964, 453, 0.31333563718874435
844, 54, -5.299999999999997, 457, 0.29528191030477435
845, 56, -5.4999999999999964, 461, 0.18487517958768507
846, 58, -5.699999999999996, 455, 0.1992673679903989
847, 165, -16.399999999999963, 457, 0.33542316395200356
848, 122, -12.099999999999973, 456, 0.49052068854645503
849, 58, -5.699999999999996, 460, 0.1693390311092049
850, 64, -6.299999999999994, 458, 0.2307522411137577
851, 75, -7.39999999999999, 452, 0.2504607663506153
852, 50, -4.899999999999999, 454, 0.26764318475163407
853, 77, -7.599999999999989, 455, 0.3245577975031487
854, 225, -22.40000000000005, 475, 0.3936800743769635
855, 60, -5.899999999999995, 454, 0.2834768463062578
856, 53, -5.1999999999999975, 456, 0.22786682070666964
857, 106, -10.499999999999979, 453, 0.34973369291237044
858, 94, -9.299999999999983, 462, 0.3142351433814916
859, 190, -18.9, 464, 0.20414789280761614
860, 53, -5.1999999999999975, 461, 0.28110774911668734
861, 141, -13.999999999999966, 466, 0.2550210914510531
862, 54, -5.299999999999997, 450, 0.3345214313797886
863, 55, -5.399999999999997, 464, 0.431376023358121
864, 123, -12.199999999999973, 465, 0.3703703450875988
865, 71, -6.999999999999991, 462, 0.3560567583407652
866, 46, -4.5, 474, 0.28243402871145395
867, 61, -5.999999999999995, 468, 0.2917842512217823
868, 59, -5.799999999999995, 471, 0.32420292928817485
869, 98, -9.699999999999982, 465, 0.26253245120083757
870, 65, -6.399999999999993, 450, 0.3378165205542496
871, 120, -11.899999999999974, 460, 0.2127553649763323
872, 225, -22.40000000000005, 463, 0.3064430680775243
873, 54, -5.299999999999997, 477, 0.4510982006180204
874, 46, -4.5, 453, 0.15853295510037757
875, 65, -6.399999999999993, 479, 0.2566445527641923
876, 103, -10.19999999999998, 467, 0.34985523093532267
877, 69, -6.799999999999992, 466, 0.37194933519508844
878, 95, -9.399999999999983, 464, 0.33934160419329196
879, 79, -7.799999999999988, 460, 0.3999146864252836
880, 97, -9.599999999999982, 469, 0.3343427251782325
881, 75, -7.39999999999999, 466, 0.3200135548855728
882, 55, -5.399999999999997, 468, 0.17828631500946468
883, 89, -8.799999999999985, 467, 0.20880607500905513
884, 133, -13.199999999999969, 468, 0.26085367543995996
885, 54, -5.299999999999997, 489, 0.2700512321732431
886, 87, -8.599999999999985, 483, 0.46953145633397453
887, 53, -5.1999999999999975, 479, 0.378557256358401
888, 225, -22.40000000000005, 473, 0.3567176923117019
889, 87, -8.599999999999985, 467, 0.43295486486967216
890, 84, -8.299999999999986, 469, 0.24230429594486
891, 63, -6.199999999999994, 468, 0.260923461555151
892, 97, -9.599999999999982, 472, 0.27329556202479965
893, 51, -4.999999999999998, 475, 0.37952603577636257
894, 99, -9.799999999999981, 473, 0.2516412314932626
895, 225, -22.40000000000005, 464, 0.49151241596718354
896, 56, -5.4999999999999964, 478, 0.26861990187871765
897, 157, -15.59999999999996, 483, 0.5480385013681133
898, 83, -8.199999999999987, 474, 0.2905296948402283
899, 58, -5.699999999999996, 480, 0.43244718328830434
900, 57, -5.599999999999996, 472, 0.23542853307690592
901, 172, -17.099999999999973, 479, 0.2776379939942244
902, 54, -5.299999999999997, 481, 0.2530612859485566
903, 53, -5.1999999999999975, 475, 0.2742702394304522
904, 72, -7.099999999999991, 485, 0.4473268829884436
905, 60, -5.899999999999995, 472, 0.40294442208276227
906, 83, -8.199999999999987, 476, 0.2885385335611529
907, 63, -6.199999999999994, 492, 0.2504395048161655
908, 98, -9.699999999999982, 493, 0.3731532049413375
909, 68, -6.699999999999992, 476, 0.28523685618581496
910, 61, -5.999999999999995, 488, 0.3992251104216096
911, 124, -12.299999999999972, 478, 0.29552483829812387
912, 116, -11.499999999999975, 477, 0.3314909704600627
913, 76, -7.499999999999989, 480, 0.28680478890471495
914, 60, -5.899999999999995, 484, 0.3273238963891212
915, 141, -13.999999999999966, 476, 0.21558906551174983
916, 62, -6.099999999999994, 481, 0.22202884483884944
917, 77, -7.599999999999989, 485, 0.35197002667815247
918, 67, -6.5999999999999925, 488, 0.21650768584298352
919, 50, -4.899999999999999, 487, 0.34753803842107667
920, 108, -10.699999999999978, 490, 0.23660749141737358
921, 54, -5.299999999999997, 482, 0.2962781318688301
922, 58, -5.699999999999996, 491, 0.5208095635707117
923, 204, -20.30000000000002, 485, 0.4521961060122561
924, 69, -6.799999999999992, 481, 0.15138614586203492
925, 81, -7.999999999999988, 489, 0.3103460373684974
926, 162, -16.09999999999996, 481, 0.1691154063425746
927, 63, -6.199999999999994, 475, 0.34679013535509107
928, 89, -8.799999999999985, 481, 0.2596418438231187
929, 225, -22.40000000000005, 483, 0.33852677548446986
930, 74, -7.29999999999999, 497, 0.3689467602278882
931, 92, -9.099999999999984, 486, 0.2160274602352582
932, 90, -8.899999999999984, 495, 0.3262777404210526
933, 121, -11.999999999999973, 487, 0.2580244828124143
934, 51, -4.999999999999998, 485, 0.2001079848448728
935, 85, -8.399999999999986, 494, 0.18366422041001207
936, 66, -6.499999999999993, 484, 0.4398961902430629
937, 111, -10.999999999999977, 511, 0.34885420219404617
938, 59, -5.799999999999995, 502, 0.2486093063640824
939, 128, -12.69999999999997, 499, 0.3742395362502924
940, 64, -6.299999999999994, 503, 0.36462629588327244
941, 57, -5.599999999999996, 481, 0.2758908425872053
942, 47, -4.6, 485, 0.17282297594397544
943, 57, -5.599999999999996, 489, 0.3473827921144226
944, 74, -7.29999999999999, 493, 0.22132222051927197
945, 139, -13.799999999999967, 489, 0.38797444995802666
946, 225, -22.40000000000005, 496, 0.33671703220928473
947, 66, -6.499999999999993, 493, 0.20418554994466076
948, 59, -5.799999999999995, 495, 0.2927135245885615
949, 72, -7.099999999999991, 493, 0.28734380397272474
950, 170, -16.89999999999997, 494, 0.27435920792892365
951, 141, -13.999999999999966, 486, 0.20359682426037207
952, 126, -12.499999999999972, 490, 0.20633938567318322
953, 53, -5.1999999999999975, 491, 0.23956303034656856
954, 120, -11.899999999999974, 490, 0.46203215746407045
955, 72, -7.099999999999991, 510, 0.35611722106381505
956, 50, -4.899999999999999, 496, 0.2536940025100809
957, 53, -5.1999999999999975, 498, 0.35384536904686836
958, 66, -6.499999999999993, 494, 0.28993563209059525
959, 144, -14.299999999999965, 500, 0.23644143741089185
960, 225, -22.40000000000005, 498, 0.3965296527787222
961, 55, -5.399999999999997, 508, 0.4232929800586437
962, 79, -7.799999999999988, 506, 0.4309577354362719
963, 52, -5.099999999999998, 497, 0.35566965136742645
964, 54, -5.299999999999997, 507, 0.30670833769016315
965, 66, -6.499999999999993, 499, 0.2827331902114705
966, 56, -5.4999999999999964, 491, 0.3349766236789451
967, 106, -10.499999999999979, 498, 0.3771792446897295
968, 90, -8.899999999999984, 504, 0.4202974488135789
969, 63, -6.199999999999994, 508, 0.28233374589877447
970, 93, -9.199999999999983, 501, 0.20881624458278059
971, 56, -5.4999999999999964, 513, 0.3505756655080674
972, 72, -7.099999999999991, 502, 0.43800191208396555
973, 64, -6.299999999999994, 513, 0.44163805426855995
974, 171, -16.99999999999997, 504, 0.24820091936746458
975, 114, -11.299999999999976, 514, 0.25739477223982643
976, 59, -5.799999999999995, 500, 0.2293396873559468
977, 73, -7.19999999999999, 511, 0.15143592075301993
978, 53, -5.1999999999999975, 498, 0.24888219663040578
979, 47, -4.6, 513, 0.41159410884772285
980, 53, -5.1999999999999975, 501, 0.3527499956866391
981, 53, -5.1999999999999975, 519, 0.33949080957400035
982, 193, -19.200000000000003, 503, 0.3550785438796087
983, 114, -11.299999999999976, 510, 0.3183728458260453
984, 58, -5.699999999999996, 491, 0.36328629309256133
985, 53, -5.1999999999999975, 503, 0.1671862992261275
986, 151, -14.999999999999963, 504, 0.27230479746065317
987, 159, -15.79999999999996, 515, 0.45389151218848456
988, 72, -7.099999999999991, 502, 0.2632842724989568
989, 62, -6.099999999999994, 508, 0.4798501847189386
990, 54, -5.299999999999997, 504, 0.19706456125590288
991, 78, -7.699999999999989, 505, 0.19852694052850195
992, 111, -10.999999999999977, 511, 0.5867569435418845
993, 116, -11.499999999999975, 509, 0.2623276339178582
994, 194, -19.300000000000004, 499, 0.24356102909998079
995, 59, -5.799999999999995, 515, 0.4517448193646594
996, 55, -5.399999999999997, 506, 0.2166740022012621
997, 70, -6.8999999999999915, 506, 0.2224824878053715
998, 193, -19.200000000000003, 495, 0.3513774344285179
999, 108, -10.699999999999978, 506, 0.2890460724875803
1000, 71, -6.999999999999991, 504, 0.3597460144765865
