Episode, Steps, Reward, Time (in milliseconds), Convergence
1, 225, -22.40000000000005, 37, 0.2010999
2, 225, -22.40000000000005, 63, 0.1995548302899
3, 225, -22.40000000000005, 76, 0.016200000000000006
4, 225, -22.40000000000005, 95, 0.19877559167267922
5, 225, -22.40000000000005, 95, 0.19897050607391642
6, 225, -22.40000000000005, 115, 0.13740229273643395
7, 225, -22.40000000000005, 121, 0.015356095797127794
8, 225, -22.40000000000005, 136, 0.19567097901971042
9, 225, -22.40000000000005, 135, 0.01468661150420919
10, 225, -22.40000000000005, 154, 0.028838458372468567
11, 225, -22.40000000000005, 174, 0.1982722507858905
12, 225, -22.40000000000005, 175, 0.017001657603688103
13, 225, -22.40000000000005, 149, 0.014872362030582287
14, 225, -22.40000000000005, 214, 0.016921571798104246
15, 225, -22.40000000000005, 190, 0.016613720720937863
16, 225, -22.40000000000005, 209, 0.018277611650970638
17, 225, -22.40000000000005, 224, 0.01385545396858956
18, 225, -22.40000000000005, 218, 0.017951073676244683
19, 225, -22.40000000000005, 216, 0.014462807584140647
20, 225, -22.40000000000005, 247, 0.018924793127958014
21, 225, -22.40000000000005, 232, 0.017278830108062415
22, 225, -22.40000000000005, 242, 0.01530034272178371
23, 225, -22.40000000000005, 256, 0.016779953409251203
24, 225, -22.40000000000005, 242, 0.15167397738550392
25, 225, -22.40000000000005, 267, 0.016920005790663606
26, 225, -22.40000000000005, 272, 0.018068708853126836
27, 225, -22.40000000000005, 296, 0.01910403195146121
28, 225, -22.40000000000005, 285, 0.021789726457195346
29, 225, -22.40000000000005, 297, 0.13786493878239403
30, 225, -22.40000000000005, 290, 0.017902096813225632
31, 225, -22.40000000000005, 295, 0.01862328459118534
32, 225, -22.40000000000005, 317, 0.01941039492402548
33, 225, -22.40000000000005, 323, 0.015878558503983398
34, 225, -22.40000000000005, 317, 0.1978703523001455
35, 225, -22.40000000000005, 332, 0.14883649173258073
36, 225, -22.40000000000005, 323, 0.016802977498994454
37, 225, -22.40000000000005, 338, 0.014322540881378631
38, 225, -22.40000000000005, 338, 0.01791926045966119
39, 225, -22.40000000000005, 358, 0.019380126283761012
40, 225, -22.40000000000005, 350, 0.0160724863816728
41, 225, -22.40000000000005, 344, 0.017638813850904045
42, 225, -22.40000000000005, 357, 0.01639419442202128
43, 225, -22.40000000000005, 329, 0.019218123190251235
44, 225, -22.40000000000005, 369, 0.023619594710781677
45, 225, -22.40000000000005, 363, 0.018011003390643876
46, 225, -22.40000000000005, 385, 0.020118662102836526
47, 225, -22.40000000000005, 369, 0.017580609397112534
48, 225, -22.40000000000005, 375, 0.01853974342173903
49, 225, -22.40000000000005, 387, 0.01923741290321848
50, 225, -22.40000000000005, 371, 0.019731556131384442
51, 225, -22.40000000000005, 368, 0.17081969194192848
52, 225, -22.40000000000005, 385, 0.01704138855576265
53, 225, -22.40000000000005, 427, 0.01617867581796628
54, 225, -22.40000000000005, 394, 0.019307411595588186
55, 225, -22.40000000000005, 434, 0.019788126900813774
56, 225, -22.40000000000005, 394, 0.017669957706271666
57, 225, -22.40000000000005, 401, 0.01867512454392284
58, 225, -22.40000000000005, 422, 0.014075857861348684
59, 225, -22.40000000000005, 435, 0.017566721412790365
60, 225, -22.40000000000005, 413, 0.021285871832339487
61, 225, -22.40000000000005, 432, 0.021334855456956042
62, 225, -22.40000000000005, 444, 0.014111194516020387
63, 225, -22.40000000000005, 436, 0.018714632405766263
64, 225, -22.40000000000005, 424, 0.015020927665830186
65, 225, -22.40000000000005, 441, 0.016951799567881176
66, 225, -22.40000000000005, 449, 0.01860745692117549
67, 225, -22.40000000000005, 461, 0.01812590912914047
68, 225, -22.40000000000005, 429, 0.023658387900445166
69, 225, -22.40000000000005, 448, 0.01807424759413584
70, 225, -22.40000000000005, 465, 0.020278256428901242
71, 225, -22.40000000000005, 453, 0.017930465405388896
72, 225, -22.40000000000005, 479, 0.01992695034311931
73, 225, -22.40000000000005, 459, 0.023457308932924414
74, 225, -22.40000000000005, 497, 0.024655841962761896
75, 225, -22.40000000000005, 488, 0.019369166580734953
76, 225, -22.40000000000005, 480, 0.022875482034006356
77, 225, -22.40000000000005, 476, 0.02134550920897882
78, 225, -22.40000000000005, 496, 0.018133436262348757
79, 225, -22.40000000000005, 483, 0.019665877492911266
80, 225, -22.40000000000005, 487, 0.018537351900283383
81, 225, -22.40000000000005, 497, 0.01869477395172492
82, 225, -22.40000000000005, 497, 0.018409676823783472
83, 225, -22.40000000000005, 490, 0.02079889666268364
84, 225, -22.40000000000005, 510, 0.02038613616889129
85, 225, -22.40000000000005, 491, 0.02191629840666126
86, 225, -22.40000000000005, 505, 0.015813908319911807
87, 225, -22.40000000000005, 501, 0.015071335849523582
88, 225, -22.40000000000005, 514, 0.019015107139858434
89, 225, -22.40000000000005, 503, 0.01862562257798772
90, 225, -22.40000000000005, 506, 0.01636452659435461
91, 225, -22.40000000000005, 532, 0.020431405854330564
92, 225, -22.40000000000005, 518, 0.019963002461864
93, 225, -22.40000000000005, 524, 0.024319653104379224
94, 225, -22.40000000000005, 540, 0.018028555841895555
95, 225, -22.40000000000005, 546, 0.19762627748537787
96, 225, -22.40000000000005, 526, 0.016617581261131997
97, 225, -22.40000000000005, 535, 0.018843540733557873
98, 225, -22.40000000000005, 527, 0.02310033520092844
99, 225, -22.40000000000005, 537, 0.015133475159242904
100, 225, -22.40000000000005, 553, 0.022222811665255082
101, 225, -22.40000000000005, 558, 0.01771943680483612
102, 225, -22.40000000000005, 547, 0.027233814780770374
103, 225, -22.40000000000005, 569, 0.018571634097911766
104, 225, -22.40000000000005, 550, 0.023842770675363625
105, 225, -22.40000000000005, 559, 0.016977402019476617
106, 225, -22.40000000000005, 561, 0.01715207410877362
107, 225, -22.40000000000005, 555, 0.016905033638208167
108, 225, -22.40000000000005, 574, 0.023127835254029866
109, 225, -22.40000000000005, 549, 0.020083381190553362
110, 225, -22.40000000000005, 578, 0.019956578652438772
111, 225, -22.40000000000005, 556, 0.017101958383980653
112, 225, -22.40000000000005, 577, 0.0212893412679952
113, 225, -22.40000000000005, 581, 0.01804999850308281
114, 225, -22.40000000000005, 566, 0.02408817117302875
115, 225, -22.40000000000005, 584, 0.02612379207280502
116, 225, -22.40000000000005, 575, 0.02104629325520413
117, 225, -22.40000000000005, 584, 0.016426797905343626
118, 225, -22.40000000000005, 604, 0.014194499584521125
119, 225, -22.40000000000005, 588, 0.016003357480475433
120, 225, -22.40000000000005, 578, 0.02232526067007856
121, 225, -22.40000000000005, 610, 0.02218975949233848
122, 225, -22.40000000000005, 582, 0.019903159594914177
123, 225, -22.40000000000005, 607, 0.016771940310715605
124, 225, -22.40000000000005, 596, 0.0217062654157808
125, 225, -22.40000000000005, 601, 0.018086627211347128
126, 225, -22.40000000000005, 585, 0.014456913993614595
127, 225, -22.40000000000005, 590, 0.024618381570510328
128, 225, -22.40000000000005, 604, 0.018486400904512257
129, 225, -22.40000000000005, 606, 0.01621228317647705
130, 225, -22.40000000000005, 622, 0.014523384822033636
131, 225, -22.40000000000005, 615, 0.015321049280126564
132, 225, -22.40000000000005, 621, 0.019447089890577862
133, 225, -22.40000000000005, 627, 0.018705814789932496
134, 225, -22.40000000000005, 626, 0.018278526473585355
135, 225, -22.40000000000005, 630, 0.024102039387937313
136, 225, -22.40000000000005, 618, 0.01785675842185186
137, 225, -22.40000000000005, 625, 0.023875330665763972
138, 225, -22.40000000000005, 633, 0.024277593795948293
139, 225, -22.40000000000005, 609, 0.019943537889650087
140, 225, -22.40000000000005, 631, 0.16320905827004561
141, 225, -22.40000000000005, 640, 0.016740620764220004
142, 225, -22.40000000000005, 627, 0.02493601790232014
143, 225, -22.40000000000005, 632, 0.022730609208899022
144, 225, -22.40000000000005, 641, 0.0251118365685752
145, 225, -22.40000000000005, 660, 0.019413808741335803
146, 225, -22.40000000000005, 648, 0.015004849937255704
147, 225, -22.40000000000005, 630, 0.02115078204034726
148, 225, -22.40000000000005, 637, 0.019233010398136408
149, 225, -22.40000000000005, 628, 0.015493004766739205
150, 225, -22.40000000000005, 661, 0.02327893549216964
151, 225, -22.40000000000005, 644, 0.022473938931726112
152, 225, -22.40000000000005, 665, 0.021894479827488933
153, 225, -22.40000000000005, 632, 0.024081961196277257
154, 225, -22.40000000000005, 671, 0.015084237912502019
155, 225, -22.40000000000005, 674, 0.017678881093127985
156, 225, -22.40000000000005, 661, 0.020170504664607458
157, 225, -22.40000000000005, 664, 0.01565036793590391
158, 225, -22.40000000000005, 655, 0.018639578775966337
159, 225, -22.40000000000005, 655, 0.023803673645420242
160, 225, -22.40000000000005, 666, 0.01574237675202772
161, 225, -22.40000000000005, 658, 0.02622894513829499
162, 225, -22.40000000000005, 665, 0.022901582023620137
163, 225, -22.40000000000005, 668, 0.01206537081776382
164, 225, -22.40000000000005, 675, 0.021655422247019773
165, 225, -22.40000000000005, 674, 0.020521612192688
166, 225, -22.40000000000005, 669, 0.023646203452613923
167, 225, -22.40000000000005, 657, 0.016838308285501924
168, 225, -22.40000000000005, 670, 0.015009589051258931
169, 225, -22.40000000000005, 659, 0.0227800462440626
170, 225, -22.40000000000005, 671, 0.022194356763043516
171, 225, -22.40000000000005, 678, 0.02619218442846083
172, 225, -22.40000000000005, 696, 0.018275179868481928
173, 225, -22.40000000000005, 664, 0.022452500136503906
174, 225, -22.40000000000005, 681, 0.023606203252008573
175, 225, -22.40000000000005, 681, 0.017596684331832257
176, 225, -22.40000000000005, 686, 0.019952530189974338
177, 225, -22.40000000000005, 691, 0.19350509378631298
178, 225, -22.40000000000005, 688, 0.014996320922358475
179, 225, -22.40000000000005, 694, 0.020827046373232294
180, 225, -22.40000000000005, 680, 0.022174943017289506
181, 225, -22.40000000000005, 699, 0.022224778797445555
182, 225, -22.40000000000005, 700, 0.015575269001476766
183, 225, -22.40000000000005, 703, 0.023145029384217697
184, 225, -22.40000000000005, 725, 0.02363530217938875
185, 225, -22.40000000000005, 720, 0.014062486698950494
186, 225, -22.40000000000005, 706, 0.022138734150225492
187, 225, -22.40000000000005, 692, 0.021984585933571
188, 225, -22.40000000000005, 709, 0.020499285462847183
189, 225, -22.40000000000005, 717, 0.014995721371745319
190, 225, -22.40000000000005, 716, 0.02418910070423924
191, 225, -22.40000000000005, 722, 0.01976237519660229
192, 225, -22.40000000000005, 727, 0.026520798494784642
193, 225, -22.40000000000005, 704, 0.016597813449457544
194, 225, -22.40000000000005, 700, 0.015399017025895745
195, 225, -33.800000000000075, 723, 0.0242468018923776
196, 225, -22.40000000000005, 731, 0.014311554021773976
197, 225, -22.40000000000005, 717, 0.022467606268389284
198, 225, -22.40000000000005, 706, 0.016615113644433688
199, 225, -22.40000000000005, 720, 0.025563438349913592
200, 225, -22.40000000000005, 740, 0.02219982852637531
201, 225, -22.40000000000005, 755, 0.022778678640824834
202, 225, -22.40000000000005, 729, 0.18367835604496752
203, 225, -22.40000000000005, 730, 0.015166209149664489
204, 225, -22.40000000000005, 724, 0.018690697701172043
205, 117, -11.599999999999975, 745, 0.01947483215294188
206, 225, -22.40000000000005, 732, 0.020160604053086173
207, 225, -22.40000000000005, 730, 0.02255753802455479
208, 225, -22.40000000000005, 729, 0.019623487002345952
209, 225, -22.40000000000005, 742, 0.023697760951997715
210, 225, -22.40000000000005, 726, 0.017691481943708343
211, 225, -22.40000000000005, 727, 0.015332355834601241
212, 225, -22.40000000000005, 750, 0.023199893551800577
213, 225, -22.40000000000005, 732, 0.01836637718100187
214, 225, -22.40000000000005, 735, 0.021704801335222956
215, 225, -22.40000000000005, 753, 0.024334873378779376
216, 225, -22.40000000000005, 739, 0.023753761872136347
217, 225, -22.40000000000005, 750, 0.020455904507443723
218, 225, -22.40000000000005, 758, 0.019506614413918433
219, 225, -22.40000000000005, 750, 0.023107516519920046
220, 177, -17.59999999999998, 747, 0.014703379373666059
221, 225, -22.40000000000005, 762, 0.020077050832011945
222, 225, -22.40000000000005, 743, 0.01617011683335945
223, 225, -22.40000000000005, 747, 0.016071645293508574
224, 225, -22.40000000000005, 751, 0.0276372378742048
225, 225, -22.40000000000005, 745, 0.015050679810137302
226, 98, -9.699999999999982, 760, 0.025212004118261633
227, 225, -22.40000000000005, 778, 0.020200129504787806
228, 104, -10.29999999999998, 749, 0.014691621180204617
229, 225, -22.40000000000005, 753, 0.02511632778643902
230, 225, -22.40000000000005, 764, 0.019265181275893273
231, 225, -22.40000000000005, 773, 0.02364635009417143
232, 225, -22.40000000000005, 769, 0.021363578014150342
233, 225, -22.40000000000005, 767, 0.016471645001838287
234, 225, -22.40000000000005, 773, 0.02143213478726813
235, 225, -22.40000000000005, 778, 0.024866035787969087
236, 225, -22.40000000000005, 761, 0.01817532899316543
237, 61, -5.999999999999995, 766, 0.020958973494399125
238, 225, -22.40000000000005, 756, 0.015830222845125697
239, 225, -22.40000000000005, 772, 0.020069141881542407
240, 225, -22.40000000000005, 768, 0.02208409708676523
241, 225, -22.40000000000005, 771, 0.02533329541110052
242, 225, -22.40000000000005, 769, 0.021859079848974727
243, 192, -19.1, 769, 0.024833574024390237
244, 76, -7.499999999999989, 785, 0.020546340569200128
245, 225, -22.40000000000005, 771, 0.025601852353667187
246, 207, -20.600000000000023, 787, 0.024804281998900918
247, 225, -22.40000000000005, 769, 0.02394066776703918
248, 225, -22.40000000000005, 796, 0.1511080885615521
249, 225, -22.40000000000005, 778, 0.01726765156917498
250, 225, -22.40000000000005, 779, 0.013825213475432196
251, 225, -22.40000000000005, 798, 0.02457850809864559
252, 225, -22.40000000000005, 776, 0.016872321438000215
253, 225, -22.40000000000005, 799, 0.023949716594938053
254, 225, -22.40000000000005, 795, 0.020513584515995442
255, 225, -22.40000000000005, 781, 0.021751787364873376
256, 102, -10.09999999999998, 786, 0.023941931643462255
257, 78, -7.699999999999989, 788, 0.02192510425463834
258, 225, -22.40000000000005, 791, 0.021684126529791348
259, 225, -22.40000000000005, 777, 0.019811217079692245
260, 225, -22.40000000000005, 812, 0.026941978659104138
261, 225, -22.40000000000005, 782, 0.018057978129224495
262, 216, -21.500000000000036, 772, 0.025717350968969876
263, 53, -5.1999999999999975, 810, 0.021885125051116616
264, 109, -10.799999999999978, 779, 0.01592766996816186
265, 150, -14.899999999999963, 806, 0.02304406523621383
266, 67, -6.5999999999999925, 792, 0.025500706060705272
267, 225, -22.40000000000005, 798, 0.021277584300829044
268, 225, -22.40000000000005, 802, 0.015048074390282551
269, 101, -9.99999999999998, 782, 0.022664233852995208
270, 225, -22.40000000000005, 807, 0.026174471749387057
271, 163, -16.19999999999996, 790, 0.016172655739341124
272, 225, -22.40000000000005, 788, 0.022522019938593485
273, 225, -22.40000000000005, 805, 0.02170733758949206
274, 225, -22.40000000000005, 802, 0.0243759391768269
275, 225, -22.40000000000005, 809, 0.029154056089602975
276, 117, -11.599999999999975, 808, 0.02174363768952292
277, 225, -22.40000000000005, 808, 0.02103922892725918
278, 225, -22.40000000000005, 817, 0.0168304530560075
279, 225, -22.40000000000005, 802, 0.016866779075873417
280, 209, -20.800000000000026, 808, 0.024697227068387506
281, 225, -22.40000000000005, 817, 0.019291460193850973
282, 71, -6.999999999999991, 816, 0.020288202739716432
283, 225, -22.40000000000005, 814, 0.017283092433332037
284, 225, -22.40000000000005, 819, 0.013740869164652558
285, 225, -22.40000000000005, 832, 0.017130671308911438
286, 225, -22.40000000000005, 828, 0.019753230866544125
287, 199, -19.80000000000001, 810, 0.024628225972561535
288, 84, -8.299999999999986, 812, 0.020319048195528433
289, 199, -19.80000000000001, 812, 0.01813346601372512
290, 225, -22.40000000000005, 819, 0.02242049626342335
291, 225, -22.40000000000005, 828, 0.02671433357277228
292, 177, -17.59999999999998, 826, 0.0205448728978066
293, 140, -13.899999999999967, 819, 0.023744968985976556
294, 225, -22.40000000000005, 812, 0.015444523442745162
295, 163, -16.19999999999996, 821, 0.01993910650386954
296, 225, -22.40000000000005, 821, 0.02529718052001259
297, 225, -22.40000000000005, 818, 0.022833563718055117
298, 225, -22.40000000000005, 829, 0.021975726611408675
299, 225, -22.40000000000005, 810, 0.023680491492582334
300, 225, -22.40000000000005, 812, 0.023729550014735423
301, 225, -22.40000000000005, 831, 0.019229452728374397
302, 225, -22.40000000000005, 817, 0.020995610546540533
303, 225, -22.40000000000005, 836, 0.025273089347601585
304, 225, -22.40000000000005, 827, 0.020586484805029004
305, 109, -10.799999999999978, 838, 0.02509032391375854
306, 86, -8.499999999999986, 829, 0.01615077466484094
307, 129, -12.79999999999997, 830, 0.025263542685173196
308, 225, -22.40000000000005, 827, 0.01817195243283254
309, 225, -22.40000000000005, 824, 0.017360484156685452
310, 173, -17.199999999999974, 854, 0.02649651988693412
311, 225, -22.40000000000005, 835, 0.02274773871661684
312, 112, -11.099999999999977, 823, 0.018305614019445304
313, 167, -16.599999999999966, 833, 0.020435067870392398
314, 225, -22.40000000000005, 842, 0.024989967667267687
315, 225, -22.40000000000005, 834, 0.02312392490195725
316, 225, -22.40000000000005, 854, 0.024853338131112013
317, 225, -22.40000000000005, 829, 0.019038287560980804
318, 52, -5.099999999999998, 846, 0.019960703507502786
319, 123, -12.199999999999973, 840, 0.021210998346131937
320, 225, -22.40000000000005, 842, 0.019652340210279506
321, 125, -12.399999999999972, 839, 0.015476013802733668
322, 225, -22.40000000000005, 858, 0.019918648456808574
323, 90, -8.899999999999984, 850, 0.02024437651117572
324, 225, -22.40000000000005, 841, 0.014901657859118789
325, 120, -11.899999999999974, 845, 0.019705626912375207
326, 162, -16.09999999999996, 871, 0.02141279286796105
327, 165, -16.399999999999963, 845, 0.01973752180927768
328, 180, -17.899999999999984, 845, 0.021973339127781433
329, 225, -22.40000000000005, 869, 0.025772253191073596
330, 66, -6.499999999999993, 840, 0.019744380931406957
331, 225, -22.40000000000005, 854, 0.020905963289298557
332, 135, -13.399999999999968, 854, 0.025898030056432597
333, 225, -22.40000000000005, 861, 0.021193358310371224
334, 225, -22.40000000000005, 862, 0.02202627102400645
335, 90, -8.899999999999984, 848, 0.021160404130320165
336, 225, -22.40000000000005, 850, 0.019636262189805187
337, 225, -22.40000000000005, 849, 0.022292152683192068
338, 225, -22.40000000000005, 854, 0.021417478017064617
339, 109, -10.799999999999978, 878, 0.021370743220970656
340, 225, -22.40000000000005, 867, 0.024609036529993578
341, 225, -22.40000000000005, 856, 0.01642057709145961
342, 225, -22.40000000000005, 874, 0.02208576962074238
343, 100, -9.89999999999998, 863, 0.017025902524352432
344, 225, -22.40000000000005, 866, 0.02069419197584077
345, 135, -13.399999999999968, 879, 0.023526160667944218
346, 65, -6.399999999999993, 854, 0.024443785488712733
347, 225, -22.40000000000005, 873, 0.021789117848087847
348, 225, -22.40000000000005, 880, 0.023784767899190234
349, 76, -7.499999999999989, 851, 0.02132934264968056
350, 73, -7.19999999999999, 855, 0.02680768533852633
351, 106, -10.499999999999979, 855, 0.022624382871016202
352, 81, -7.999999999999988, 874, 0.022619408316457923
353, 81, -7.999999999999988, 858, 0.020203698251156643
354, 102, -10.09999999999998, 864, 0.021880157605325135
355, 60, -5.899999999999995, 868, 0.027024493555940166
356, 225, -22.40000000000005, 867, 0.02204481637993272
357, 91, -8.999999999999984, 862, 0.017193833140317416
358, 58, -5.699999999999996, 877, 0.019422907573114268
359, 75, -7.39999999999999, 876, 0.02645813909927902
360, 91, -8.999999999999984, 871, 0.01979694538785637
361, 118, -11.699999999999974, 850, 0.022304860440682903
362, 225, -22.40000000000005, 869, 0.024340630092614793
363, 225, -22.40000000000005, 879, 0.02232468157063594
364, 225, -22.40000000000005, 878, 0.020800480328154958
365, 225, -22.40000000000005, 863, 0.021544019331245057
366, 89, -8.799999999999985, 876, 0.01699785677658472
367, 225, -22.40000000000005, 871, 0.023607563026404987
368, 109, -10.799999999999978, 864, 0.024464784019458702
369, 157, -15.59999999999996, 897, 0.0234117915232398
370, 225, -22.40000000000005, 875, 0.020942313644203903
371, 225, -22.40000000000005, 879, 0.02532935293050409
372, 78, -7.699999999999989, 875, 0.013451909663654504
373, 225, -22.40000000000005, 879, 0.018279913120117897
374, 83, -8.199999999999987, 897, 0.022805156043819164
375, 123, -12.199999999999973, 888, 0.024506970378161963
376, 225, -22.40000000000005, 885, 0.016647573101141955
377, 73, -7.19999999999999, 879, 0.011434525497824477
378, 225, -22.40000000000005, 875, 0.0191030686928082
379, 115, -11.399999999999975, 881, 0.021517301211157608
380, 121, -11.999999999999973, 879, 0.0263812737950824
381, 53, -5.1999999999999975, 895, 0.02265334810058761
382, 57, -5.599999999999996, 894, 0.023577655304225786
383, 63, -6.199999999999994, 875, 0.0202996339793462
384, 139, -13.799999999999967, 878, 0.022537877192787104
385, 68, -6.699999999999992, 877, 0.00718427836545521
386, 58, -5.699999999999996, 874, 0.0214994899099743
387, 93, -9.199999999999983, 881, 0.023718916824489122
388, 72, -7.099999999999991, 877, 0.018118945669073128
389, 186, -18.499999999999993, 891, 0.017416877742506554
390, 58, -5.699999999999996, 893, 0.014560749807119855
391, 77, -7.599999999999989, 884, 0.022973740967535683
392, 86, -8.499999999999986, 870, 0.01889227021784068
393, 225, -22.40000000000005, 884, 0.0252280635026656
394, 225, -22.40000000000005, 884, 0.01789274715748501
395, 225, -22.40000000000005, 913, 0.02109233130901389
396, 225, -22.40000000000005, 900, 0.01849987104527928
397, 225, -22.40000000000005, 898, 0.024078023418664662
398, 76, -7.499999999999989, 904, 0.017894028834925635
399, 52, -5.099999999999998, 902, 0.025780557467217302
400, 225, -22.40000000000005, 897, 0.0182043734514723
401, 113, -11.199999999999976, 897, 0.026059882157331127
402, 51, -4.999999999999998, 900, 0.019312681891712424
403, 80, -7.899999999999988, 896, 0.02053057511598444
404, 114, -11.299999999999976, 885, 0.02095988667333981
405, 225, -22.40000000000005, 902, 0.029696722324752567
406, 99, -9.799999999999981, 904, 0.02441182091574179
407, 99, -9.799999999999981, 909, 0.01751528784665024
408, 225, -22.40000000000005, 908, 0.02059099409528642
409, 80, -7.899999999999988, 901, 0.02035694964939916
410, 90, -8.899999999999984, 905, 0.011064139227099368
411, 113, -11.199999999999976, 896, 0.025074221550250297
412, 225, -22.40000000000005, 898, 0.024805922477695086
413, 136, -13.499999999999968, 907, 0.023731031283848764
414, 99, -9.799999999999981, 905, 0.024277565515494537
415, 66, -6.499999999999993, 903, 0.021606912851735216
416, 74, -7.29999999999999, 903, 0.023148418373531987
417, 61, -5.999999999999995, 889, 0.020206214501417907
418, 110, -10.899999999999977, 908, 0.012762001039513304
419, 73, -7.19999999999999, 902, 0.02413161380821771
420, 80, -7.899999999999988, 917, 0.02279502186549509
421, 88, -8.699999999999985, 901, 0.025469476535590008
422, 96, -9.499999999999982, 900, 0.019490321538805144
423, 71, -6.999999999999991, 916, 0.019903404024991023
424, 93, -9.199999999999983, 900, 0.017442810988399948
425, 106, -10.499999999999979, 907, 0.021107151995627405
426, 63, -6.199999999999994, 917, 0.022119717727081267
427, 60, -5.899999999999995, 913, 0.01752447496791909
428, 103, -10.19999999999998, 919, 0.015333446098169556
429, 225, -22.40000000000005, 902, 0.019575138976051232
430, 199, -19.80000000000001, 911, 0.02142844035355096
431, 225, -22.40000000000005, 918, 0.022961510951299835
432, 101, -9.99999999999998, 918, 0.02474827098140353
433, 53, -5.1999999999999975, 908, 0.02528233902805274
434, 84, -8.299999999999986, 903, 0.01952282723798504
435, 75, -7.39999999999999, 911, 0.026560743024521716
436, 119, -11.799999999999974, 910, 0.021590656625998128
437, 94, -9.299999999999983, 912, 0.019089813708947023
438, 71, -6.999999999999991, 921, 0.02391743432537219
439, 53, -5.1999999999999975, 917, 0.01759660683111075
440, 107, -10.599999999999978, 929, 0.01929359574926104
441, 225, -22.40000000000005, 920, 0.02605850862130432
442, 60, -5.899999999999995, 921, 0.029119727117083855
443, 68, -6.699999999999992, 917, 0.025080028868017024
444, 109, -10.799999999999978, 924, 0.02282961822718077
445, 62, -6.099999999999994, 925, 0.016887977568202928
446, 83, -8.199999999999987, 927, 0.014002672739393152
447, 75, -7.39999999999999, 935, 0.021058041630516944
448, 63, -6.199999999999994, 917, 0.023588995518280254
449, 62, -6.099999999999994, 931, 0.023923392166061985
450, 87, -8.599999999999985, 912, 0.01992255922699515
451, 62, -6.099999999999994, 915, 0.016079494122782645
452, 53, -5.1999999999999975, 931, 0.022704218649147567
453, 53, -5.1999999999999975, 913, 0.017023299026906802
454, 99, -9.799999999999981, 938, 0.020192625597470037
455, 81, -7.999999999999988, 916, 0.018119767748365767
456, 225, -22.40000000000005, 914, 0.021886598027164972
457, 98, -9.699999999999982, 928, 0.022466444506198446
458, 59, -5.799999999999995, 926, 0.01970850654646039
459, 86, -8.499999999999986, 940, 0.013072092877432606
460, 108, -10.699999999999978, 925, 0.028450582428280913
461, 225, -22.40000000000005, 920, 0.0238602913477024
462, 59, -5.799999999999995, 938, 0.026053810784174125
463, 46, -4.5, 928, 0.02593436992235687
464, 97, -9.599999999999982, 918, 0.01816217529092512
465, 52, -5.099999999999998, 922, 0.02144345668438996
466, 55, -5.399999999999997, 917, 0.023771575801907252
467, 168, -16.699999999999967, 916, 0.016379524721735095
468, 225, -22.40000000000005, 937, 0.02741032073241567
469, 66, -6.499999999999993, 932, 0.020504606539985648
470, 87, -8.599999999999985, 949, 0.01578077173905168
471, 225, -22.40000000000005, 914, 0.0193228146959481
472, 60, -5.899999999999995, 958, 0.02329519079467579
473, 108, -10.699999999999978, 939, 0.015930506635429165
474, 54, -5.299999999999997, 939, 0.016785457624774125
475, 225, -22.40000000000005, 940, 0.01852721269458346
476, 72, -7.099999999999991, 929, 0.013200166666088364
477, 52, -5.099999999999998, 943, 0.02091308380753909
478, 54, -5.299999999999997, 932, 0.02368547670333432
479, 56, -5.4999999999999964, 931, 0.026183213111127757
480, 73, -7.19999999999999, 930, 0.02354343459622399
481, 65, -6.399999999999993, 935, 0.016590101791478684
482, 79, -7.799999999999988, 943, 0.02451546356638884
483, 56, -5.4999999999999964, 935, 0.024971741005646475
484, 225, -22.40000000000005, 924, 0.0220946080573019
485, 198, -19.70000000000001, 928, 0.02059672701915627
486, 56, -5.4999999999999964, 944, 0.023200163277290686
487, 58, -5.699999999999996, 926, 0.016208394239725532
488, 97, -9.599999999999982, 946, 0.016476530043318505
489, 57, -5.599999999999996, 931, 0.02616512552570671
490, 63, -6.199999999999994, 938, 0.025026324710683112
491, 52, -5.099999999999998, 938, 0.02403151346855094
492, 59, -5.799999999999995, 939, 0.021767079791265243
493, 50, -4.899999999999999, 938, 0.023151979451795146
494, 45, -4.4, 944, 0.02120224050774122
495, 225, -22.40000000000005, 942, 0.01772143619537747
496, 57, -5.599999999999996, 941, 0.01770115483651713
497, 48, -4.699999999999999, 946, 0.020602587444686238
498, 57, -5.599999999999996, 932, 0.022179967424172276
499, 156, -15.499999999999961, 934, 0.024747308838740656
500, 82, -8.099999999999987, 947, 0.024126469294040498
501, 225, -22.40000000000005, 934, 0.01942582476304411
502, 225, -22.40000000000005, 950, 0.01975498304742307
503, 225, -22.40000000000005, 945, 0.02196290994267841
504, 122, -12.099999999999973, 954, 0.025664138071950005
505, 59, -5.799999999999995, 959, 0.024615125095065804
506, 80, -7.899999999999988, 938, 0.02436835173240448
507, 225, -22.40000000000005, 950, 0.014354056186343556
508, 225, -22.40000000000005, 938, 0.016987177035655776
509, 60, -5.899999999999995, 963, 0.024739422221558227
510, 104, -10.29999999999998, 969, 0.01747010209098132
511, 51, -4.999999999999998, 948, 0.022494865697666455
512, 79, -7.799999999999988, 969, 0.026347438250668875
513, 112, -11.099999999999977, 953, 0.029794267522018636
514, 49, -4.799999999999999, 951, 0.02298542822613281
515, 50, -4.899999999999999, 946, 0.022244421986570728
516, 50, -4.899999999999999, 962, 0.016224639927247875
517, 225, -22.40000000000005, 973, 0.022853566235816913
518, 50, -4.899999999999999, 962, 0.02448314656566586
519, 225, -22.40000000000005, 957, 0.02934537894468736
520, 55, -5.399999999999997, 971, 0.020156180796199852
521, 127, -12.599999999999971, 940, 0.019710090576540606
522, 55, -5.399999999999997, 961, 0.021375676383684095
523, 74, -7.29999999999999, 972, 0.017583932331023622
524, 76, -7.499999999999989, 963, 0.02042514724814226
525, 64, -6.299999999999994, 974, 0.02252776566460879
526, 60, -5.899999999999995, 964, 0.023117197730904843
527, 106, -10.499999999999979, 973, 0.025921028448459338
528, 67, -6.5999999999999925, 951, 0.018963502009599953
529, 58, -5.699999999999996, 954, 0.021787986858605723
530, 60, -5.899999999999995, 962, 0.02179539233437211
531, 59, -5.799999999999995, 952, 0.024828868300236395
532, 48, -4.699999999999999, 964, 0.02219107832241818
533, 62, -6.099999999999994, 952, 0.021910611466832153
534, 59, -5.799999999999995, 954, 0.024615336105558105
535, 53, -5.1999999999999975, 946, 0.015181192004135369
536, 52, -5.099999999999998, 963, 0.024249156467706312
537, 66, -6.499999999999993, 954, 0.02690519531212998
538, 65, -6.399999999999993, 945, 0.017203261334703512
539, 54, -5.299999999999997, 955, 0.01624618217434115
540, 45, -4.4, 957, 0.020593224676349053
541, 101, -9.99999999999998, 948, 0.023962368228361453
542, 55, -5.399999999999997, 976, 0.02475202779153368
543, 54, -5.299999999999997, 954, 0.01908806617276304
544, 225, -22.40000000000005, 971, 0.023731383551378937
545, 57, -5.599999999999996, 956, 0.01586845124381453
546, 225, -22.40000000000005, 960, 0.02266573946092848
547, 66, -6.499999999999993, 966, 0.021317286725967888
548, 56, -5.4999999999999964, 967, 0.026294241755595887
549, 193, -19.200000000000003, 957, 0.027405350666490413
550, 48, -4.699999999999999, 967, 0.02280271939591838
551, 53, -5.1999999999999975, 971, 0.023686507162403725
552, 58, -5.699999999999996, 962, 0.0244295113971372
553, 53, -5.1999999999999975, 955, 0.02187191883596107
554, 60, -5.899999999999995, 966, 0.024769854414452674
555, 209, -20.800000000000026, 954, 0.024029379330867795
556, 56, -5.4999999999999964, 968, 0.02369391356873296
557, 57, -5.599999999999996, 962, 0.013160276460141507
558, 59, -5.799999999999995, 958, 0.020514789985864423
559, 59, -5.799999999999995, 960, 0.021402552546083475
560, 115, -11.399999999999975, 990, 0.02137075659805454
561, 58, -5.699999999999996, 986, 0.011197728262375861
562, 53, -5.1999999999999975, 976, 0.023696493257013396
563, 68, -6.699999999999992, 963, 0.021999337781561934
564, 68, -6.699999999999992, 964, 0.021207893376417708
565, 48, -4.699999999999999, 970, 0.02170789478042634
566, 56, -5.4999999999999964, 971, 0.022851807196627716
567, 68, -6.699999999999992, 975, 0.018864539240078138
568, 95, -9.399999999999983, 971, 0.024020961749510517
569, 67, -6.5999999999999925, 974, 0.02594203084702841
570, 47, -4.6, 975, 0.023537905298093742
571, 56, -5.4999999999999964, 970, 0.020517741890343277
572, 56, -5.4999999999999964, 985, 0.022200418542967393
573, 68, -6.699999999999992, 993, 0.023498149625611475
574, 60, -5.899999999999995, 963, 0.022615984965811797
575, 60, -5.899999999999995, 991, 0.02266644498000936
576, 54, -5.299999999999997, 979, 0.019727977680657816
577, 59, -5.799999999999995, 972, 0.01824872673373923
578, 63, -6.199999999999994, 980, 0.02219891422453424
579, 62, -6.099999999999994, 976, 0.019755080449580298
580, 51, -4.999999999999998, 979, 0.019305569629458397
581, 66, -6.499999999999993, 968, 0.023550253421484868
582, 56, -5.4999999999999964, 969, 0.020088956853112183
583, 53, -5.1999999999999975, 976, 0.0195662101797347
584, 51, -4.999999999999998, 993, 0.018019083059239716
585, 65, -6.399999999999993, 984, 0.02394720027979408
586, 57, -5.599999999999996, 980, 0.024778842949477964
587, 184, -18.29999999999999, 983, 0.019277640082347114
588, 49, -4.799999999999999, 987, 0.028690854216043227
589, 43, -4.200000000000001, 986, 0.02269907994112441
590, 225, -22.40000000000005, 979, 0.020586915234638736
591, 49, -4.799999999999999, 970, 0.026346814694562848
592, 55, -5.399999999999997, 988, 0.00889210319602074
593, 225, -22.40000000000005, 989, 0.020187807878497832
594, 47, -4.6, 980, 0.025357333975061458
595, 51, -4.999999999999998, 985, 0.02068496389595187
596, 64, -6.299999999999994, 980, 0.02706293146624883
597, 59, -5.799999999999995, 989, 0.020534522035717595
598, 45, -4.4, 977, 0.02586614099809459
599, 100, -9.89999999999998, 966, 0.01597331491598286
600, 66, -6.499999999999993, 1001, 0.018278212646599457
601, 57, -5.599999999999996, 981, 0.019795479385189996
602, 55, -5.399999999999997, 981, 0.020567480932993876
603, 58, -5.699999999999996, 993, 0.017165267980712162
604, 52, -5.099999999999998, 1002, 0.017109738563452215
605, 225, -22.40000000000005, 984, 0.01787977749205516
606, 56, -5.4999999999999964, 974, 0.021705407935542653
607, 56, -5.4999999999999964, 979, 0.01733297512594234
608, 225, -22.40000000000005, 987, 0.022544334986189574
609, 66, -6.499999999999993, 984, 0.019876513120542283
610, 55, -5.399999999999997, 996, 0.024959945386309856
611, 59, -5.799999999999995, 991, 0.016252729619201878
612, 53, -5.1999999999999975, 980, 0.016795694145000706
613, 79, -7.799999999999988, 989, 0.025825014082122566
614, 48, -4.699999999999999, 995, 0.019547194815531577
615, 58, -5.699999999999996, 974, 0.021997281397228452
616, 46, -4.5, 1009, 0.02396802199462622
617, 59, -5.799999999999995, 990, 0.025842993281552762
618, 55, -5.399999999999997, 985, 0.021448582110400904
619, 65, -6.399999999999993, 991, 0.022780910167360613
620, 45, -4.4, 991, 0.023106951000785747
621, 50, -4.899999999999999, 980, 0.024038775116639405
622, 69, -6.799999999999992, 987, 0.021772505904455508
623, 54, -5.299999999999997, 995, 0.02314546140853868
624, 52, -5.099999999999998, 988, 0.02353294175892484
625, 56, -5.4999999999999964, 980, 0.020433677607879286
626, 48, -4.699999999999999, 988, 0.022976783361544406
627, 76, -7.499999999999989, 995, 0.020251520398802292
628, 59, -5.799999999999995, 993, 0.02432510962657153
629, 61, -5.999999999999995, 993, 0.026612607428746493
630, 50, -4.899999999999999, 978, 0.026419144358967472
631, 56, -5.4999999999999964, 984, 0.022270799522638773
632, 47, -4.6, 987, 0.014585195339568369
633, 62, -6.099999999999994, 996, 0.024589380067987943
634, 105, -10.399999999999979, 990, 0.02480500960493781
635, 50, -4.899999999999999, 1008, 0.024018847949883293
636, 46, -4.5, 999, 0.021670820684081216
637, 225, -22.40000000000005, 984, 0.01641832190607273
638, 52, -5.099999999999998, 985, 0.025925274872036774
639, 50, -4.899999999999999, 999, 0.02182523366479966
640, 60, -5.899999999999995, 1010, 0.01876963307698354
641, 56, -5.4999999999999964, 998, 0.0193229847575509
642, 63, -6.199999999999994, 1009, 0.021513383825483734
643, 59, -5.799999999999995, 1002, 0.02280857946278636
644, 61, -5.999999999999995, 1004, 0.022950534649192278
645, 61, -5.999999999999995, 1012, 0.01983875970109139
646, 53, -5.1999999999999975, 1005, 0.02494231743410924
647, 56, -5.4999999999999964, 985, 0.025366791942775357
648, 48, -4.699999999999999, 998, 0.021484144830176577
649, 137, -13.599999999999968, 995, 0.019967625074310824
650, 67, -6.5999999999999925, 993, 0.021944994588640743
651, 48, -4.699999999999999, 1013, 0.02399071681336018
652, 60, -5.899999999999995, 998, 0.02183711329465121
653, 57, -5.599999999999996, 990, 0.025885591806047437
654, 70, -6.8999999999999915, 999, 0.023590532003121445
655, 47, -4.6, 1007, 0.02266146050625395
656, 55, -5.399999999999997, 993, 0.023437219312320567
657, 60, -5.899999999999995, 1010, 0.02147738644397368
658, 50, -4.899999999999999, 1001, 0.019964333159757652
659, 67, -6.5999999999999925, 1002, 0.01835429038374753
660, 54, -5.299999999999997, 1010, 0.023404220343737264
661, 58, -5.699999999999996, 1007, 0.01810406710303969
662, 58, -5.699999999999996, 994, 0.02018792688543325
663, 52, -5.099999999999998, 1011, 0.02293742262395293
664, 60, -5.899999999999995, 1012, 0.02099925326013219
665, 62, -6.099999999999994, 1013, 0.019595205209197664
666, 196, -19.500000000000007, 1016, 0.02246799632150176
667, 54, -5.299999999999997, 1007, 0.029983409347589585
668, 65, -6.399999999999993, 1014, 0.02411375734112088
669, 51, -4.999999999999998, 1003, 0.0241910497737432
670, 70, -6.8999999999999915, 1030, 0.022925242437042748
671, 60, -5.899999999999995, 1000, 0.022551465049629335
672, 65, -6.399999999999993, 998, 0.02308611144345063
673, 62, -6.099999999999994, 1012, 0.02618338353234534
674, 63, -6.199999999999994, 1008, 0.021144651521022184
675, 50, -4.899999999999999, 1005, 0.028121311036139796
676, 51, -4.999999999999998, 1000, 0.02080165113868282
677, 52, -5.099999999999998, 1011, 0.02114071683775154
678, 63, -6.199999999999994, 1026, 0.026195974226932095
679, 55, -5.399999999999997, 1007, 0.025124503233117768
680, 62, -6.099999999999994, 1008, 0.025803145192164256
681, 58, -5.699999999999996, 1003, 0.024489124419379005
682, 47, -4.6, 1021, 0.016452906073696205
683, 64, -6.299999999999994, 1005, 0.011222524606683937
684, 49, -4.799999999999999, 1017, 0.018001669487498706
685, 80, -7.899999999999988, 1001, 0.023455982151548427
686, 56, -5.4999999999999964, 1017, 0.01824591707968848
687, 70, -6.8999999999999915, 1012, 0.021356102905462748
688, 54, -5.299999999999997, 1021, 0.018579261063811803
689, 54, -5.299999999999997, 1008, 0.022359395505515023
690, 52, -5.099999999999998, 1008, 0.024361126848417847
691, 57, -5.599999999999996, 1015, 0.02003846153588995
692, 54, -5.299999999999997, 1016, 0.02612135602744614
693, 56, -5.4999999999999964, 1022, 0.02004096409177586
694, 225, -22.40000000000005, 1006, 0.021737287043841258
695, 57, -5.599999999999996, 1019, 0.02794551092011889
696, 62, -6.099999999999994, 1026, 0.027038173848405345
697, 84, -8.299999999999986, 1007, 0.02334180105461492
698, 54, -5.299999999999997, 1018, 0.017601740467933613
699, 225, -22.40000000000005, 1010, 0.021605644949492797
700, 60, -5.899999999999995, 1019, 0.022733876554782095
701, 56, -5.4999999999999964, 1014, 0.016684102310343896
702, 64, -6.299999999999994, 1014, 0.026673405554023366
703, 54, -5.299999999999997, 1012, 0.01858103426067742
704, 52, -5.099999999999998, 1019, 0.01333890095909851
705, 60, -5.899999999999995, 1031, 0.02185538473429155
706, 48, -4.699999999999999, 1009, 0.024362954967234063
707, 54, -5.299999999999997, 1013, 0.017116605677761854
708, 54, -5.299999999999997, 1021, 0.013745699090548236
709, 60, -5.899999999999995, 1028, 0.02750491365397445
710, 59, -5.799999999999995, 1015, 0.01891964203137242
711, 59, -5.799999999999995, 1024, 0.0202541749502978
712, 53, -5.1999999999999975, 1025, 0.020910288982242342
713, 54, -5.299999999999997, 1031, 0.02291318479220439
714, 56, -5.4999999999999964, 1017, 0.021114623387094467
715, 48, -4.699999999999999, 1033, 0.027820215727010766
716, 49, -4.799999999999999, 1015, 0.025630448138786455
717, 54, -5.299999999999997, 1020, 0.01874525768494717
718, 49, -4.799999999999999, 1036, 0.024397039147330712
719, 53, -5.1999999999999975, 1019, 0.025571207173040733
720, 51, -4.999999999999998, 1027, 0.019848784264935304
721, 62, -6.099999999999994, 1035, 0.017697041798826474
722, 96, -9.499999999999982, 1019, 0.025442325710758884
723, 54, -5.299999999999997, 1021, 0.02328160704361748
724, 55, -5.399999999999997, 1023, 0.023077113177427888
725, 68, -6.699999999999992, 1027, 0.0166036776414904
726, 65, -6.399999999999993, 1033, 0.024205389869345173
727, 54, -5.299999999999997, 1030, 0.008978883654046088
728, 59, -5.799999999999995, 1040, 0.022471413014042874
729, 63, -6.199999999999994, 1039, 0.018388301578009525
730, 49, -4.799999999999999, 1020, 0.024047055903087866
731, 56, -5.4999999999999964, 1030, 0.024563995406125638
732, 67, -6.5999999999999925, 1039, 0.02300733930469681
733, 225, -22.40000000000005, 1023, 0.0292149987028123
734, 51, -4.999999999999998, 1026, 0.022567074007469712
735, 61, -5.999999999999995, 1038, 0.023017723982221128
736, 51, -4.999999999999998, 1030, 0.021347215300263844
737, 78, -7.699999999999989, 1020, 0.017046411340515988
738, 56, -5.4999999999999964, 1028, 0.02162604953233971
739, 49, -4.799999999999999, 1031, 0.021293971507802434
740, 53, -5.1999999999999975, 1025, 0.020720589700369718
741, 56, -5.4999999999999964, 1021, 0.024998410315813846
742, 61, -5.999999999999995, 1024, 0.022737235371663944
743, 54, -5.299999999999997, 1019, 0.0273150622117333
744, 57, -5.599999999999996, 1028, 0.02306539603375901
745, 60, -5.899999999999995, 1031, 0.020964490565817062
746, 57, -5.599999999999996, 1031, 0.022667108635047284
747, 64, -6.299999999999994, 1014, 0.023079307578013686
748, 60, -5.899999999999995, 1038, 0.01132206317248663
749, 56, -5.4999999999999964, 1026, 0.023214969722530093
750, 62, -6.099999999999994, 1034, 0.020663001801200398
751, 60, -5.899999999999995, 1020, 0.018687778279262712
752, 55, -5.399999999999997, 1029, 0.018696975574492347
753, 95, -9.399999999999983, 1041, 0.026318453452836232
754, 53, -5.1999999999999975, 1033, 0.018058395978675534
755, 57, -5.599999999999996, 1043, 0.025628269742418497
756, 52, -5.099999999999998, 1048, 0.02509881978688816
757, 66, -6.499999999999993, 1047, 0.021213129549603527
758, 47, -4.6, 1029, 0.022669231842374904
759, 52, -5.099999999999998, 1052, 0.02730743162923499
760, 68, -6.699999999999992, 1052, 0.02233993781975918
761, 68, -6.699999999999992, 1038, 0.021989388840002566
762, 51, -4.999999999999998, 1038, 0.022337691992781128
763, 50, -4.899999999999999, 1048, 0.021004100128865444
764, 46, -4.5, 1048, 0.021607269303373866
765, 56, -5.4999999999999964, 1033, 0.023072607242344667
766, 71, -6.999999999999991, 1027, 0.023827210126802667
767, 52, -5.099999999999998, 1033, 0.017215727919074553
768, 60, -5.899999999999995, 1034, 0.020651547298418338
769, 114, -11.299999999999976, 1043, 0.020142317020829914
770, 55, -5.399999999999997, 1029, 0.02028751455832456
771, 56, -5.4999999999999964, 1051, 0.02319946237113113
772, 48, -4.699999999999999, 1030, 0.02855895785235002
773, 64, -6.299999999999994, 1044, 0.019808970872312592
774, 55, -5.399999999999997, 1031, 0.020571247085752198
775, 60, -5.899999999999995, 1039, 0.01766694400863056
776, 56, -5.4999999999999964, 1045, 0.024035137181573463
777, 61, -5.999999999999995, 1063, 0.025201276351970225
778, 59, -5.799999999999995, 1046, 0.018714198502462587
779, 57, -5.599999999999996, 1047, 0.021411955602520405
780, 67, -6.5999999999999925, 1046, 0.022599125034763023
781, 55, -5.399999999999997, 1043, 0.021060452176320688
782, 52, -5.099999999999998, 1044, 0.021356719478752062
783, 53, -5.1999999999999975, 1045, 0.012125944370347863
784, 55, -5.399999999999997, 1043, 0.02288609678012521
785, 57, -5.599999999999996, 1045, 0.02113765510825505
786, 67, -6.5999999999999925, 1045, 0.02194385759598716
787, 68, -6.699999999999992, 1056, 0.02336372791351593
788, 57, -5.599999999999996, 1033, 0.023698396134730126
789, 62, -6.099999999999994, 1039, 0.025962322728139683
790, 56, -5.4999999999999964, 1030, 0.024336690698290142
791, 59, -5.799999999999995, 1040, 0.025026354544656126
792, 66, -6.499999999999993, 1026, 0.022238124704383966
793, 53, -5.1999999999999975, 1058, 0.02113827696613585
794, 63, -6.199999999999994, 1044, 0.019513301869638067
795, 65, -6.399999999999993, 1046, 0.020093444028449703
796, 54, -5.299999999999997, 1042, 0.021702255533707082
797, 51, -4.999999999999998, 1061, 0.024963608682990412
798, 54, -5.299999999999997, 1046, 0.021761182681563795
799, 53, -5.1999999999999975, 1049, 0.020366031513670446
800, 57, -5.599999999999996, 1036, 0.023384102620528813
801, 52, -5.099999999999998, 1051, 0.01984712736388694
802, 56, -5.4999999999999964, 1055, 0.023211483058829918
803, 56, -5.4999999999999964, 1061, 0.026864180951353123
804, 56, -5.4999999999999964, 1040, 0.022158500561462624
805, 65, -6.399999999999993, 1052, 0.024692031566024397
806, 49, -4.799999999999999, 1047, 0.022535316883206424
807, 51, -4.999999999999998, 1059, 0.025896102506706153
808, 56, -5.4999999999999964, 1042, 0.018598478019779874
809, 64, -6.299999999999994, 1067, 0.02254536428815962
810, 54, -5.299999999999997, 1057, 0.020087686287820095
811, 208, -20.700000000000024, 1040, 0.021503718066364086
812, 69, -6.799999999999992, 1042, 0.02121717734348838
813, 61, -5.999999999999995, 1054, 0.02310922324375797
814, 54, -5.299999999999997, 1049, 0.020250397073280357
815, 53, -5.1999999999999975, 1059, 0.01628902771550278
816, 52, -5.099999999999998, 1057, 0.017262102388572453
817, 56, -5.4999999999999964, 1053, 0.018911075657335408
818, 58, -5.699999999999996, 1068, 0.024452521898526758
819, 51, -4.999999999999998, 1058, 0.020954085948425183
820, 51, -4.999999999999998, 1049, 0.021733418666125326
821, 49, -4.799999999999999, 1045, 0.02052074718322694
822, 56, -5.4999999999999964, 1054, 0.022710798262409293
823, 90, -8.899999999999984, 1052, 0.02503740358325368
824, 60, -5.899999999999995, 1060, 0.028602883956406644
825, 68, -6.699999999999992, 1054, 0.020006481491368522
826, 49, -4.799999999999999, 1045, 0.019321498941325732
827, 55, -5.399999999999997, 1040, 0.023752724929607005
828, 55, -5.399999999999997, 1057, 0.02119468857882678
829, 54, -5.299999999999997, 1058, 0.024988685383000142
830, 49, -4.799999999999999, 1055, 0.020775828793852646
831, 79, -7.799999999999988, 1058, 0.021235837199587215
832, 59, -5.799999999999995, 1060, 0.022550693069149474
833, 50, -4.899999999999999, 1053, 0.022632870313858522
834, 55, -5.399999999999997, 1061, 0.02512575509289605
835, 53, -5.1999999999999975, 1058, 0.023791022648715243
836, 82, -8.099999999999987, 1060, 0.019766983802022853
837, 58, -5.699999999999996, 1051, 0.025247773220401726
838, 58, -5.699999999999996, 1067, 0.025878744874365367
839, 48, -4.699999999999999, 1056, 0.01979746361028445
840, 62, -6.099999999999994, 1059, 0.02143715655860412
841, 60, -5.899999999999995, 1047, 0.021403089145250798
842, 52, -5.099999999999998, 1063, 0.025460287161883977
843, 103, -10.19999999999998, 1062, 0.020781318622963063
844, 52, -5.099999999999998, 1078, 0.022242404733368915
845, 51, -4.999999999999998, 1070, 0.0199501531377253
846, 51, -4.999999999999998, 1052, 0.026993749001056888
847, 55, -5.399999999999997, 1070, 0.024685321905606017
848, 56, -5.4999999999999964, 1070, 0.021695703839441194
849, 64, -6.299999999999994, 1070, 0.01976448881173365
850, 61, -5.999999999999995, 1076, 0.024145624652578968
851, 54, -5.299999999999997, 1061, 0.010984980309916237
852, 65, -6.399999999999993, 1069, 0.017180499612751365
853, 60, -5.899999999999995, 1063, 0.024844897618244044
854, 59, -5.799999999999995, 1065, 0.025607294049515228
855, 46, -4.5, 1053, 0.022140445949379917
856, 44, -4.300000000000001, 1063, 0.02404519737472932
857, 63, -6.199999999999994, 1081, 0.009187730244458958
858, 53, -5.1999999999999975, 1068, 0.025216206379677697
859, 53, -5.1999999999999975, 1069, 0.022663759838160047
860, 53, -5.1999999999999975, 1055, 0.02471383392495835
861, 56, -5.4999999999999964, 1075, 0.009887982219539446
862, 53, -5.1999999999999975, 1066, 0.02111117849762012
863, 48, -4.699999999999999, 1076, 0.02442984131255166
864, 53, -5.1999999999999975, 1071, 0.023251121674140507
865, 53, -5.1999999999999975, 1063, 0.022383791968736855
866, 63, -6.199999999999994, 1064, 0.023008240081779263
867, 60, -5.899999999999995, 1079, 0.020170747426245916
868, 64, -6.299999999999994, 1077, 0.022897962852076237
869, 54, -5.299999999999997, 1075, 0.023740843294258962
870, 54, -5.299999999999997, 1069, 0.019386755679527023
871, 60, -5.899999999999995, 1064, 0.02103464273654687
872, 52, -5.099999999999998, 1074, 0.01720297378763247
873, 50, -4.899999999999999, 1063, 0.019420378966598983
874, 56, -5.4999999999999964, 1062, 0.018592578538173754
875, 77, -7.599999999999989, 1081, 0.022713168514722548
876, 52, -5.099999999999998, 1090, 0.021220831962709186
877, 48, -4.699999999999999, 1072, 0.015374806240624928
878, 43, -4.200000000000001, 1071, 0.021443064156135172
879, 49, -4.799999999999999, 1083, 0.024680348771380478
880, 44, -4.300000000000001, 1068, 0.018932349301914897
881, 59, -5.799999999999995, 1076, 0.021339630169759483
882, 49, -4.799999999999999, 1078, 0.02336208793755734
883, 63, -6.199999999999994, 1065, 0.020407355583222264
884, 61, -5.999999999999995, 1074, 0.024360175039585596
885, 55, -5.399999999999997, 1075, 0.028768342337713526
886, 60, -5.899999999999995, 1065, 0.019834728813109326
887, 59, -5.799999999999995, 1073, 0.023283141163987775
888, 61, -5.999999999999995, 1067, 0.020709051258309685
889, 61, -5.999999999999995, 1069, 0.02062368500656009
890, 70, -6.8999999999999915, 1076, 0.025393971494134304
891, 57, -5.599999999999996, 1070, 0.021235252666698845
892, 72, -7.099999999999991, 1078, 0.020304892444077405
893, 62, -6.099999999999994, 1086, 0.027631527348676355
894, 62, -6.099999999999994, 1084, 0.021014227789850626
895, 55, -5.399999999999997, 1082, 0.014440017910860359
896, 57, -5.599999999999996, 1078, 0.01875517378265079
897, 57, -5.599999999999996, 1087, 0.020753102036254356
898, 63, -6.199999999999994, 1089, 0.023767751396434
899, 59, -5.799999999999995, 1070, 0.022466606410477152
900, 52, -5.099999999999998, 1073, 0.022243295590955725
901, 74, -7.29999999999999, 1077, 0.015084497652641193
902, 54, -5.299999999999997, 1084, 0.02458520945921361
903, 56, -5.4999999999999964, 1092, 0.0240039953949589
904, 47, -4.6, 1071, 0.018046095183345656
905, 47, -4.6, 1073, 0.02251749918338608
906, 49, -4.799999999999999, 1075, 0.02662663276803312
907, 51, -4.999999999999998, 1075, 0.02137269857646712
908, 55, -5.399999999999997, 1081, 0.021802744006583108
909, 55, -5.399999999999997, 1074, 0.01762134108203206
910, 48, -4.699999999999999, 1083, 0.02130470591065947
911, 50, -4.899999999999999, 1061, 0.018856369633592163
912, 50, -4.899999999999999, 1072, 0.02097595103825589
913, 49, -4.799999999999999, 1070, 0.02486077374943238
914, 44, -4.300000000000001, 1082, 0.02478833973589223
915, 50, -4.899999999999999, 1074, 0.024907360723373434
916, 50, -4.899999999999999, 1086, 0.024251423600583744
917, 51, -4.999999999999998, 1084, 0.018581656047543416
918, 53, -5.1999999999999975, 1081, 0.026075577426778018
919, 70, -6.8999999999999915, 1080, 0.02464401421693152
920, 62, -6.099999999999994, 1088, 0.023919266433970243
921, 57, -5.599999999999996, 1078, 0.013949739726616617
922, 60, -5.899999999999995, 1092, 0.0204605115414227
923, 54, -5.299999999999997, 1089, 0.023651792050737308
924, 61, -5.999999999999995, 1078, 0.014293534185817691
925, 61, -5.999999999999995, 1082, 0.01853070887445707
926, 61, -5.999999999999995, 1078, 0.017918218965612187
927, 55, -5.399999999999997, 1080, 0.022134356023062907
928, 56, -5.4999999999999964, 1094, 0.02494775040473779
929, 59, -5.799999999999995, 1085, 0.023381305016401566
930, 55, -5.399999999999997, 1093, 0.016787075156425857
931, 45, -4.4, 1085, 0.022026688828072682
932, 57, -5.599999999999996, 1084, 0.023945694296004905
933, 56, -5.4999999999999964, 1095, 0.022096129605659875
934, 55, -5.399999999999997, 1094, 0.01744917732410478
935, 61, -5.999999999999995, 1083, 0.02270071162157622
936, 66, -6.499999999999993, 1097, 0.014751559463539898
937, 49, -4.799999999999999, 1082, 0.020818037333693695
938, 55, -5.399999999999997, 1092, 0.02110695618576819
939, 55, -5.399999999999997, 1088, 0.020213972103364508
940, 54, -5.299999999999997, 1085, 0.015291217830415205
941, 55, -5.399999999999997, 1077, 0.017348333839318997
942, 56, -5.4999999999999964, 1091, 0.01551952453812877
943, 52, -5.099999999999998, 1089, 0.021544135443731127
944, 52, -5.099999999999998, 1090, 0.022897812174060367
945, 45, -4.4, 1076, 0.026311511456967085
946, 53, -5.1999999999999975, 1090, 0.02534584680917451
947, 49, -4.799999999999999, 1083, 0.021725206648189888
948, 62, -6.099999999999994, 1083, 0.023503765878700733
949, 60, -5.899999999999995, 1095, 0.021692165819375164
950, 66, -6.499999999999993, 1092, 0.018375323230911955
951, 57, -5.599999999999996, 1099, 0.02016367869618152
952, 50, -4.899999999999999, 1096, 0.021211944716483355
953, 68, -6.699999999999992, 1091, 0.017201418508339117
954, 54, -5.299999999999997, 1078, 0.01806968789231833
955, 43, -4.200000000000001, 1086, 0.026063803883211722
956, 53, -5.1999999999999975, 1089, 0.0228682493992462
957, 59, -5.799999999999995, 1090, 0.026662477301819865
958, 59, -5.799999999999995, 1098, 0.022695586187816308
959, 51, -4.999999999999998, 1110, 0.021707081877212042
960, 59, -5.799999999999995, 1102, 0.02284968899063422
961, 48, -4.699999999999999, 1116, 0.024774336922732343
962, 53, -5.1999999999999975, 1123, 0.024811975769958527
963, 64, -6.299999999999994, 1082, 0.02388108644854181
964, 60, -5.899999999999995, 1100, 0.02055827261650578
965, 56, -5.4999999999999964, 1089, 0.020494561043896242
966, 51, -4.999999999999998, 1102, 0.019322228667135954
967, 51, -4.999999999999998, 1105, 0.02437133317598822
968, 58, -5.699999999999996, 1108, 0.02461759915163564
969, 50, -4.899999999999999, 1099, 0.017795253750254147
970, 48, -4.699999999999999, 1111, 0.02287008910576016
971, 66, -6.499999999999993, 1083, 0.018861312072914194
972, 53, -5.1999999999999975, 1103, 0.020567369257779244
973, 54, -5.299999999999997, 1106, 0.023483474451261144
974, 52, -5.099999999999998, 1108, 0.025484675277700486
975, 61, -5.999999999999995, 1083, 0.025278368436116083
976, 54, -5.299999999999997, 1098, 0.01616097186906673
977, 62, -6.099999999999994, 1106, 0.02120980876980355
978, 58, -5.699999999999996, 1093, 0.023886951185078997
979, 53, -5.1999999999999975, 1101, 0.020440745102503044
980, 65, -6.399999999999993, 1101, 0.016653893643255646
981, 47, -4.6, 1105, 0.02221850404193626
982, 47, -4.6, 1115, 0.02245530463396661
983, 52, -5.099999999999998, 1096, 0.019503082663846705
984, 69, -6.799999999999992, 1093, 0.018273379215218988
985, 58, -5.699999999999996, 1110, 0.023091282681537262
986, 60, -5.899999999999995, 1103, 0.02506176033468932
987, 55, -5.399999999999997, 1087, 0.02001427385240717
988, 53, -5.1999999999999975, 1102, 0.020610641160730303
989, 54, -5.299999999999997, 1100, 0.0218108583419121
990, 57, -5.599999999999996, 1105, 0.019821858865233022
991, 54, -5.299999999999997, 1099, 0.018803385068081546
992, 49, -4.799999999999999, 1102, 0.009059915003533536
993, 59, -5.799999999999995, 1101, 0.01617639729929987
994, 57, -5.599999999999996, 1100, 0.02250021758671128
995, 97, -9.599999999999982, 1113, 0.022157187627956376
996, 51, -4.999999999999998, 1093, 0.02357580947033555
997, 65, -6.399999999999993, 1103, 0.018384880511110868
998, 58, -5.699999999999996, 1113, 0.02461778065556519
999, 59, -5.799999999999995, 1102, 0.02244403454458077
1000, 53, -5.1999999999999975, 1122, 0.01551442394468161
