Episode, Steps, Reward, Time (in milliseconds), Convergence
1, 225, -22.40000000000005, 30, 0.6092991
2, 225, -22.40000000000005, 31, 0.0589017064082752
3, 225, -22.40000000000005, 51, 0.06929432960564824
4, 225, -22.40000000000005, 64, 0.05821626454645529
5, 225, -22.40000000000005, 57, 0.057624867904892185
6, 225, -22.40000000000005, 67, 0.05844770028829227
7, 225, -22.40000000000005, 71, 0.060391251848702865
8, 225, -22.40000000000005, 95, 0.05485868437224983
9, 225, -22.40000000000005, 98, 0.34759669984769814
10, 225, -22.40000000000005, 96, 0.0589247972772573
11, 225, -22.40000000000005, 107, 0.055442802980111255
12, 225, -22.40000000000005, 104, 0.05486929731237955
13, 225, -22.40000000000005, 115, 0.0615056330824435
14, 225, -22.40000000000005, 117, 0.06695444136586337
15, 225, -22.40000000000005, 118, 0.05298083103413265
16, 225, -22.40000000000005, 123, 0.04991634931440703
17, 225, -22.40000000000005, 117, 0.06414167398251419
18, 225, -22.40000000000005, 132, 0.05947862799536241
19, 225, -22.40000000000005, 134, 0.05037130138559309
20, 225, -22.40000000000005, 138, 0.04922251605998973
21, 225, -22.40000000000005, 136, 0.055048951101586585
22, 225, -22.40000000000005, 153, 0.05458149439375237
23, 225, -22.40000000000005, 147, 0.058283840871728554
24, 225, -22.40000000000005, 153, 0.05405920115625884
25, 225, -22.40000000000005, 153, 0.054803333586218805
26, 225, -22.40000000000005, 156, 0.07885663544573818
27, 225, -22.40000000000005, 165, 0.06296467193653371
28, 225, -22.40000000000005, 165, 0.051453388382143306
29, 225, -22.40000000000005, 181, 0.07213074733720268
30, 225, -22.40000000000005, 160, 0.07003099420678138
31, 225, -22.40000000000005, 185, 0.5291394882795974
32, 225, -22.40000000000005, 181, 0.060993521204825096
33, 225, -22.40000000000005, 177, 0.07760096964558261
34, 225, -22.40000000000005, 187, 0.05333398468769923
35, 225, -22.40000000000005, 196, 0.05465033785548412
36, 225, -22.40000000000005, 186, 0.08038487864791216
37, 225, -22.40000000000005, 194, 0.6524996049778137
38, 225, -22.40000000000005, 187, 0.04750583822039034
39, 225, -22.40000000000005, 204, 0.0862021480073707
40, 225, -22.40000000000005, 198, 0.06888652052530142
41, 225, -22.40000000000005, 205, 0.05570051686960231
42, 225, -22.40000000000005, 203, 0.05599676962692679
43, 225, -22.40000000000005, 197, 0.066500738676194
44, 225, -22.40000000000005, 215, 0.08102317494464484
45, 225, -22.40000000000005, 208, 0.1608550600170806
46, 225, -22.40000000000005, 218, 0.08032532066501252
47, 225, -22.40000000000005, 208, 0.05141531491581719
48, 225, -22.40000000000005, 225, 0.06606256996395199
49, 225, -22.40000000000005, 218, 0.06187304568685037
50, 225, -22.40000000000005, 208, 0.07805180113259613
51, 225, -22.40000000000005, 216, 0.059298496754423224
52, 225, -22.40000000000005, 222, 0.059268388039680486
53, 225, -22.40000000000005, 222, 0.07945901716530301
54, 225, -22.40000000000005, 229, 0.04914680181825615
55, 225, -22.40000000000005, 227, 0.049899293709140924
56, 225, -22.40000000000005, 226, 0.052026853139008455
57, 225, -22.40000000000005, 218, 0.057977216408914733
58, 225, -22.40000000000005, 236, 0.046881716869303425
59, 225, -22.40000000000005, 230, 0.06969119063183693
60, 225, -22.40000000000005, 236, 0.06606426567350066
61, 225, -22.40000000000005, 233, 0.06724866707838961
62, 225, -22.40000000000005, 245, 0.0676645815784408
63, 225, -22.40000000000005, 250, 0.05328715187638666
64, 225, -22.40000000000005, 250, 0.05455239965975878
65, 112, -11.099999999999977, 242, 0.06450866446624975
66, 225, -22.40000000000005, 234, 0.05114226637249475
67, 225, -22.40000000000005, 250, 0.06420355766114239
68, 225, -22.40000000000005, 246, 0.08023554893292006
69, 225, -22.40000000000005, 254, 0.058608664800246846
70, 225, -22.40000000000005, 250, 0.08690305785386832
71, 225, -22.40000000000005, 248, 0.07460635982557795
72, 225, -22.40000000000005, 254, 0.15006412914857847
73, 225, -22.40000000000005, 264, 0.05204399251669267
74, 225, -22.40000000000005, 260, 0.06544429050680334
75, 225, -22.40000000000005, 262, 0.04306910301547218
76, 225, -22.40000000000005, 261, 0.049780786093789775
77, 225, -22.40000000000005, 250, 0.09551465604525877
78, 225, -22.40000000000005, 264, 0.045352766126911526
79, 225, -22.40000000000005, 265, 0.07070621093310725
80, 225, -22.40000000000005, 254, 0.05862604484257217
81, 225, -22.40000000000005, 253, 0.10035509215835803
82, 225, -22.40000000000005, 252, 0.06224563408571848
83, 225, -22.40000000000005, 266, 0.0845857835857109
84, 225, -22.40000000000005, 265, 0.0626968197090999
85, 225, -22.40000000000005, 262, 0.05212797860747309
86, 225, -22.40000000000005, 274, 0.060645981078413236
87, 225, -22.40000000000005, 277, 0.06430191489914461
88, 225, -22.40000000000005, 269, 0.07381803572421178
89, 145, -14.399999999999965, 273, 0.07799978505127103
90, 225, -22.40000000000005, 269, 0.05365568306165275
91, 152, -15.099999999999962, 281, 0.058152143728650296
92, 225, -22.40000000000005, 284, 0.037389773045392705
93, 225, -22.40000000000005, 274, 0.06183184279605197
94, 225, -22.40000000000005, 281, 0.06109085919616852
95, 109, -10.799999999999978, 270, 0.060906253063931715
96, 222, -22.100000000000044, 280, 0.08824905511168701
97, 225, -22.40000000000005, 281, 0.06868230174663092
98, 225, -22.40000000000005, 287, 0.06048677141674702
99, 225, -22.40000000000005, 280, 0.07701917751270781
100, 225, -22.40000000000005, 286, 0.04410994169960114
101, 225, -22.40000000000005, 282, 0.07346253802805272
102, 225, -22.40000000000005, 282, 0.04745427125418189
103, 110, -10.899999999999977, 281, 0.040046225591785056
104, 225, -22.40000000000005, 288, 0.08290768974123419
105, 225, -22.40000000000005, 292, 0.04498447940739059
106, 225, -22.40000000000005, 285, 0.06226185199613532
107, 122, -12.099999999999973, 304, 0.09061574376283277
108, 79, -7.799999999999988, 299, 0.07419591837383366
109, 119, -11.799999999999974, 299, 0.0781696155837085
110, 225, -22.40000000000005, 294, 0.07951514669049198
111, 80, -7.899999999999988, 288, 0.08337082230260018
112, 161, -15.99999999999996, 294, 0.08078713361917472
113, 179, -17.799999999999983, 304, 0.10486621414986613
114, 164, -16.29999999999996, 289, 0.06649201342400501
115, 225, -22.40000000000005, 303, 0.06537894591906457
116, 225, -22.40000000000005, 305, 0.04654972134636326
117, 70, -6.8999999999999915, 303, 0.09141585529883567
118, 180, -17.899999999999984, 312, 0.06993917232546654
119, 225, -22.40000000000005, 315, 0.09924736650176547
120, 104, -10.29999999999998, 307, 0.09505934563148877
121, 215, -21.400000000000034, 302, 0.1000141802766954
122, 176, -17.49999999999998, 309, 0.08683760098630922
123, 225, -22.40000000000005, 305, 0.0609250961328531
124, 95, -9.399999999999983, 311, 0.06095027220278393
125, 225, -22.40000000000005, 306, 0.062128172403935034
126, 225, -22.40000000000005, 301, 0.04889470076708102
127, 225, -22.40000000000005, 312, 0.07511091199851766
128, 64, -6.299999999999994, 316, 0.07686573331545177
129, 138, -13.699999999999967, 309, 0.06573912318637709
130, 110, -10.899999999999977, 314, 0.08976709785459824
131, 72, -7.099999999999991, 305, 0.06953955170497483
132, 77, -7.599999999999989, 311, 0.07141990462331993
133, 152, -15.099999999999962, 304, 0.07977956986193901
134, 71, -6.999999999999991, 300, 0.051804732437680245
135, 177, -17.59999999999998, 319, 0.0869310136702931
136, 225, -22.40000000000005, 306, 0.048420229762774714
137, 136, -13.499999999999968, 308, 0.07079545839736645
138, 154, -15.299999999999962, 315, 0.06460513655811839
139, 107, -10.599999999999978, 309, 0.08134297869102558
140, 53, -5.1999999999999975, 315, 0.046839615983198524
141, 88, -8.699999999999985, 309, 0.07053960435984341
142, 225, -22.40000000000005, 312, 0.06607016669661547
143, 225, -22.40000000000005, 308, 0.05877434104237267
144, 69, -6.799999999999992, 307, 0.048158505531469054
145, 225, -22.40000000000005, 316, 0.06440277656824733
146, 127, -12.599999999999971, 324, 0.063882756069217
147, 67, -6.5999999999999925, 318, 0.08394820625507426
148, 64, -6.299999999999994, 316, 0.08282373529997678
149, 61, -5.999999999999995, 315, 0.07533844741512197
150, 53, -5.1999999999999975, 323, 0.07372434595919192
151, 98, -9.699999999999982, 314, 0.05375923839336827
152, 63, -6.199999999999994, 317, 0.04702213402868649
153, 108, -10.699999999999978, 317, 0.06547626519287508
154, 52, -5.099999999999998, 321, 0.07090309410217843
155, 146, -14.499999999999964, 309, 0.06384916506596278
156, 116, -11.499999999999975, 320, 0.0596142093722174
157, 83, -8.199999999999987, 321, 0.051606122547265265
158, 225, -22.40000000000005, 308, 0.11026597490777734
159, 77, -7.599999999999989, 325, 0.06627789859888955
160, 51, -4.999999999999998, 329, 0.060910512335668465
161, 61, -5.999999999999995, 323, 0.07235136076256166
162, 225, -22.40000000000005, 321, 0.04422902541735052
163, 53, -5.1999999999999975, 321, 0.0759009341355168
164, 96, -9.499999999999982, 315, 0.07306346604695402
165, 73, -7.19999999999999, 323, 0.04722632699235896
166, 56, -5.4999999999999964, 329, 0.07624461460208276
167, 56, -5.4999999999999964, 335, 0.04815853073978893
168, 93, -9.199999999999983, 322, 0.06637594134242963
169, 225, -22.40000000000005, 333, 0.06250166981388272
170, 64, -6.299999999999994, 321, 0.07873357749265963
171, 62, -6.099999999999994, 331, 0.0664382047361134
172, 60, -5.899999999999995, 327, 0.056804875418936085
173, 65, -6.399999999999993, 331, 0.03676966373522905
174, 54, -5.299999999999997, 324, 0.07235714689840234
175, 97, -9.599999999999982, 330, 0.04470891984834491
176, 129, -12.79999999999997, 329, 0.05606670072380826
177, 49, -4.799999999999999, 324, 0.12187706634596918
178, 49, -4.799999999999999, 325, 0.06810583887355137
179, 51, -4.999999999999998, 323, 0.06326262480036249
180, 82, -8.099999999999987, 320, 0.03943306202958308
181, 225, -22.40000000000005, 336, 0.06821744150102038
182, 55, -5.399999999999997, 333, 0.09173606079469976
183, 84, -8.299999999999986, 336, 0.06771561277027116
184, 55, -5.399999999999997, 339, 0.07830718246085877
185, 44, -4.300000000000001, 345, 0.061808621026809174
186, 48, -4.699999999999999, 333, 0.0714920004030013
187, 60, -5.899999999999995, 330, 0.047085556887127566
188, 57, -5.599999999999996, 336, 0.0755869464472082
189, 55, -5.399999999999997, 334, 0.06039115152592889
190, 49, -4.799999999999999, 342, 0.07742246047536261
191, 52, -5.099999999999998, 337, 0.08093135210235536
192, 54, -5.299999999999997, 332, 0.0382932109077645
193, 55, -5.399999999999997, 341, 0.09457502131883011
194, 61, -5.999999999999995, 345, 0.03238978598023046
195, 51, -4.999999999999998, 323, 0.04718057491129812
196, 88, -8.699999999999985, 343, 0.10038050044595856
197, 99, -9.799999999999981, 333, 0.06521513245394184
198, 225, -22.40000000000005, 336, 0.07123039173771561
199, 57, -5.599999999999996, 340, 0.056321587898103265
200, 67, -6.5999999999999925, 348, 0.08437197060209867
201, 57, -5.599999999999996, 347, 0.06735702177380087
202, 54, -5.299999999999997, 346, 0.07415422943461158
203, 121, -11.999999999999973, 342, 0.05455117777599394
204, 66, -6.499999999999993, 343, 0.07015156968623382
205, 97, -9.599999999999982, 346, 0.06611782209478911
206, 54, -5.299999999999997, 341, 0.06383422732254074
207, 45, -4.4, 343, 0.05510069917071814
208, 58, -5.699999999999996, 342, 0.0740484663337575
209, 61, -5.999999999999995, 332, 0.06710369466886701
210, 60, -5.899999999999995, 340, 0.07411841921137552
211, 58, -5.699999999999996, 346, 0.06146514092919886
212, 52, -5.099999999999998, 342, 0.06206519783888975
213, 143, -14.199999999999966, 341, 0.0872896690259024
214, 48, -4.699999999999999, 347, 0.09431841769138816
215, 225, -22.40000000000005, 343, 0.08768369429441925
216, 75, -7.39999999999999, 346, 0.06772805872324422
217, 51, -4.999999999999998, 345, 0.06354185614050456
218, 54, -5.299999999999997, 339, 0.07689253505248228
219, 58, -5.699999999999996, 344, 0.06070764517601601
220, 52, -5.099999999999998, 347, 0.08350439599456072
221, 97, -9.599999999999982, 344, 0.08742914784429812
222, 54, -5.299999999999997, 347, 0.06656057008132477
223, 124, -12.299999999999972, 344, 0.07843910243334506
224, 46, -4.5, 348, 0.07290816263045663
225, 56, -5.4999999999999964, 351, 0.09166883377131763
226, 78, -7.699999999999989, 351, 0.10543552240903775
227, 64, -6.299999999999994, 341, 0.0748870329334278
228, 77, -7.599999999999989, 349, 0.06460926630144304
229, 61, -5.999999999999995, 346, 0.06595931273748956
230, 59, -5.799999999999995, 353, 0.10531989174858958
231, 68, -6.699999999999992, 350, 0.08528303133586668
232, 61, -5.999999999999995, 343, 0.05302418193037495
233, 70, -6.8999999999999915, 347, 0.08161873766509053
234, 49, -4.799999999999999, 357, 0.08105649586079688
235, 53, -5.1999999999999975, 347, 0.09919851825611659
236, 52, -5.099999999999998, 344, 0.08450167402964781
237, 55, -5.399999999999997, 361, 0.06441808717137354
238, 56, -5.4999999999999964, 345, 0.08235815000550084
239, 74, -7.29999999999999, 354, 0.060139284852238406
240, 55, -5.399999999999997, 362, 0.06889249870354064
241, 61, -5.999999999999995, 353, 0.06671497463104203
242, 58, -5.699999999999996, 361, 0.08254671219820175
243, 67, -6.5999999999999925, 353, 0.10586248071496307
244, 62, -6.099999999999994, 360, 0.061490542796549974
245, 60, -5.899999999999995, 361, 0.08496280058829475
246, 51, -4.999999999999998, 353, 0.0721799994945489
247, 58, -5.699999999999996, 354, 0.06002845842722465
248, 70, -6.8999999999999915, 362, 0.06130157912808287
249, 54, -5.299999999999997, 369, 0.08531732597753183
250, 47, -4.6, 359, 0.04578168107203373
251, 123, -12.199999999999973, 360, 0.0646138493897368
252, 74, -7.29999999999999, 363, 0.07812585754109858
253, 76, -7.499999999999989, 362, 0.0649873418562712
254, 49, -4.799999999999999, 366, 0.07563890430856057
255, 54, -5.299999999999997, 358, 0.08427903039245344
256, 57, -5.599999999999996, 362, 0.07683856498861985
257, 56, -5.4999999999999964, 365, 0.06061613948511024
258, 57, -5.599999999999996, 359, 0.10083889681947578
259, 64, -6.299999999999994, 355, 0.062468134957107235
260, 225, -22.40000000000005, 365, 0.05896879229401941
261, 54, -5.299999999999997, 359, 0.07324445187044115
262, 71, -6.999999999999991, 359, 0.07850054527215322
263, 56, -5.4999999999999964, 359, 0.055684028161911314
264, 59, -5.799999999999995, 363, 0.12232633135056603
265, 73, -7.19999999999999, 366, 0.06516633858606902
266, 54, -5.299999999999997, 362, 0.05288333153051372
267, 51, -4.999999999999998, 368, 0.0903342030573202
268, 212, -21.10000000000003, 362, 0.09940299023119747
269, 56, -5.4999999999999964, 363, 0.07568441098578527
270, 55, -5.399999999999997, 368, 0.0508941494301971
271, 62, -6.099999999999994, 363, 0.08763747801827737
272, 54, -5.299999999999997, 361, 0.05522777064970574
273, 55, -5.399999999999997, 380, 0.06454264251469244
274, 59, -5.799999999999995, 363, 0.062211100487862936
275, 57, -5.599999999999996, 355, 0.06285750960967629
276, 63, -6.199999999999994, 363, 0.10149197264576437
277, 55, -5.399999999999997, 363, 0.07987712943469316
278, 119, -11.799999999999974, 379, 0.07023402183823685
279, 47, -4.6, 372, 0.07864580385141418
280, 58, -5.699999999999996, 372, 0.06727811374310111
281, 60, -5.899999999999995, 366, 0.05223445386788539
282, 72, -7.099999999999991, 370, 0.07542029870075617
283, 55, -5.399999999999997, 368, 0.06087421844529056
284, 70, -6.8999999999999915, 375, 0.06912036367878915
285, 60, -5.899999999999995, 368, 0.07124330448881588
286, 63, -6.199999999999994, 373, 0.06374331289715962
287, 46, -4.5, 369, 0.08262301320619114
288, 54, -5.299999999999997, 366, 0.07930073074183652
289, 53, -5.1999999999999975, 374, 0.05960304574729336
290, 88, -8.699999999999985, 369, 0.05491094889649739
291, 49, -4.799999999999999, 363, 0.05211070244722027
292, 61, -5.999999999999995, 382, 0.037584555817541165
293, 68, -6.699999999999992, 368, 0.08494880187049558
294, 214, -21.300000000000033, 379, 0.0677479794359288
295, 51, -4.999999999999998, 382, 0.0655162099779989
296, 67, -6.5999999999999925, 367, 0.06584504812263181
297, 225, -22.40000000000005, 381, 0.06834644815925328
298, 70, -6.8999999999999915, 371, 0.07049223155422601
299, 62, -6.099999999999994, 374, 0.055945288797746295
300, 56, -5.4999999999999964, 380, 0.08109926773583842
301, 60, -5.899999999999995, 369, 0.06790026072835875
302, 51, -4.999999999999998, 385, 0.07885509000713631
303, 58, -5.699999999999996, 381, 0.03583379288018962
304, 59, -5.799999999999995, 371, 0.0737850108400524
305, 52, -5.099999999999998, 374, 0.10126686950746033
306, 61, -5.999999999999995, 380, 0.0845415427034868
307, 58, -5.699999999999996, 367, 0.08291121693774905
308, 53, -5.1999999999999975, 380, 0.0644204601014744
309, 75, -7.39999999999999, 371, 0.08426549418214124
310, 52, -5.099999999999998, 374, 0.07912050114584401
311, 64, -6.299999999999994, 378, 0.058414305564067126
312, 138, -13.699999999999967, 370, 0.054491649588588764
313, 55, -5.399999999999997, 386, 0.07140824957128
314, 71, -6.999999999999991, 379, 0.08384366170133539
315, 50, -4.899999999999999, 382, 0.03645267031046684
316, 64, -6.299999999999994, 385, 0.0593136411657289
317, 58, -5.699999999999996, 389, 0.07028079714332724
318, 71, -6.999999999999991, 374, 0.07482695926897165
319, 225, -22.40000000000005, 385, 0.06301396809805754
320, 78, -7.699999999999989, 385, 0.09785074923856829
321, 53, -5.1999999999999975, 387, 0.0667472796275006
322, 54, -5.299999999999997, 385, 0.04489533068209184
323, 56, -5.4999999999999964, 389, 0.05641631366161892
324, 65, -6.399999999999993, 384, 0.05331545781096603
325, 57, -5.599999999999996, 378, 0.047937689264514916
326, 56, -5.4999999999999964, 396, 0.08406566190391818
327, 46, -4.5, 389, 0.06919900402258716
328, 60, -5.899999999999995, 373, 0.07465779899340852
329, 59, -5.799999999999995, 381, 0.07649138145582143
330, 55, -5.399999999999997, 388, 0.065351205659405
331, 52, -5.099999999999998, 383, 0.1084379907126709
332, 62, -6.099999999999994, 383, 0.08038346832733545
333, 225, -22.40000000000005, 377, 0.07368799081898703
334, 53, -5.1999999999999975, 390, 0.08925344307815875
335, 64, -6.299999999999994, 384, 0.054177585466625766
336, 48, -4.699999999999999, 383, 0.049193843271983395
337, 59, -5.799999999999995, 387, 0.07142508668778014
338, 57, -5.599999999999996, 390, 0.0686356822132308
339, 57, -5.599999999999996, 387, 0.06618640563834088
340, 49, -4.799999999999999, 383, 0.08181345039899046
341, 42, -4.100000000000001, 386, 0.07230244159532395
342, 55, -5.399999999999997, 395, 0.05833166207205531
343, 52, -5.099999999999998, 386, 0.07787179424168578
344, 45, -4.4, 393, 0.04103071890930421
345, 51, -4.999999999999998, 391, 0.07396415842365966
346, 51, -4.999999999999998, 391, 0.07036283317170033
347, 111, -10.999999999999977, 392, 0.07162386877542692
348, 52, -5.099999999999998, 400, 0.10962027429040933
349, 63, -6.199999999999994, 393, 0.07947648984650657
350, 52, -5.099999999999998, 394, 0.05907434585153337
351, 58, -5.699999999999996, 388, 0.05776977984816778
352, 59, -5.799999999999995, 391, 0.06796435368410148
353, 51, -4.999999999999998, 393, 0.068195765743843
354, 57, -5.599999999999996, 392, 0.06695857879187872
355, 61, -5.999999999999995, 386, 0.07812136863873997
356, 64, -6.299999999999994, 398, 0.08359267033994122
357, 51, -4.999999999999998, 399, 0.07040409958003549
358, 62, -6.099999999999994, 390, 0.09246033710804863
359, 48, -4.699999999999999, 395, 0.04453213085104535
360, 51, -4.999999999999998, 389, 0.08182042630252262
361, 79, -7.799999999999988, 394, 0.056680554746002754
362, 56, -5.4999999999999964, 411, 0.06434995382646025
363, 73, -7.19999999999999, 398, 0.08454095316478294
364, 225, -22.40000000000005, 394, 0.058858433251907094
365, 89, -8.799999999999985, 402, 0.059777198974025
366, 65, -6.399999999999993, 390, 0.053830261992920736
367, 54, -5.299999999999997, 394, 0.07961336189681045
368, 53, -5.1999999999999975, 387, 0.07585848249952276
369, 60, -5.899999999999995, 394, 0.06430454859118351
370, 53, -5.1999999999999975, 393, 0.06506523943388576
371, 225, -22.40000000000005, 391, 0.07979044582051165
372, 88, -8.699999999999985, 397, 0.08295363217869939
373, 52, -5.099999999999998, 384, 0.06821646290261585
374, 50, -4.899999999999999, 401, 0.0526272250855222
375, 53, -5.1999999999999975, 402, 0.07267042390498268
376, 52, -5.099999999999998, 390, 0.07242934231053866
377, 57, -5.599999999999996, 402, 0.07213378208958066
378, 60, -5.899999999999995, 398, 0.05218343592594232
379, 48, -4.699999999999999, 396, 0.07269135731150778
380, 49, -4.799999999999999, 396, 0.06246132056628095
381, 135, -13.399999999999968, 394, 0.06875284155695494
382, 58, -5.699999999999996, 402, 0.048819083627019255
383, 59, -5.799999999999995, 407, 0.05996242177880573
384, 49, -4.799999999999999, 399, 0.09004481132357123
385, 61, -5.999999999999995, 398, 0.09343333298824019
386, 48, -4.699999999999999, 401, 0.057064331980465344
387, 50, -4.899999999999999, 399, 0.0974355763133421
388, 64, -6.299999999999994, 406, 0.061994348461998805
389, 225, -22.40000000000005, 401, 0.05899693487876945
390, 56, -5.4999999999999964, 408, 0.09199105096611238
391, 54, -5.299999999999997, 399, 0.06996328991138867
392, 68, -6.699999999999992, 405, 0.07255359213375345
393, 51, -4.999999999999998, 403, 0.0691338215581151
394, 61, -5.999999999999995, 404, 0.06540985800104337
395, 59, -5.799999999999995, 404, 0.0752159179998774
396, 55, -5.399999999999997, 402, 0.058073466992496714
397, 51, -4.999999999999998, 424, 0.08792701807710568
398, 60, -5.899999999999995, 411, 0.061279981701837016
399, 65, -6.399999999999993, 405, 0.04460967914594849
400, 49, -4.799999999999999, 405, 0.07016126624695329
401, 53, -5.1999999999999975, 400, 0.08483419020383653
402, 53, -5.1999999999999975, 408, 0.05895042773922454
403, 75, -7.39999999999999, 412, 0.06561460990559054
404, 59, -5.799999999999995, 406, 0.0616431434433089
405, 52, -5.099999999999998, 415, 0.08002198221039936
406, 55, -5.399999999999997, 407, 0.05013640252315543
407, 64, -6.299999999999994, 420, 0.06577810510493687
408, 58, -5.699999999999996, 408, 0.0347627127538179
409, 62, -6.099999999999994, 411, 0.0676833935253024
410, 59, -5.799999999999995, 415, 0.08118888863956508
411, 63, -6.199999999999994, 410, 0.08774708196696879
412, 61, -5.999999999999995, 428, 0.058258257383547285
413, 59, -5.799999999999995, 405, 0.08583321505560582
414, 60, -5.899999999999995, 414, 0.07509987114961209
415, 220, -21.90000000000004, 403, 0.08767167917998786
416, 46, -4.5, 407, 0.0947103771652793
417, 64, -6.299999999999994, 412, 0.06321320737404368
418, 57, -5.599999999999996, 405, 0.05909560025220406
419, 56, -5.4999999999999964, 415, 0.06974086243178546
420, 54, -5.299999999999997, 404, 0.04589376795567768
421, 66, -6.499999999999993, 406, 0.07028022983383386
422, 51, -4.999999999999998, 409, 0.09097292168744353
423, 46, -4.5, 426, 0.08867682339880445
424, 60, -5.899999999999995, 421, 0.06699040487142272
425, 51, -4.999999999999998, 414, 0.05274881687248811
426, 51, -4.999999999999998, 412, 0.061415325098401974
427, 79, -7.799999999999988, 403, 0.07816251621175296
428, 53, -5.1999999999999975, 407, 0.08517148858377088
429, 76, -7.499999999999989, 412, 0.08939966687275103
430, 52, -5.099999999999998, 409, 0.10191036592066194
431, 105, -10.399999999999979, 413, 0.06301057578648839
432, 62, -6.099999999999994, 411, 0.08553348429496543
433, 53, -5.1999999999999975, 414, 0.04849202680535836
434, 63, -6.199999999999994, 418, 0.06408672856308284
435, 86, -8.499999999999986, 411, 0.07016450411164654
436, 51, -4.999999999999998, 414, 0.057128169291051245
437, 48, -4.699999999999999, 415, 0.06409145681367212
438, 53, -5.1999999999999975, 424, 0.08905245094908554
439, 52, -5.099999999999998, 413, 0.07608625641424016
440, 49, -4.799999999999999, 412, 0.06913681600674693
441, 103, -10.19999999999998, 420, 0.06785211570149574
442, 61, -5.999999999999995, 413, 0.08479351523014284
443, 50, -4.899999999999999, 427, 0.051308914233664904
444, 51, -4.999999999999998, 414, 0.07394157335508522
445, 52, -5.099999999999998, 418, 0.08576041217718311
446, 78, -7.699999999999989, 419, 0.052835379067701194
447, 163, -16.19999999999996, 422, 0.08021577255925605
448, 61, -5.999999999999995, 416, 0.07264490123212486
449, 122, -12.099999999999973, 418, 0.0905624535811067
450, 48, -4.699999999999999, 420, 0.06315331545299718
451, 53, -5.1999999999999975, 426, 0.07081788366108699
452, 57, -5.599999999999996, 421, 0.06712515679922126
453, 55, -5.399999999999997, 421, 0.08005384967914432
454, 54, -5.299999999999997, 420, 0.054116466582463385
455, 51, -4.999999999999998, 414, 0.06256146984170144
456, 60, -5.899999999999995, 420, 0.0541639442198274
457, 54, -5.299999999999997, 421, 0.06480839841684727
458, 56, -5.4999999999999964, 427, 0.10499853991510077
459, 55, -5.399999999999997, 412, 0.08182952610063166
460, 77, -7.599999999999989, 431, 0.07789935703148831
461, 60, -5.899999999999995, 419, 0.08065237094091415
462, 58, -5.699999999999996, 431, 0.11156310583036233
463, 69, -6.799999999999992, 425, 0.06963374656471233
464, 50, -4.899999999999999, 423, 0.10185267057176173
465, 57, -5.599999999999996, 431, 0.0862671482573607
466, 73, -7.19999999999999, 427, 0.10384302389058098
467, 56, -5.4999999999999964, 428, 0.05307022286001262
468, 55, -5.399999999999997, 425, 0.07176734224454728
469, 52, -5.099999999999998, 434, 0.036669778621197135
470, 59, -5.799999999999995, 427, 0.07106300659574849
471, 81, -7.999999999999988, 421, 0.04909868703842157
472, 49, -4.799999999999999, 427, 0.07915639529731999
473, 60, -5.899999999999995, 421, 0.08270244231209833
474, 55, -5.399999999999997, 429, 0.09070338871271133
475, 46, -4.5, 427, 0.0867218537369201
476, 66, -6.499999999999993, 434, 0.05988294256448623
477, 57, -5.599999999999996, 428, 0.060537988076533544
478, 58, -5.699999999999996, 431, 0.07029551971131776
479, 63, -6.199999999999994, 439, 0.0444732769799705
480, 82, -8.099999999999987, 423, 0.07761639458880021
481, 60, -5.899999999999995, 434, 0.05901241719164907
482, 51, -4.999999999999998, 427, 0.08094053796856349
483, 54, -5.299999999999997, 430, 0.05539632214450574
484, 59, -5.799999999999995, 435, 0.08797449276994085
485, 59, -5.799999999999995, 426, 0.07700806091276768
486, 81, -7.999999999999988, 435, 0.03677201011494935
487, 64, -6.299999999999994, 434, 0.07067429731136121
488, 64, -6.299999999999994, 435, 0.09267222609883874
489, 63, -6.199999999999994, 437, 0.072148942216268
490, 225, -22.40000000000005, 441, 0.04801419505174698
491, 67, -6.5999999999999925, 430, 0.06256624973133307
492, 56, -5.4999999999999964, 436, 0.07115092976621362
493, 61, -5.999999999999995, 437, 0.06044546076375834
494, 72, -7.099999999999991, 432, 0.05815326730227843
495, 55, -5.399999999999997, 437, 0.07309251351172463
496, 47, -4.6, 436, 0.08762445789190765
497, 53, -5.1999999999999975, 440, 0.09328377079454908
498, 60, -5.899999999999995, 433, 0.08316582413795204
499, 61, -5.999999999999995, 442, 0.07771939034142017
500, 48, -4.699999999999999, 434, 0.06970261899283381
501, 68, -6.699999999999992, 437, 0.06006682846132727
502, 50, -4.899999999999999, 453, 0.08107215002746804
503, 47, -4.6, 442, 0.062325974710034204
504, 73, -7.19999999999999, 439, 0.08452627193238915
505, 50, -4.899999999999999, 444, 0.07638704420362696
506, 64, -6.299999999999994, 444, 0.10516773006160107
507, 61, -5.999999999999995, 448, 0.08184223886944286
508, 82, -8.099999999999987, 453, 0.0643493642137618
509, 96, -9.499999999999982, 437, 0.08807362514128458
510, 53, -5.1999999999999975, 449, 0.09565538539998797
511, 57, -5.599999999999996, 443, 0.07192817362076509
512, 60, -5.899999999999995, 448, 0.08286167720179
513, 51, -4.999999999999998, 445, 0.042167857588555346
514, 59, -5.799999999999995, 445, 0.084134175264056
515, 51, -4.999999999999998, 451, 0.08103004657198243
516, 55, -5.399999999999997, 441, 0.0645116358913026
517, 54, -5.299999999999997, 440, 0.03781295095660919
518, 69, -6.799999999999992, 448, 0.06000987203382968
519, 71, -6.999999999999991, 450, 0.06362289148268285
520, 52, -5.099999999999998, 447, 0.05311963645697748
521, 47, -4.6, 442, 0.09336832523942928
522, 77, -7.599999999999989, 452, 0.07216318234997832
523, 62, -6.099999999999994, 440, 0.06959067974065887
524, 47, -4.6, 455, 0.09716237483694612
525, 57, -5.599999999999996, 442, 0.06789402091439434
526, 64, -6.299999999999994, 451, 0.08203803560999323
527, 51, -4.999999999999998, 451, 0.07506999739105336
528, 59, -5.799999999999995, 459, 0.08646211697729189
529, 63, -6.199999999999994, 457, 0.06459168257751713
530, 98, -9.699999999999982, 444, 0.05042132063759652
531, 58, -5.699999999999996, 444, 0.07277669415073484
532, 57, -5.599999999999996, 444, 0.06472886748831619
533, 52, -5.099999999999998, 448, 0.0818020105658892
534, 45, -4.4, 443, 0.047866216909119186
535, 62, -6.099999999999994, 449, 0.06930449604424105
536, 56, -5.4999999999999964, 447, 0.0644212650185525
537, 58, -5.699999999999996, 446, 0.09354790504711663
538, 55, -5.399999999999997, 449, 0.08516727974013305
539, 58, -5.699999999999996, 450, 0.09326828088454053
540, 55, -5.399999999999997, 446, 0.07580813760622851
541, 51, -4.999999999999998, 448, 0.054297777874300124
542, 106, -10.499999999999979, 447, 0.06104975960430181
543, 55, -5.399999999999997, 446, 0.07124054662165386
544, 51, -4.999999999999998, 449, 0.05887794692460924
545, 50, -4.899999999999999, 450, 0.08170141156957111
546, 61, -5.999999999999995, 457, 0.059549579832102406
547, 63, -6.199999999999994, 449, 0.06785892820309136
548, 44, -4.300000000000001, 447, 0.07531558439784491
549, 53, -5.1999999999999975, 446, 0.06819034762356369
550, 64, -6.299999999999994, 455, 0.08322323792574382
551, 53, -5.1999999999999975, 448, 0.05116208695297053
552, 62, -6.099999999999994, 452, 0.06419773946993779
553, 73, -7.19999999999999, 451, 0.0463843989457744
554, 75, -7.39999999999999, 445, 0.07202109280002245
555, 63, -6.199999999999994, 456, 0.06327175134832297
556, 53, -5.1999999999999975, 447, 0.09075159363231267
557, 47, -4.6, 446, 0.07430022926126334
558, 64, -6.299999999999994, 459, 0.060911533995748335
559, 60, -5.899999999999995, 453, 0.06709394454777107
560, 62, -6.099999999999994, 454, 0.05739628474999614
561, 54, -5.299999999999997, 447, 0.0726310201177155
562, 76, -7.499999999999989, 463, 0.07398265615855681
563, 61, -5.999999999999995, 446, 0.0719763748287423
564, 51, -4.999999999999998, 459, 0.06826764842058441
565, 225, -22.40000000000005, 463, 0.0732030754637305
566, 59, -5.799999999999995, 461, 0.0671989992923181
567, 58, -5.699999999999996, 455, 0.05152450113174534
568, 97, -9.599999999999982, 451, 0.053563757154654335
569, 150, -14.899999999999963, 462, 0.13340124302450662
570, 76, -7.499999999999989, 453, 0.055712893456318024
571, 60, -5.899999999999995, 452, 0.04789888977873824
572, 64, -6.299999999999994, 445, 0.051712903669754784
573, 60, -5.899999999999995, 462, 0.06121028251416227
574, 58, -5.699999999999996, 460, 0.05809094274418358
575, 61, -5.999999999999995, 466, 0.09904611797793261
576, 53, -5.1999999999999975, 459, 0.07448953712955708
577, 61, -5.999999999999995, 471, 0.0911778582283751
578, 51, -4.999999999999998, 461, 0.06901883089098848
579, 57, -5.599999999999996, 466, 0.06307598172209472
580, 50, -4.899999999999999, 460, 0.06409532648612881
581, 67, -6.5999999999999925, 456, 0.09099240029374955
582, 76, -7.499999999999989, 469, 0.07135003071876644
583, 59, -5.799999999999995, 471, 0.07309681467458073
584, 55, -5.399999999999997, 460, 0.07601380597221197
585, 58, -5.699999999999996, 467, 0.0757883237927846
586, 53, -5.1999999999999975, 468, 0.05209445201250862
587, 60, -5.899999999999995, 459, 0.07268158825172888
588, 53, -5.1999999999999975, 472, 0.06466691327295035
589, 54, -5.299999999999997, 461, 0.04995896040714731
590, 56, -5.4999999999999964, 465, 0.07452014736020174
591, 48, -4.699999999999999, 464, 0.06845002558305513
592, 55, -5.399999999999997, 461, 0.09592838070682719
593, 60, -5.899999999999995, 465, 0.09462207362793884
594, 66, -6.499999999999993, 467, 0.0885936760817998
595, 50, -4.899999999999999, 466, 0.08462222917591833
596, 70, -6.8999999999999915, 463, 0.06628174574350276
597, 51, -4.999999999999998, 470, 0.07766192544286787
598, 53, -5.1999999999999975, 472, 0.10435717100018016
599, 56, -5.4999999999999964, 478, 0.06418864918253164
600, 65, -6.399999999999993, 473, 0.06425785471336587
601, 48, -4.699999999999999, 471, 0.08392883112202121
602, 65, -6.399999999999993, 465, 0.078965236572976
603, 60, -5.899999999999995, 470, 0.07945355802727305
604, 52, -5.099999999999998, 470, 0.06858268045864113
605, 46, -4.5, 481, 0.07224694427937783
606, 48, -4.699999999999999, 465, 0.055839607256136015
607, 60, -5.899999999999995, 480, 0.0644203405303092
608, 49, -4.799999999999999, 474, 0.07554011759563453
609, 51, -4.999999999999998, 473, 0.08100507072724583
610, 68, -6.699999999999992, 477, 0.08013476516339546
611, 58, -5.699999999999996, 476, 0.07495338742312985
612, 58, -5.699999999999996, 475, 0.05351728273308742
613, 99, -9.799999999999981, 485, 0.055966629222878206
614, 89, -8.799999999999985, 474, 0.07637787277752928
615, 50, -4.899999999999999, 474, 0.06625633990425372
616, 63, -6.199999999999994, 470, 0.07305134859260587
617, 50, -4.899999999999999, 482, 0.0891213877158869
618, 49, -4.799999999999999, 478, 0.06979739696729548
619, 53, -5.1999999999999975, 480, 0.07201348517159278
620, 85, -8.399999999999986, 476, 0.08648802817602186
621, 79, -7.799999999999988, 474, 0.07275826353548509
622, 68, -6.699999999999992, 476, 0.07279292474274612
623, 74, -7.29999999999999, 484, 0.06305331921104695
624, 56, -5.4999999999999964, 483, 0.06939053982070847
625, 52, -5.099999999999998, 469, 0.06836778435809227
626, 50, -4.899999999999999, 486, 0.07256636422360696
627, 51, -4.999999999999998, 475, 0.07687260511696392
628, 64, -6.299999999999994, 479, 0.06009984693025161
629, 65, -6.399999999999993, 477, 0.06139026010190807
630, 64, -6.299999999999994, 481, 0.05697827800615762
631, 48, -4.699999999999999, 478, 0.04901445570293106
632, 66, -6.499999999999993, 481, 0.07900865861648398
633, 62, -6.099999999999994, 486, 0.08243059416362586
634, 67, -6.5999999999999925, 490, 0.12528377156227355
635, 109, -10.799999999999978, 483, 0.07862201014590808
636, 50, -4.899999999999999, 490, 0.05794027593427753
637, 63, -6.199999999999994, 488, 0.08780739048051012
638, 84, -8.299999999999986, 483, 0.058871929508611004
639, 53, -5.1999999999999975, 477, 0.09343703517007701
640, 60, -5.899999999999995, 479, 0.05427774942377672
641, 53, -5.1999999999999975, 482, 0.08232065006725064
642, 60, -5.899999999999995, 485, 0.08752622429255297
643, 63, -6.199999999999994, 486, 0.08644682356446909
644, 60, -5.899999999999995, 485, 0.09503822011816476
645, 69, -6.799999999999992, 486, 0.03357179575994018
646, 56, -5.4999999999999964, 484, 0.06001962738284261
647, 68, -6.699999999999992, 486, 0.06837261662324279
648, 51, -4.999999999999998, 492, 0.07293616936230618
649, 68, -6.699999999999992, 492, 0.061560906190156306
650, 61, -5.999999999999995, 486, 0.07836405922457323
651, 51, -4.999999999999998, 479, 0.09610077645979109
652, 67, -6.5999999999999925, 483, 0.06381644670152775
653, 60, -5.899999999999995, 497, 0.0911301507633957
654, 63, -6.199999999999994, 476, 0.05583551136773329
655, 60, -5.899999999999995, 482, 0.07662997689896367
656, 90, -8.899999999999984, 486, 0.09009007769940691
657, 89, -8.799999999999985, 485, 0.06186819864824411
658, 59, -5.799999999999995, 484, 0.093603214461492
659, 70, -6.8999999999999915, 497, 0.11006876340118699
660, 64, -6.299999999999994, 492, 0.09139821869719889
661, 49, -4.799999999999999, 490, 0.08302156026418173
662, 53, -5.1999999999999975, 483, 0.0859430022530141
663, 102, -10.09999999999998, 490, 0.07770954011612163
664, 69, -6.799999999999992, 482, 0.05827016941562388
665, 62, -6.099999999999994, 489, 0.07138249650962702
666, 69, -6.799999999999992, 486, 0.08637394889197525
667, 49, -4.799999999999999, 495, 0.08501778252165604
668, 48, -4.699999999999999, 489, 0.06906752571637731
669, 56, -5.4999999999999964, 493, 0.07525903307062765
670, 86, -8.499999999999986, 492, 0.10721808852950643
671, 62, -6.099999999999994, 491, 0.04133036642887311
672, 48, -4.699999999999999, 488, 0.04728302502834292
673, 56, -5.4999999999999964, 494, 0.06153243433197275
674, 58, -5.699999999999996, 496, 0.07682051516528432
675, 50, -4.899999999999999, 493, 0.0839755995075196
676, 62, -6.099999999999994, 499, 0.08575333032091503
677, 73, -7.19999999999999, 499, 0.05843005305925786
678, 49, -4.799999999999999, 499, 0.06737170113117874
679, 58, -5.699999999999996, 500, 0.10334507236360935
680, 48, -4.699999999999999, 497, 0.07456496347710878
681, 53, -5.1999999999999975, 498, 0.08312394770264664
682, 63, -6.199999999999994, 483, 0.06338587093114012
683, 50, -4.899999999999999, 491, 0.07085457478391
684, 59, -5.799999999999995, 500, 0.06662275765794645
685, 70, -6.8999999999999915, 504, 0.0745081959886198
686, 50, -4.899999999999999, 497, 0.047133350796953355
687, 57, -5.599999999999996, 505, 0.06296816521544502
688, 49, -4.799999999999999, 503, 0.030986928462056196
689, 52, -5.099999999999998, 501, 0.07309232919888675
690, 54, -5.299999999999997, 503, 0.08601643331429387
691, 55, -5.399999999999997, 502, 0.0749486394058132
692, 52, -5.099999999999998, 497, 0.08053516684123574
693, 56, -5.4999999999999964, 507, 0.06527184894508808
694, 50, -4.899999999999999, 506, 0.09515165719799956
695, 57, -5.599999999999996, 506, 0.0713151219041614
696, 53, -5.1999999999999975, 496, 0.05514646347573393
697, 72, -7.099999999999991, 501, 0.10033090312042403
698, 225, -22.40000000000005, 497, 0.05758879088663976
699, 59, -5.799999999999995, 505, 0.06753834904475498
700, 68, -6.699999999999992, 502, 0.08238236264855647
701, 47, -4.6, 509, 0.08674137989843334
702, 66, -6.499999999999993, 500, 0.06163187147752225
703, 49, -4.799999999999999, 503, 0.052955049782589914
704, 49, -4.799999999999999, 503, 0.0659437230892127
705, 67, -6.5999999999999925, 511, 0.09654805194596694
706, 65, -6.399999999999993, 502, 0.06777512895485094
707, 59, -5.799999999999995, 504, 0.07329517854959547
708, 57, -5.599999999999996, 502, 0.09450208514325098
709, 58, -5.699999999999996, 508, 0.05667275423185414
710, 47, -4.6, 499, 0.07043330086987343
711, 73, -7.19999999999999, 505, 0.06882571557382944
712, 56, -5.4999999999999964, 501, 0.09286204233133677
713, 54, -5.299999999999997, 508, 0.07536790397596133
714, 59, -5.799999999999995, 497, 0.08075947832101948
715, 56, -5.4999999999999964, 509, 0.09094197047452601
716, 63, -6.199999999999994, 500, 0.08301975650283377
717, 60, -5.899999999999995, 500, 0.1049944310518598
718, 52, -5.099999999999998, 495, 0.07237890191892404
719, 59, -5.799999999999995, 506, 0.07716998927166885
720, 72, -7.099999999999991, 503, 0.08554478828341261
721, 49, -4.799999999999999, 511, 0.06904557893859248
722, 51, -4.999999999999998, 498, 0.09123034080268133
723, 56, -5.4999999999999964, 501, 0.06667217274188797
724, 64, -6.299999999999994, 501, 0.09366606680192202
725, 53, -5.1999999999999975, 513, 0.07382782909641694
726, 74, -7.29999999999999, 504, 0.07605703457718782
727, 56, -5.4999999999999964, 513, 0.05916116500917323
728, 56, -5.4999999999999964, 506, 0.06694878727473785
729, 52, -5.099999999999998, 510, 0.06469634720092943
730, 64, -6.299999999999994, 508, 0.0994055222812571
731, 65, -6.399999999999993, 511, 0.058002779461130555
732, 90, -8.899999999999984, 508, 0.07250656589455007
733, 64, -6.299999999999994, 499, 0.08578090597323373
734, 56, -5.4999999999999964, 512, 0.07227606200088155
735, 58, -5.699999999999996, 526, 0.09295952868576718
736, 63, -6.199999999999994, 516, 0.06544763542787502
737, 58, -5.699999999999996, 512, 0.05956219231188875
738, 52, -5.099999999999998, 508, 0.0760145017670969
739, 225, -22.40000000000005, 520, 0.06552619133965676
740, 54, -5.299999999999997, 516, 0.07556152005263561
741, 54, -5.299999999999997, 521, 0.07167788462197566
742, 111, -10.999999999999977, 507, 0.08064022007511956
743, 67, -6.5999999999999925, 520, 0.06495267993004883
744, 66, -6.499999999999993, 501, 0.09083990998837477
745, 55, -5.399999999999997, 519, 0.06556691933753545
746, 49, -4.799999999999999, 508, 0.035091864360376146
747, 47, -4.6, 505, 0.08134688780433841
748, 63, -6.199999999999994, 515, 0.11035224981301717
749, 61, -5.999999999999995, 510, 0.11514056451213528
750, 67, -6.5999999999999925, 507, 0.06271353468581475
751, 52, -5.099999999999998, 519, 0.07418774224669233
752, 53, -5.1999999999999975, 509, 0.06857650851963726
753, 60, -5.899999999999995, 506, 0.047816997808868056
754, 51, -4.999999999999998, 510, 0.07013876012971654
755, 46, -4.5, 517, 0.0742099753844232
756, 57, -5.599999999999996, 514, 0.07279668799078864
757, 49, -4.799999999999999, 535, 0.10167710847909861
758, 59, -5.799999999999995, 536, 0.05698802484834431
759, 59, -5.799999999999995, 526, 0.08987334447410777
760, 48, -4.699999999999999, 532, 0.0852887979521606
761, 46, -4.5, 524, 0.05844736570707232
762, 55, -5.399999999999997, 528, 0.09160716432587246
763, 54, -5.299999999999997, 527, 0.05316503658270322
764, 51, -4.999999999999998, 524, 0.058673694463518
765, 65, -6.399999999999993, 524, 0.07209169237045554
766, 57, -5.599999999999996, 528, 0.052116970868269163
767, 65, -6.399999999999993, 521, 0.08150356779552792
768, 64, -6.299999999999994, 527, 0.05061594437137762
769, 56, -5.4999999999999964, 525, 0.06482085173707697
770, 53, -5.1999999999999975, 523, 0.07377375057270985
771, 64, -6.299999999999994, 522, 0.09440495325239429
772, 62, -6.099999999999994, 519, 0.09381581684461615
773, 50, -4.899999999999999, 523, 0.05752810037570466
774, 55, -5.399999999999997, 522, 0.07263948152049099
775, 75, -7.39999999999999, 524, 0.07366022953116813
776, 68, -6.699999999999992, 540, 0.06825918590087299
777, 56, -5.4999999999999964, 538, 0.07782928225194308
778, 46, -4.5, 529, 0.06649073675194817
779, 51, -4.999999999999998, 526, 0.07817054219382777
780, 53, -5.1999999999999975, 528, 0.07059099065540009
781, 53, -5.1999999999999975, 532, 0.07798952900612321
782, 52, -5.099999999999998, 524, 0.09042702321120455
783, 57, -5.599999999999996, 535, 0.06032680395830492
784, 113, -11.199999999999976, 519, 0.06611256186071701
785, 51, -4.999999999999998, 532, 0.06865260391197625
786, 51, -4.999999999999998, 531, 0.06626376866448491
787, 49, -4.799999999999999, 521, 0.06799704601704604
788, 113, -11.199999999999976, 525, 0.0729078188093972
789, 79, -7.799999999999988, 535, 0.10155701996969002
790, 69, -6.799999999999992, 530, 0.09077426613594741
791, 62, -6.099999999999994, 526, 0.07978675683042002
792, 63, -6.199999999999994, 529, 0.10997608684800253
793, 171, -16.99999999999997, 525, 0.05042010909200778
794, 61, -5.999999999999995, 525, 0.06190786522952685
795, 66, -6.499999999999993, 532, 0.09298198534554603
796, 58, -5.699999999999996, 529, 0.057568523744254696
797, 55, -5.399999999999997, 519, 0.09288779286213522
798, 60, -5.899999999999995, 530, 0.08403217264399832
799, 55, -5.399999999999997, 529, 0.09697894762128101
800, 50, -4.899999999999999, 527, 0.07354577299381071
801, 50, -4.899999999999999, 530, 0.05720673949845878
802, 57, -5.599999999999996, 536, 0.06925399461151516
803, 58, -5.699999999999996, 529, 0.05724131444003788
804, 59, -5.799999999999995, 531, 0.051585242982820745
805, 47, -4.6, 530, 0.06396149164376563
806, 59, -5.799999999999995, 524, 0.06080890104741768
807, 56, -5.4999999999999964, 534, 0.0844949318862136
808, 57, -5.599999999999996, 528, 0.06850118003695971
809, 58, -5.699999999999996, 528, 0.07487761798999393
810, 60, -5.899999999999995, 530, 0.07537690619539816
811, 56, -5.4999999999999964, 535, 0.07367549330559786
812, 60, -5.899999999999995, 528, 0.0633686554520354
813, 95, -9.399999999999983, 536, 0.09392582611639999
814, 59, -5.799999999999995, 531, 0.07496846244521849
815, 49, -4.799999999999999, 537, 0.05579680943996057
816, 68, -6.699999999999992, 533, 0.13029179237187605
817, 55, -5.399999999999997, 534, 0.07379567518836683
818, 65, -6.399999999999993, 528, 0.06807762790314209
819, 51, -4.999999999999998, 539, 0.0690325627479127
820, 52, -5.099999999999998, 533, 0.054362955344861685
821, 72, -7.099999999999991, 537, 0.09908055211278444
822, 53, -5.1999999999999975, 535, 0.08656344430831964
823, 49, -4.799999999999999, 534, 0.06593503724284
824, 57, -5.599999999999996, 544, 0.06800590515451588
825, 57, -5.599999999999996, 532, 0.07616611694989428
826, 53, -5.1999999999999975, 543, 0.07640009370563439
827, 59, -5.799999999999995, 533, 0.05810544179893129
828, 58, -5.699999999999996, 540, 0.07733781125826011
829, 57, -5.599999999999996, 532, 0.11048066865270378
830, 52, -5.099999999999998, 551, 0.058877025751494005
831, 58, -5.699999999999996, 531, 0.09080394442869988
832, 47, -4.6, 534, 0.072648542525656
833, 49, -4.799999999999999, 536, 0.08095844335795577
834, 53, -5.1999999999999975, 542, 0.06940282471370374
835, 47, -4.6, 537, 0.10250846055682139
836, 106, -10.499999999999979, 537, 0.05532253685369781
837, 98, -9.699999999999982, 536, 0.1124164940987262
838, 54, -5.299999999999997, 544, 0.07420459087692599
839, 52, -5.099999999999998, 551, 0.08585471048470472
840, 55, -5.399999999999997, 541, 0.08554048838440198
841, 50, -4.899999999999999, 542, 0.09300582257827372
842, 58, -5.699999999999996, 542, 0.09403350816915967
843, 56, -5.4999999999999964, 542, 0.07199231345968382
844, 51, -4.999999999999998, 539, 0.08918387191917787
845, 77, -7.599999999999989, 546, 0.07409543303023958
846, 54, -5.299999999999997, 544, 0.0695679748930394
847, 56, -5.4999999999999964, 545, 0.06438981072714323
848, 59, -5.799999999999995, 543, 0.09426276724987948
849, 57, -5.599999999999996, 540, 0.10525227799133785
850, 56, -5.4999999999999964, 543, 0.05849220330599264
851, 46, -4.5, 537, 0.06474490632514796
852, 63, -6.199999999999994, 551, 0.06551266307642245
853, 62, -6.099999999999994, 549, 0.06283880693195876
854, 86, -8.499999999999986, 549, 0.05877443846140401
855, 56, -5.4999999999999964, 554, 0.09537271744579812
856, 47, -4.6, 554, 0.058327985083229894
857, 54, -5.299999999999997, 544, 0.08209967789693051
858, 63, -6.199999999999994, 561, 0.06296355545057208
859, 55, -5.399999999999997, 552, 0.07369460393476523
860, 64, -6.299999999999994, 554, 0.08431926234306486
861, 59, -5.799999999999995, 561, 0.06997434386219181
862, 57, -5.599999999999996, 557, 0.07560046244245822
863, 85, -8.399999999999986, 563, 0.08646280970810472
864, 49, -4.799999999999999, 559, 0.0713171988641661
865, 47, -4.6, 552, 0.09333071628296374
866, 64, -6.299999999999994, 554, 0.06170826837841581
867, 56, -5.4999999999999964, 554, 0.06945941884921547
868, 46, -4.5, 556, 0.05138253243845803
869, 62, -6.099999999999994, 557, 0.05100960632528917
870, 49, -4.799999999999999, 568, 0.07906071534921688
871, 76, -7.499999999999989, 558, 0.05055352921448675
872, 54, -5.299999999999997, 563, 0.05738726062862742
873, 58, -5.699999999999996, 553, 0.05776525351351092
874, 51, -4.999999999999998, 560, 0.0504513745572579
875, 59, -5.799999999999995, 553, 0.10254767560883254
876, 67, -6.5999999999999925, 560, 0.04612018102372284
877, 70, -6.8999999999999915, 561, 0.06433340810184929
878, 55, -5.399999999999997, 562, 0.05383691500416132
879, 88, -8.699999999999985, 562, 0.03944480482115997
880, 73, -7.19999999999999, 554, 0.054628284535044536
881, 55, -5.399999999999997, 557, 0.06007454094724907
882, 49, -4.799999999999999, 549, 0.07946126511041873
883, 78, -7.699999999999989, 555, 0.06655219671040902
884, 225, -22.40000000000005, 561, 0.08704482178835293
885, 54, -5.299999999999997, 552, 0.06003186821223272
886, 44, -4.300000000000001, 554, 0.07501694737961317
887, 42, -4.100000000000001, 557, 0.07954951448007685
888, 65, -6.399999999999993, 559, 0.09721737564568345
889, 50, -4.899999999999999, 550, 0.06153625804721652
890, 65, -6.399999999999993, 561, 0.12360155422205465
891, 74, -7.29999999999999, 558, 0.041193144580719654
892, 55, -5.399999999999997, 566, 0.09089014907676596
893, 225, -22.40000000000005, 558, 0.07558382521518459
894, 54, -5.299999999999997, 564, 0.07422536368465993
895, 52, -5.099999999999998, 558, 0.0797084099736799
896, 60, -5.899999999999995, 561, 0.0718011580529867
897, 46, -4.5, 561, 0.07880771408064291
898, 60, -5.899999999999995, 555, 0.050678750484595136
899, 52, -5.099999999999998, 565, 0.09312757225874424
900, 88, -8.699999999999985, 562, 0.08844123195028475
901, 55, -5.399999999999997, 567, 0.07365287937608311
902, 61, -5.999999999999995, 563, 0.02770477611890665
903, 53, -5.1999999999999975, 564, 0.05344024608228204
904, 56, -5.4999999999999964, 565, 0.07377999161367965
905, 52, -5.099999999999998, 566, 0.08603092593537787
906, 111, -10.999999999999977, 568, 0.07419698038404876
907, 58, -5.699999999999996, 564, 0.08985736527810395
908, 56, -5.4999999999999964, 560, 0.06461866529564886
909, 52, -5.099999999999998, 560, 0.05404479502155857
910, 64, -6.299999999999994, 563, 0.09881699881840067
911, 52, -5.099999999999998, 570, 0.07057913147907713
912, 55, -5.399999999999997, 556, 0.07496319643633576
913, 77, -7.599999999999989, 563, 0.05776178818719502
914, 126, -12.499999999999972, 567, 0.11032316569549394
915, 54, -5.299999999999997, 563, 0.09119181944431531
916, 83, -8.199999999999987, 564, 0.110060827639484
917, 58, -5.699999999999996, 568, 0.07431276881387872
918, 48, -4.699999999999999, 567, 0.07124389885551241
919, 46, -4.5, 565, 0.03766330669444862
920, 68, -6.699999999999992, 573, 0.06348500308483684
921, 61, -5.999999999999995, 571, 0.09030883810812984
922, 57, -5.599999999999996, 576, 0.11719653870532776
923, 63, -6.199999999999994, 580, 0.06103763141376556
924, 55, -5.399999999999997, 573, 0.12054487497810906
925, 55, -5.399999999999997, 569, 0.07303790533124077
926, 62, -6.099999999999994, 580, 0.07397983204106306
927, 60, -5.899999999999995, 577, 0.08705736156733113
928, 55, -5.399999999999997, 561, 0.06484799035255562
929, 56, -5.4999999999999964, 579, 0.07587542481382226
930, 63, -6.199999999999994, 566, 0.07383030978988359
931, 71, -6.999999999999991, 569, 0.09485805325153251
932, 56, -5.4999999999999964, 571, 0.07285660958044582
933, 48, -4.699999999999999, 573, 0.05734288752579797
934, 70, -6.8999999999999915, 571, 0.055670873683364874
935, 55, -5.399999999999997, 579, 0.08447026419193149
936, 59, -5.799999999999995, 579, 0.05380024922002802
937, 51, -4.999999999999998, 574, 0.07729562338444929
938, 61, -5.999999999999995, 580, 0.07173942235579966
939, 61, -5.999999999999995, 593, 0.07305409545898689
940, 53, -5.1999999999999975, 575, 0.06716020399620193
941, 48, -4.699999999999999, 580, 0.10828735933247913
942, 66, -6.499999999999993, 583, 0.0897383844177706
943, 55, -5.399999999999997, 579, 0.09266620108788964
944, 61, -5.999999999999995, 569, 0.06686276533689339
945, 62, -6.099999999999994, 579, 0.0727791784672841
946, 51, -4.999999999999998, 576, 0.07215301730435364
947, 55, -5.399999999999997, 573, 0.06696696932252366
948, 51, -4.999999999999998, 581, 0.07981146454215737
949, 59, -5.799999999999995, 575, 0.059716790619298354
950, 51, -4.999999999999998, 574, 0.06084919860005611
951, 54, -5.299999999999997, 577, 0.07459387009329022
952, 52, -5.099999999999998, 587, 0.07678063358128506
953, 51, -4.999999999999998, 577, 0.06482774154109705
954, 61, -5.999999999999995, 577, 0.06119626896381147
955, 58, -5.699999999999996, 589, 0.06421210930933041
956, 52, -5.099999999999998, 580, 0.0778384966139436
957, 44, -4.300000000000001, 577, 0.05184777189845846
958, 48, -4.699999999999999, 579, 0.04459145709945367
959, 64, -6.299999999999994, 575, 0.06795480521298813
960, 59, -5.799999999999995, 579, 0.08747610968956966
961, 57, -5.599999999999996, 585, 0.05845966012792747
962, 62, -6.099999999999994, 589, 0.06695722381951064
963, 55, -5.399999999999997, 582, 0.04997946059248504
964, 65, -6.399999999999993, 579, 0.10474910872330367
965, 50, -4.899999999999999, 595, 0.062193336692419
966, 58, -5.699999999999996, 581, 0.08286574931415425
967, 60, -5.899999999999995, 584, 0.06765363699584165
968, 56, -5.4999999999999964, 585, 0.0485078839989006
969, 45, -4.4, 581, 0.0690212967238133
970, 56, -5.4999999999999964, 591, 0.06443498747624954
971, 53, -5.1999999999999975, 584, 0.06722488008821326
972, 57, -5.599999999999996, 585, 0.07026855364463636
973, 50, -4.899999999999999, 582, 0.06819524899938045
974, 157, -15.59999999999996, 586, 0.05285687090945812
975, 59, -5.799999999999995, 592, 0.08010766828591454
976, 63, -6.199999999999994, 583, 0.06477004669874242
977, 56, -5.4999999999999964, 589, 0.08330410150546896
978, 64, -6.299999999999994, 585, 0.08804644566192693
979, 71, -6.999999999999991, 582, 0.04857199060944639
980, 58, -5.699999999999996, 597, 0.06347533479676398
981, 77, -7.599999999999989, 590, 0.05755984192903618
982, 53, -5.1999999999999975, 587, 0.0514539798060083
983, 48, -4.699999999999999, 588, 0.04880450955251536
984, 46, -4.5, 591, 0.0560983928989906
985, 64, -6.299999999999994, 594, 0.10075886464069131
986, 48, -4.699999999999999, 589, 0.07737004089564259
987, 61, -5.999999999999995, 595, 0.05157231395433226
988, 59, -5.799999999999995, 591, 0.061202152325871007
989, 47, -4.6, 589, 0.06270376197952743
990, 61, -5.999999999999995, 590, 0.06561575439785416
991, 68, -6.699999999999992, 592, 0.08730827501788252
992, 54, -5.299999999999997, 600, 0.058982043432895814
993, 67, -6.5999999999999925, 595, 0.0706177901217111
994, 59, -5.799999999999995, 607, 0.09520231334748386
995, 61, -5.999999999999995, 604, 0.08480227785376715
996, 66, -6.499999999999993, 589, 0.05704952388293405
997, 57, -5.599999999999996, 593, 0.07008621165009754
998, 51, -4.999999999999998, 594, 0.05757132926810815
999, 57, -5.599999999999996, 601, 0.07403473377340652
1000, 69, -6.799999999999992, 591, 0.08626767290761572
