Episode, Steps, Reward, Time (in milliseconds), Convergence
1, 225, -22.40000000000005, 41, 0.6
2, 225, -22.40000000000005, 35, 0.5969132700000002
3, 225, -22.40000000000005, 65, 0.06431762997342906
4, 225, -22.40000000000005, 58, 0.06405921902207246
5, 225, -22.40000000000005, 78, 0.07618788738017385
6, 225, -22.40000000000005, 82, 0.0617650243129184
7, 225, -22.40000000000005, 73, 0.06978313810937364
8, 225, -22.40000000000005, 103, 0.06319324504924295
9, 225, -22.40000000000005, 80, 0.10962708050865
10, 225, -22.40000000000005, 92, 0.054830034304417796
11, 225, -22.40000000000005, 99, 0.05634350445276359
12, 225, -22.40000000000005, 103, 0.07678473612336256
13, 225, -22.40000000000005, 116, 0.06715854608626634
14, 225, -22.40000000000005, 110, 0.05185655659879018
15, 225, -22.40000000000005, 125, 0.07327811397317541
16, 225, -22.40000000000005, 137, 0.05898227846711723
17, 225, -22.40000000000005, 126, 0.0530761750005887
18, 225, -22.40000000000005, 136, 0.06483581166000063
19, 225, -22.40000000000005, 139, 0.05318695514605065
20, 225, -22.40000000000005, 141, 0.050097949014392684
21, 225, -22.40000000000005, 149, 0.048921167831389
22, 225, -22.40000000000005, 137, 0.07983177602802555
23, 225, -22.40000000000005, 149, 0.05891243587482084
24, 225, -22.40000000000005, 152, 0.06228392646842562
25, 225, -22.40000000000005, 161, 0.061044636319714574
26, 225, -22.40000000000005, 155, 0.5920115730031612
27, 225, -22.40000000000005, 165, 0.05044651420060253
28, 225, -22.40000000000005, 174, 0.05462562179427721
29, 225, -22.40000000000005, 157, 0.05940878392819182
30, 225, -22.40000000000005, 179, 0.06328987576793066
31, 225, -22.40000000000005, 176, 0.050915349279236466
32, 225, -22.40000000000005, 181, 0.47767007505623993
33, 225, -22.40000000000005, 171, 0.06144522030452215
34, 225, -22.40000000000005, 190, 0.059725804741946
35, 225, -22.40000000000005, 186, 0.05464070415996064
36, 225, -22.40000000000005, 203, 0.07141781793496782
37, 225, -22.40000000000005, 187, 0.566267743725194
38, 225, -22.40000000000005, 198, 0.06853347834916423
39, 225, -22.40000000000005, 189, 0.05001019514637561
40, 225, -22.40000000000005, 190, 0.04699984067635454
41, 225, -22.40000000000005, 209, 0.05431926878013704
42, 225, -22.40000000000005, 196, 0.05361524545027829
43, 225, -22.40000000000005, 194, 0.06908072023228384
44, 225, -22.40000000000005, 200, 0.04820614269232304
45, 225, -22.40000000000005, 203, 0.05735138447562371
46, 225, -22.40000000000005, 221, 0.06328625843170721
47, 225, -22.40000000000005, 213, 0.06366729797553328
48, 225, -22.40000000000005, 206, 0.4887384937137187
49, 225, -22.40000000000005, 215, 0.05438619635090336
50, 225, -22.40000000000005, 212, 0.05637135804168936
51, 225, -22.40000000000005, 224, 0.06589811817168267
52, 225, -22.40000000000005, 231, 0.05627218067777662
53, 225, -22.40000000000005, 222, 0.05603753408405909
54, 225, -22.40000000000005, 234, 0.05954249235678266
55, 225, -22.40000000000005, 227, 0.05585270774474482
56, 225, -22.40000000000005, 217, 0.06452191952073005
57, 225, -22.40000000000005, 221, 0.061195784866183545
58, 225, -22.40000000000005, 234, 0.07094318986736248
59, 225, -22.40000000000005, 233, 0.058959978895319454
60, 225, -22.40000000000005, 237, 0.050780858546005
61, 225, -22.40000000000005, 226, 0.06156487160804158
62, 225, -22.40000000000005, 234, 0.08354952037858648
63, 225, -22.40000000000005, 241, 0.08072808410411436
64, 225, -22.40000000000005, 245, 0.04210022859726603
65, 225, -22.40000000000005, 233, 0.06619769632206898
66, 225, -22.40000000000005, 239, 0.0805706613390359
67, 225, -22.40000000000005, 244, 0.07391874221110445
68, 225, -22.40000000000005, 248, 0.05152459860629577
69, 225, -22.40000000000005, 240, 0.05881664858391833
70, 225, -22.40000000000005, 247, 0.04870234500761583
71, 225, -22.40000000000005, 250, 0.05790998952480164
72, 225, -22.40000000000005, 244, 0.055779246230895474
73, 225, -22.40000000000005, 240, 0.06267779716716926
74, 225, -22.40000000000005, 248, 0.5916638481117626
75, 225, -22.40000000000005, 254, 0.06357226733936372
76, 225, -22.40000000000005, 252, 0.08980273315371254
77, 225, -22.40000000000005, 252, 0.08211898446007948
78, 225, -22.40000000000005, 257, 0.08980902989743406
79, 225, -22.40000000000005, 256, 0.050041515556764615
80, 225, -22.40000000000005, 271, 0.04842293036960954
81, 225, -22.40000000000005, 264, 0.06412316907618698
82, 225, -22.40000000000005, 259, 0.05164334148374872
83, 225, -22.40000000000005, 257, 0.06842635459859192
84, 225, -22.40000000000005, 283, 0.07835823276517295
85, 225, -22.40000000000005, 256, 0.05124998241204182
86, 225, -22.40000000000005, 267, 0.05629130371195323
87, 225, -22.40000000000005, 276, 0.049692131032765374
88, 225, -22.40000000000005, 272, 0.0633230519247352
89, 225, -22.40000000000005, 259, 0.08023024006442259
90, 225, -22.40000000000005, 269, 0.04652526652803424
91, 225, -22.40000000000005, 276, 0.07062069100057933
92, 68, -6.699999999999992, 273, 0.101918535164926
93, 225, -22.40000000000005, 272, 0.057737084819419415
94, 225, -22.40000000000005, 267, 0.06969971701289923
95, 73, -7.19999999999999, 294, 0.06811316097010178
96, 210, -20.900000000000027, 361, 0.07816901647571362
97, 84, -8.299999999999986, 295, 0.10047296096410907
98, 225, -22.40000000000005, 292, 0.05444571248108976
99, 225, -22.40000000000005, 287, 0.06727585000424141
100, 225, -22.40000000000005, 292, 0.07794441340030034
101, 225, -22.40000000000005, 304, 0.08511911579383091
102, 225, -22.40000000000005, 290, 0.06516570435721758
103, 225, -22.40000000000005, 296, 0.04820190995385887
104, 105, -10.399999999999979, 300, 0.07493552319778712
105, 225, -22.40000000000005, 298, 0.060432250746519145
106, 225, -22.40000000000005, 293, 0.05786841459687131
107, 225, -22.40000000000005, 297, 0.06912982002840551
108, 191, -19.0, 295, 0.046848467114903425
109, 225, -22.40000000000005, 305, 0.08640967996425283
110, 225, -22.40000000000005, 306, 0.06368807420195433
111, 225, -22.40000000000005, 299, 0.08898927698522668
112, 225, -22.40000000000005, 297, 0.06344733532900615
113, 225, -22.40000000000005, 299, 0.0598224997813267
114, 225, -22.40000000000005, 303, 0.058175996699013965
115, 148, -14.699999999999964, 316, 0.05935339355515923
116, 225, -22.40000000000005, 302, 0.07195446453380505
117, 216, -21.500000000000036, 305, 0.07251585751102319
118, 125, -12.399999999999972, 300, 0.057917998669848814
119, 62, -6.099999999999994, 307, 0.09413650212125346
120, 225, -22.40000000000005, 314, 0.06067999736698226
121, 225, -22.40000000000005, 309, 0.07401741544991675
122, 104, -10.29999999999998, 312, 0.07439217527292552
123, 56, -5.4999999999999964, 310, 0.11044846324639257
124, 93, -9.199999999999983, 303, 0.06538316721444515
125, 62, -6.099999999999994, 315, 0.05615076964454735
126, 89, -8.799999999999985, 307, 0.04421515988332447
127, 59, -5.799999999999995, 319, 0.05628743906874556
128, 225, -22.40000000000005, 327, 0.054704781377856504
129, 130, -12.89999999999997, 307, 0.0651490470266638
130, 63, -6.199999999999994, 306, 0.08806179664555469
131, 125, -12.399999999999972, 320, 0.04530870861027303
132, 218, -21.70000000000004, 316, 0.07934885636895439
133, 127, -12.599999999999971, 347, 0.06968165422243133
134, 225, -22.40000000000005, 313, 0.08070837490643687
135, 116, -11.499999999999975, 297, 0.05575733548954387
136, 55, -5.399999999999997, 304, 0.04096912778408113
137, 225, -22.40000000000005, 307, 0.060806556555589475
138, 78, -7.699999999999989, 305, 0.08812868471271973
139, 131, -12.99999999999997, 312, 0.05526875664143982
140, 45, -4.4, 322, 0.07090553494278407
141, 84, -8.299999999999986, 313, 0.06860229255754488
142, 56, -5.4999999999999964, 301, 0.04929579408260398
143, 55, -5.399999999999997, 306, 0.06219848032757591
144, 225, -22.40000000000005, 313, 0.10097728147428064
145, 203, -20.200000000000017, 312, 0.05772759538483907
146, 207, -20.600000000000023, 304, 0.05786960728833046
147, 54, -5.299999999999997, 306, 0.06850187620577142
148, 57, -5.599999999999996, 302, 0.06407986269126464
149, 225, -22.40000000000005, 325, 0.11051432389278082
150, 93, -9.199999999999983, 329, 0.08326807309765671
151, 110, -10.899999999999977, 324, 0.03730307685806311
152, 63, -6.199999999999994, 316, 0.05686224051844935
153, 79, -7.799999999999988, 305, 0.06630173269893058
154, 55, -5.399999999999997, 309, 0.05449653626287709
155, 62, -6.099999999999994, 323, 0.5914263794890013
156, 225, -22.40000000000005, 323, 0.06558994607731616
157, 219, -21.80000000000004, 317, 0.06210528842290575
158, 68, -6.699999999999992, 311, 0.06183028897442955
159, 66, -6.499999999999993, 312, 0.06991028500474915
160, 47, -4.6, 320, 0.0862585423788449
161, 103, -10.19999999999998, 320, 0.07234180675354146
162, 225, -22.40000000000005, 327, 0.06576863571307467
163, 195, -19.400000000000006, 323, 0.06782285998173299
164, 99, -9.799999999999981, 319, 0.08620055037015195
165, 54, -5.299999999999997, 321, 0.06058961904633675
166, 225, -22.40000000000005, 333, 0.07425871189876088
167, 62, -6.099999999999994, 323, 0.08411748471566982
168, 57, -5.599999999999996, 315, 0.09516925872690074
169, 72, -7.099999999999991, 331, 0.048755288619052095
170, 78, -7.699999999999989, 312, 0.06715296626913148
171, 64, -6.299999999999994, 322, 0.07191531750074542
172, 132, -13.09999999999997, 326, 0.0660896406094511
173, 71, -6.999999999999991, 317, 0.07268186239286667
174, 58, -5.699999999999996, 320, 0.07675902671320856
175, 225, -22.40000000000005, 328, 0.0697618589219311
176, 52, -5.099999999999998, 324, 0.08394145683363369
177, 55, -5.399999999999997, 325, 0.058837513823232435
178, 225, -22.40000000000005, 320, 0.07322909208426753
179, 77, -7.599999999999989, 320, 0.06893808106926524
180, 75, -7.39999999999999, 325, 0.07693792133423294
181, 105, -10.399999999999979, 335, 0.06509434206284626
182, 60, -5.899999999999995, 328, 0.08854307138126005
183, 56, -5.4999999999999964, 319, 0.5003506757031029
184, 49, -4.799999999999999, 334, 0.05856361525568654
185, 45, -4.4, 329, 0.062522582042571
186, 60, -5.899999999999995, 332, 0.07450341753089007
187, 53, -5.1999999999999975, 321, 0.09338021203634439
188, 187, -18.599999999999994, 323, 0.07222503003491765
189, 225, -22.40000000000005, 334, 0.08106080786368086
190, 54, -5.299999999999997, 329, 0.06519323439957381
191, 58, -5.699999999999996, 348, 0.06540234459902872
192, 95, -9.399999999999983, 332, 0.07758755469706868
193, 225, -22.40000000000005, 336, 0.07279971031614463
194, 47, -4.6, 325, 0.05791122469242982
195, 53, -5.1999999999999975, 331, 0.06843126531097432
196, 73, -7.19999999999999, 326, 0.09975821829662834
197, 71, -6.999999999999991, 335, 0.07693044639426416
198, 71, -6.999999999999991, 334, 0.08101941597017293
199, 59, -5.799999999999995, 322, 0.08856684917964897
200, 64, -6.299999999999994, 335, 0.06966092097030885
201, 50, -4.899999999999999, 343, 0.06379577752325227
202, 54, -5.299999999999997, 327, 0.03522799717230285
203, 46, -4.5, 335, 0.07224526300317824
204, 66, -6.499999999999993, 339, 0.0919992895167363
205, 56, -5.4999999999999964, 331, 0.07077502949901571
206, 94, -9.299999999999983, 334, 0.07042694283204387
207, 57, -5.599999999999996, 345, 0.09581553744984772
208, 72, -7.099999999999991, 332, 0.0678704404634119
209, 60, -5.899999999999995, 341, 0.0924036930819665
210, 52, -5.099999999999998, 340, 0.06277064184524339
211, 58, -5.699999999999996, 328, 0.08080075851620572
212, 100, -9.89999999999998, 326, 0.06387977352820673
213, 55, -5.399999999999997, 334, 0.08613321343933633
214, 63, -6.199999999999994, 332, 0.06487400340186
215, 58, -5.699999999999996, 344, 0.04562213182148911
216, 51, -4.999999999999998, 343, 0.0573176202761605
217, 68, -6.699999999999992, 341, 0.057875257186438545
218, 49, -4.799999999999999, 343, 0.08452715825006107
219, 76, -7.499999999999989, 342, 0.07584604692161268
220, 54, -5.299999999999997, 335, 0.09791444366358418
221, 63, -6.199999999999994, 334, 0.09033333438242819
222, 67, -6.5999999999999925, 344, 0.09998334548814655
223, 55, -5.399999999999997, 341, 0.05227926359630253
224, 75, -7.39999999999999, 341, 0.06236218276861971
225, 152, -15.099999999999962, 345, 0.052117318163462656
226, 61, -5.999999999999995, 347, 0.11551963680336175
227, 68, -6.699999999999992, 335, 0.058476584416189414
228, 113, -11.199999999999976, 342, 0.05833964584849127
229, 55, -5.399999999999997, 344, 0.08012522622523299
230, 75, -7.39999999999999, 346, 0.05891190965121407
231, 62, -6.099999999999994, 348, 0.06104940387496827
232, 53, -5.1999999999999975, 341, 0.059106475216745835
233, 52, -5.099999999999998, 351, 0.05439692610530633
234, 56, -5.4999999999999964, 349, 0.0596063206809303
235, 70, -6.8999999999999915, 345, 0.07983017718665264
236, 66, -6.499999999999993, 358, 0.12493496300541418
237, 54, -5.299999999999997, 344, 0.0684836262685855
238, 59, -5.799999999999995, 347, 0.06198704910801389
239, 50, -4.899999999999999, 347, 0.09874939954800621
240, 45, -4.4, 344, 0.06041309083349766
241, 54, -5.299999999999997, 353, 0.05700381083278239
242, 70, -6.8999999999999915, 344, 0.07149129955753475
243, 61, -5.999999999999995, 347, 0.0640018003052054
244, 83, -8.199999999999987, 354, 0.079910547534634
245, 56, -5.4999999999999964, 346, 0.06762514751614046
246, 62, -6.099999999999994, 341, 0.05835946217980359
247, 45, -4.4, 354, 0.06283282261021927
248, 225, -22.40000000000005, 349, 0.06177917686917578
249, 56, -5.4999999999999964, 346, 0.04717928099144597
250, 57, -5.599999999999996, 347, 0.0689121325332045
251, 106, -10.499999999999979, 348, 0.09109435530557741
252, 53, -5.1999999999999975, 352, 0.06403220594612136
253, 48, -4.699999999999999, 349, 0.11170646735180068
254, 70, -6.8999999999999915, 352, 0.08416886186811423
255, 53, -5.1999999999999975, 357, 0.07930981349983446
256, 62, -6.099999999999994, 348, 0.09404996780186503
257, 71, -6.999999999999991, 340, 0.052262554170490194
258, 194, -19.300000000000004, 356, 0.08170124901555059
259, 55, -5.399999999999997, 352, 0.03949677291269227
260, 47, -4.6, 345, 0.08831797328426672
261, 51, -4.999999999999998, 360, 0.06776693062412464
262, 52, -5.099999999999998, 360, 0.078556684892363
263, 67, -6.5999999999999925, 350, 0.061743005197398615
264, 54, -5.299999999999997, 350, 0.04751905103407461
265, 57, -5.599999999999996, 352, 0.07158602784725926
266, 60, -5.899999999999995, 358, 0.09879278261096225
267, 56, -5.4999999999999964, 350, 0.10695672330461525
268, 50, -4.899999999999999, 356, 0.05402551117659948
269, 56, -5.4999999999999964, 355, 0.06380612853283374
270, 52, -5.099999999999998, 352, 0.06339446660503256
271, 57, -5.599999999999996, 352, 0.07397411916078633
272, 83, -8.199999999999987, 353, 0.06253797145353523
273, 66, -6.499999999999993, 350, 0.06176699529773266
274, 48, -4.699999999999999, 353, 0.04511765393068945
275, 64, -6.299999999999994, 357, 0.09521741548995433
276, 46, -4.5, 356, 0.11186298692592822
277, 59, -5.799999999999995, 352, 0.09039758144779153
278, 55, -5.399999999999997, 352, 0.08495357648408242
279, 50, -4.899999999999999, 365, 0.09214037016939791
280, 57, -5.599999999999996, 365, 0.0922601837497157
281, 65, -6.399999999999993, 355, 0.10004424960995362
282, 82, -8.099999999999987, 357, 0.039005713629357786
283, 114, -11.299999999999976, 360, 0.09387480211009913
284, 68, -6.699999999999992, 360, 0.07709076414530269
285, 58, -5.699999999999996, 359, 0.058643706635411075
286, 57, -5.599999999999996, 364, 0.0632064077427632
287, 47, -4.6, 368, 0.08349616598347431
288, 60, -5.899999999999995, 356, 0.06647963365020726
289, 49, -4.799999999999999, 369, 0.0933426573592937
290, 59, -5.799999999999995, 367, 0.06703910870087793
291, 50, -4.899999999999999, 355, 0.06289948283059088
292, 61, -5.999999999999995, 369, 0.08343257132039206
293, 54, -5.299999999999997, 366, 0.07786432548161004
294, 56, -5.4999999999999964, 361, 0.1007754327547219
295, 53, -5.1999999999999975, 358, 0.05056139663315773
296, 54, -5.299999999999997, 368, 0.044102429675126675
297, 198, -19.70000000000001, 375, 0.05278293630881503
298, 66, -6.499999999999993, 368, 0.050251701768096346
299, 49, -4.799999999999999, 361, 0.06578607890278731
300, 52, -5.099999999999998, 374, 0.08067637941478845
301, 73, -7.19999999999999, 372, 0.08113771824652471
302, 63, -6.199999999999994, 365, 0.10127664883589915
303, 54, -5.299999999999997, 366, 0.06166915058897682
304, 47, -4.6, 369, 0.07318275509904504
305, 49, -4.799999999999999, 371, 0.06242879930357215
306, 47, -4.6, 364, 0.08065494769593723
307, 60, -5.899999999999995, 375, 0.035093127504876476
308, 70, -6.8999999999999915, 375, 0.08336833290788714
309, 53, -5.1999999999999975, 372, 0.05800150320177333
310, 55, -5.399999999999997, 362, 0.0858661493129147
311, 50, -4.899999999999999, 368, 0.06466593034618129
312, 58, -5.699999999999996, 367, 0.07102499759559877
313, 46, -4.5, 364, 0.0623075429360751
314, 67, -6.5999999999999925, 372, 0.06770812897348177
315, 225, -22.40000000000005, 364, 0.05832965583964422
316, 47, -4.6, 384, 0.07945909848135613
317, 61, -5.999999999999995, 372, 0.051955941721962606
318, 48, -4.699999999999999, 367, 0.0896951145048912
319, 74, -7.29999999999999, 379, 0.06965911225183152
320, 60, -5.899999999999995, 364, 0.08078156647587043
321, 69, -6.799999999999992, 378, 0.059309323399804104
322, 62, -6.099999999999994, 366, 0.08748318203990602
323, 53, -5.1999999999999975, 384, 0.07367065480208415
324, 58, -5.699999999999996, 380, 0.05758181400958762
325, 61, -5.999999999999995, 369, 0.08109458422578797
326, 62, -6.099999999999994, 370, 0.06428100856292951
327, 55, -5.399999999999997, 377, 0.08133577457299901
328, 54, -5.299999999999997, 374, 0.05157862296853111
329, 63, -6.199999999999994, 376, 0.10045701698729093
330, 50, -4.899999999999999, 376, 0.09651787269385315
331, 47, -4.6, 371, 0.06818664928422846
332, 71, -6.999999999999991, 378, 0.08156765102763175
333, 64, -6.299999999999994, 370, 0.07080452770434609
334, 225, -22.40000000000005, 372, 0.08660974001628574
335, 67, -6.5999999999999925, 382, 0.0596890085813353
336, 63, -6.199999999999994, 382, 0.07673754911867148
337, 55, -5.399999999999997, 381, 0.08033999849804552
338, 57, -5.599999999999996, 378, 0.07363112370246405
339, 54, -5.299999999999997, 379, 0.07795410905307154
340, 87, -8.599999999999985, 381, 0.08071026652912228
341, 56, -5.4999999999999964, 380, 0.10416390462494185
342, 62, -6.099999999999994, 378, 0.1053379343481069
343, 78, -7.699999999999989, 383, 0.08898590874217482
344, 60, -5.899999999999995, 388, 0.05993623393343306
345, 48, -4.699999999999999, 379, 0.06186746229695217
346, 53, -5.1999999999999975, 374, 0.06977990655220445
347, 47, -4.6, 379, 0.05587606850969884
348, 69, -6.799999999999992, 386, 0.06149067146517906
349, 74, -7.29999999999999, 382, 0.07205686772805198
350, 56, -5.4999999999999964, 384, 0.06388577292635089
351, 84, -8.299999999999986, 386, 0.07305547234360876
352, 56, -5.4999999999999964, 385, 0.07947038245888827
353, 55, -5.399999999999997, 386, 0.075309896099784
354, 57, -5.599999999999996, 380, 0.07171765574725268
355, 57, -5.599999999999996, 382, 0.07610881322760843
356, 61, -5.999999999999995, 392, 0.046286949298907976
357, 57, -5.599999999999996, 380, 0.07288353587266094
358, 55, -5.399999999999997, 392, 0.05929075801623013
359, 57, -5.599999999999996, 384, 0.0723060549266501
360, 62, -6.099999999999994, 381, 0.049134235383395675
361, 60, -5.899999999999995, 397, 0.10187972476356144
362, 55, -5.399999999999997, 385, 0.06155602154665063
363, 58, -5.699999999999996, 388, 0.06944863016926789
364, 73, -7.19999999999999, 385, 0.0645232694689939
365, 57, -5.599999999999996, 390, 0.052904757412917114
366, 52, -5.099999999999998, 387, 0.07512951595565387
367, 61, -5.999999999999995, 391, 0.05569048644513841
368, 49, -4.799999999999999, 393, 0.07310327040905978
369, 62, -6.099999999999994, 383, 0.06356051360643766
370, 58, -5.699999999999996, 389, 0.07234946284414717
371, 68, -6.699999999999992, 399, 0.07119820920238285
372, 60, -5.899999999999995, 388, 0.07322205956415417
373, 65, -6.399999999999993, 383, 0.09569741936860154
374, 70, -6.8999999999999915, 389, 0.06178528046935605
375, 59, -5.799999999999995, 391, 0.07896234699563509
376, 51, -4.999999999999998, 391, 0.06906636939247268
377, 51, -4.999999999999998, 382, 0.06548233708826776
378, 74, -7.29999999999999, 396, 0.0625573402681665
379, 54, -5.299999999999997, 389, 0.03995111180117128
380, 53, -5.1999999999999975, 391, 0.05041955847519519
381, 54, -5.299999999999997, 389, 0.08518104018576178
382, 55, -5.399999999999997, 390, 0.07907020936676834
383, 98, -9.699999999999982, 386, 0.08597407788151945
384, 47, -4.6, 397, 0.08316082095850874
385, 44, -4.300000000000001, 404, 0.06254037893070502
386, 89, -8.799999999999985, 394, 0.07382587609966074
387, 70, -6.8999999999999915, 394, 0.0607014669686432
388, 64, -6.299999999999994, 400, 0.06428568955624869
389, 64, -6.299999999999994, 391, 0.06422466950585548
390, 91, -8.999999999999984, 396, 0.09400623954948006
391, 56, -5.4999999999999964, 393, 0.09054192816828377
392, 52, -5.099999999999998, 403, 0.08285219452282044
393, 46, -4.5, 395, 0.10060680974821118
394, 107, -10.599999999999978, 402, 0.08916843189987089
395, 51, -4.999999999999998, 395, 0.031113270069553778
396, 57, -5.599999999999996, 390, 0.08068054949387798
397, 66, -6.499999999999993, 401, 0.06744092729503981
398, 225, -22.40000000000005, 398, 0.07754910785313385
399, 62, -6.099999999999994, 392, 0.06320491735364453
400, 49, -4.799999999999999, 401, 0.06973645953756102
401, 48, -4.699999999999999, 393, 0.05794061023143415
402, 71, -6.999999999999991, 398, 0.0796587204723802
403, 64, -6.299999999999994, 403, 0.07795499479060197
404, 60, -5.899999999999995, 403, 0.05739806578026185
405, 77, -7.599999999999989, 395, 0.07464935488946223
406, 60, -5.899999999999995, 397, 0.08310724721615781
407, 47, -4.6, 411, 0.0837317523950121
408, 63, -6.199999999999994, 402, 0.08156032183882567
409, 59, -5.799999999999995, 402, 0.0676265396598531
410, 66, -6.499999999999993, 400, 0.0712230898836076
411, 52, -5.099999999999998, 398, 0.058566704118527824
412, 51, -4.999999999999998, 405, 0.10345168561039686
413, 51, -4.999999999999998, 400, 0.08294358114716394
414, 57, -5.599999999999996, 397, 0.05313161343139372
415, 50, -4.899999999999999, 401, 0.0656367859502911
416, 225, -22.40000000000005, 400, 0.08697028843112176
417, 56, -5.4999999999999964, 413, 0.08889315164516942
418, 70, -6.8999999999999915, 406, 0.06936425109373667
419, 71, -6.999999999999991, 403, 0.0776115528321295
420, 50, -4.899999999999999, 402, 0.06839358113875837
421, 70, -6.8999999999999915, 406, 0.09226968264719582
422, 58, -5.699999999999996, 403, 0.07995268525078925
423, 56, -5.4999999999999964, 404, 0.05087624894478959
424, 57, -5.599999999999996, 412, 0.06918061030890948
425, 45, -4.4, 404, 0.06000032355892149
426, 63, -6.199999999999994, 406, 0.0732678990108333
427, 66, -6.499999999999993, 405, 0.055204742331772305
428, 111, -10.999999999999977, 409, 0.09878903774591663
429, 63, -6.199999999999994, 410, 0.08279342017127367
430, 58, -5.699999999999996, 405, 0.06158181410301278
431, 65, -6.399999999999993, 409, 0.07751039334491233
432, 58, -5.699999999999996, 408, 0.06861839196746145
433, 50, -4.899999999999999, 409, 0.06993351324625696
434, 55, -5.399999999999997, 403, 0.06825545265624111
435, 59, -5.799999999999995, 411, 0.06489855061201899
436, 58, -5.699999999999996, 409, 0.06831092989815968
437, 56, -5.4999999999999964, 411, 0.09511539335255192
438, 60, -5.899999999999995, 403, 0.06254480202241863
439, 62, -6.099999999999994, 419, 0.05671438073209778
440, 56, -5.4999999999999964, 411, 0.06526830814599927
441, 54, -5.299999999999997, 411, 0.09791727118257199
442, 56, -5.4999999999999964, 418, 0.09467048861811977
443, 56, -5.4999999999999964, 416, 0.07394434225915991
444, 52, -5.099999999999998, 411, 0.07707827549564916
445, 60, -5.899999999999995, 411, 0.06875989533688998
446, 51, -4.999999999999998, 415, 0.06329237291104817
447, 54, -5.299999999999997, 420, 0.06882330129898317
448, 53, -5.1999999999999975, 410, 0.07238610726844152
449, 225, -22.40000000000005, 414, 0.07867198300379305
450, 49, -4.799999999999999, 410, 0.06855717603578593
451, 67, -6.5999999999999925, 415, 0.08615616173720253
452, 55, -5.399999999999997, 418, 0.06395463566388115
453, 54, -5.299999999999997, 416, 0.09146712246084943
454, 72, -7.099999999999991, 424, 0.09511007047418696
455, 58, -5.699999999999996, 405, 0.06770683221577017
456, 58, -5.699999999999996, 418, 0.12359436991596384
457, 165, -16.399999999999963, 416, 0.0898297651857689
458, 68, -6.699999999999992, 419, 0.041161064430221384
459, 67, -6.5999999999999925, 420, 0.06837407703243747
460, 56, -5.4999999999999964, 416, 0.07133769903303477
461, 56, -5.4999999999999964, 411, 0.07199148967864788
462, 52, -5.099999999999998, 409, 0.07035948259312885
463, 59, -5.799999999999995, 420, 0.08110134527430324
464, 52, -5.099999999999998, 419, 0.06605973132552423
465, 57, -5.599999999999996, 414, 0.08985432169214458
466, 67, -6.5999999999999925, 416, 0.07719298154793047
467, 60, -5.899999999999995, 413, 0.06228443689651675
468, 54, -5.299999999999997, 415, 0.12131439155466506
469, 53, -5.1999999999999975, 414, 0.08425910647472468
470, 75, -7.39999999999999, 413, 0.05579438399573844
471, 68, -6.699999999999992, 418, 0.06284631705430543
472, 141, -13.999999999999966, 418, 0.08387587039165997
473, 59, -5.799999999999995, 418, 0.10262484436920838
474, 56, -5.4999999999999964, 411, 0.06273399155714393
475, 60, -5.899999999999995, 433, 0.07245692217119948
476, 225, -22.40000000000005, 419, 0.057542925547180546
477, 49, -4.799999999999999, 425, 0.07133469541309094
478, 68, -6.699999999999992, 416, 0.05298532292654823
479, 56, -5.4999999999999964, 406, 0.09298106347359836
480, 52, -5.099999999999998, 421, 0.07276842331791955
481, 63, -6.199999999999994, 419, 0.06030112246719321
482, 59, -5.799999999999995, 420, 0.07006212053192884
483, 59, -5.799999999999995, 423, 0.07954783562875778
484, 55, -5.399999999999997, 428, 0.10467870306633742
485, 50, -4.899999999999999, 423, 0.07091847252619954
486, 55, -5.399999999999997, 423, 0.08131676656376774
487, 65, -6.399999999999993, 429, 0.07588159385355286
488, 62, -6.099999999999994, 422, 0.09422960615074127
489, 49, -4.799999999999999, 434, 0.06662921966046387
490, 55, -5.399999999999997, 425, 0.058003293786200505
491, 60, -5.899999999999995, 422, 0.03821240481363142
492, 57, -5.599999999999996, 429, 0.10502656084113271
493, 68, -6.699999999999992, 426, 0.08082309216886441
494, 78, -7.699999999999989, 438, 0.08240412009040543
495, 54, -5.299999999999997, 433, 0.03426163594970966
496, 62, -6.099999999999994, 432, 0.06238702759112558
497, 53, -5.1999999999999975, 426, 0.0787308211636377
498, 57, -5.599999999999996, 429, 0.0978730928854108
499, 54, -5.299999999999997, 440, 0.055285419129652125
500, 61, -5.999999999999995, 434, 0.06725246228401693
501, 59, -5.799999999999995, 430, 0.09259849124316366
502, 76, -7.499999999999989, 430, 0.06357971696185039
503, 127, -12.599999999999971, 430, 0.07994136263740576
504, 48, -4.699999999999999, 426, 0.0764102588419775
505, 62, -6.099999999999994, 434, 0.06178581773507452
506, 65, -6.399999999999993, 430, 0.09428143476267659
507, 50, -4.899999999999999, 423, 0.08251116831382088
508, 56, -5.4999999999999964, 446, 0.06506103469521207
509, 63, -6.199999999999994, 432, 0.057919164656092814
510, 89, -8.799999999999985, 439, 0.06907183607973622
511, 54, -5.299999999999997, 436, 0.0615126512160965
512, 48, -4.699999999999999, 441, 0.08097353699252907
513, 54, -5.299999999999997, 431, 0.09057756407831663
514, 46, -4.5, 425, 0.060415425565648384
515, 52, -5.099999999999998, 440, 0.05555776595027728
516, 46, -4.5, 439, 0.04577226405281998
517, 55, -5.399999999999997, 438, 0.051768350092116666
518, 56, -5.4999999999999964, 434, 0.056574506862593577
519, 61, -5.999999999999995, 447, 0.06533496894799296
520, 58, -5.699999999999996, 432, 0.09571482038655943
521, 55, -5.399999999999997, 442, 0.05537094193437858
522, 54, -5.299999999999997, 441, 0.08235500139926288
523, 59, -5.799999999999995, 432, 0.0790643883127391
524, 48, -4.699999999999999, 443, 0.08656509782626987
525, 55, -5.399999999999997, 440, 0.06188017079758579
526, 67, -6.5999999999999925, 438, 0.06577283189879307
527, 49, -4.799999999999999, 445, 0.059882237180223896
528, 48, -4.699999999999999, 446, 0.08356003450598104
529, 59, -5.799999999999995, 444, 0.06861234805643557
530, 71, -6.999999999999991, 441, 0.0642452946931753
531, 50, -4.899999999999999, 433, 0.09467507300986244
532, 64, -6.299999999999994, 440, 0.06525570883810294
533, 59, -5.799999999999995, 440, 0.07231321015523551
534, 53, -5.1999999999999975, 442, 0.07657127244050121
535, 76, -7.499999999999989, 440, 0.07210811376178805
536, 64, -6.299999999999994, 444, 0.05157556501990923
537, 51, -4.999999999999998, 443, 0.11356183988798996
538, 58, -5.699999999999996, 444, 0.11711443196026594
539, 63, -6.199999999999994, 445, 0.05874410664124796
540, 60, -5.899999999999995, 441, 0.06213445041291027
541, 66, -6.499999999999993, 448, 0.0912246438540052
542, 44, -4.300000000000001, 455, 0.06876557121776483
543, 50, -4.899999999999999, 451, 0.05907621129386964
544, 49, -4.799999999999999, 441, 0.05786571648790595
545, 62, -6.099999999999994, 443, 0.057154841280574686
546, 52, -5.099999999999998, 456, 0.06575519323957524
547, 59, -5.799999999999995, 453, 0.059294775700511115
548, 62, -6.099999999999994, 448, 0.0551823199267652
549, 68, -6.699999999999992, 453, 0.07083835793087845
550, 60, -5.899999999999995, 437, 0.05997470764226298
551, 44, -4.300000000000001, 448, 0.08946766477653334
552, 61, -5.999999999999995, 445, 0.06007705333041713
553, 55, -5.399999999999997, 453, 0.07201595924461301
554, 59, -5.799999999999995, 450, 0.09083688118039124
555, 56, -5.4999999999999964, 444, 0.08150554064941917
556, 52, -5.099999999999998, 453, 0.04706573941669934
557, 64, -6.299999999999994, 454, 0.0678878057701654
558, 92, -9.099999999999984, 447, 0.07240567794717112
559, 58, -5.699999999999996, 445, 0.058467498075092994
560, 52, -5.099999999999998, 451, 0.06621585530451501
561, 58, -5.699999999999996, 446, 0.05628100170322714
562, 59, -5.799999999999995, 458, 0.07906567073959414
563, 64, -6.299999999999994, 446, 0.06736824068750558
564, 55, -5.399999999999997, 453, 0.08292283221443575
565, 49, -4.799999999999999, 454, 0.06811074081082102
566, 52, -5.099999999999998, 453, 0.07257431412595605
567, 67, -6.5999999999999925, 456, 0.06118150328599592
568, 63, -6.199999999999994, 452, 0.0678144251126066
569, 62, -6.099999999999994, 452, 0.06808375176379308
570, 47, -4.6, 445, 0.07391653130535891
571, 75, -7.39999999999999, 453, 0.08691486104897977
572, 51, -4.999999999999998, 447, 0.0734191999338003
573, 65, -6.399999999999993, 455, 0.09059302329293839
574, 52, -5.099999999999998, 448, 0.0812225448588677
575, 66, -6.499999999999993, 454, 0.08866730610806672
576, 56, -5.4999999999999964, 458, 0.07802275938470116
577, 56, -5.4999999999999964, 453, 0.08537088577288587
578, 54, -5.299999999999997, 454, 0.06038085595660769
579, 52, -5.099999999999998, 454, 0.07512885522898055
580, 57, -5.599999999999996, 459, 0.05363576928893954
581, 64, -6.299999999999994, 449, 0.07494963420815037
582, 50, -4.899999999999999, 462, 0.054628653468078436
583, 49, -4.799999999999999, 456, 0.09157262994571091
584, 55, -5.399999999999997, 455, 0.10505365279256881
585, 63, -6.199999999999994, 457, 0.06068013360609026
586, 59, -5.799999999999995, 457, 0.04983985797722923
587, 92, -9.099999999999984, 459, 0.10733294122424564
588, 49, -4.799999999999999, 460, 0.06959593355531424
589, 97, -9.599999999999982, 456, 0.054782850560081364
590, 57, -5.599999999999996, 451, 0.06740663684685066
591, 53, -5.1999999999999975, 456, 0.08628876197884328
592, 56, -5.4999999999999964, 458, 0.047337419530276925
593, 57, -5.599999999999996, 469, 0.05484394423557992
594, 59, -5.799999999999995, 455, 0.0842397629229068
595, 70, -6.8999999999999915, 460, 0.1203282915978704
596, 59, -5.799999999999995, 460, 0.058316746720819435
597, 64, -6.299999999999994, 460, 0.05456686705286762
598, 136, -13.499999999999968, 463, 0.09921855498553667
599, 54, -5.299999999999997, 469, 0.07283864023724163
600, 58, -5.699999999999996, 458, 0.060456587045220944
601, 64, -6.299999999999994, 458, 0.054398918942189844
602, 48, -4.699999999999999, 461, 0.06534923778395862
603, 49, -4.799999999999999, 456, 0.0756396727265658
604, 54, -5.299999999999997, 460, 0.0950311881829331
605, 54, -5.299999999999997, 452, 0.06542954859161587
606, 64, -6.299999999999994, 459, 0.07035793751036956
607, 49, -4.799999999999999, 465, 0.07482502628235599
608, 50, -4.899999999999999, 473, 0.11445877762500256
609, 68, -6.699999999999992, 460, 0.0877325793099355
610, 52, -5.099999999999998, 469, 0.056649740754850963
611, 49, -4.799999999999999, 464, 0.04842097282298519
612, 59, -5.799999999999995, 464, 0.061563279737085974
613, 61, -5.999999999999995, 463, 0.09514746855009526
614, 58, -5.699999999999996, 469, 0.07351435002648588
615, 86, -8.499999999999986, 463, 0.07832972305894192
616, 58, -5.699999999999996, 467, 0.06430403218519365
617, 66, -6.499999999999993, 462, 0.08188089256923092
618, 60, -5.899999999999995, 469, 0.061978601675280576
619, 60, -5.899999999999995, 468, 0.08506874581380264
620, 55, -5.399999999999997, 471, 0.070221032797261
621, 74, -7.29999999999999, 467, 0.07796768348861327
622, 59, -5.799999999999995, 465, 0.03487630447255352
623, 55, -5.399999999999997, 471, 0.06270661506155273
624, 50, -4.899999999999999, 462, 0.05278515650720772
625, 53, -5.1999999999999975, 473, 0.07721845464887611
626, 68, -6.699999999999992, 471, 0.08433121708030011
627, 53, -5.1999999999999975, 467, 0.061575410306764056
628, 73, -7.19999999999999, 468, 0.07203455836061834
629, 61, -5.999999999999995, 464, 0.09432026613526956
630, 56, -5.4999999999999964, 476, 0.07232050856860994
631, 59, -5.799999999999995, 467, 0.11393170333996736
632, 63, -6.199999999999994, 467, 0.061351303945656244
633, 65, -6.399999999999993, 467, 0.09743278268530187
634, 52, -5.099999999999998, 476, 0.07981745291852649
635, 56, -5.4999999999999964, 471, 0.06523442549865144
636, 52, -5.099999999999998, 475, 0.036147271906752376
637, 51, -4.999999999999998, 472, 0.07765773647147722
638, 51, -4.999999999999998, 478, 0.07189437516679975
639, 52, -5.099999999999998, 473, 0.04616392376099698
640, 64, -6.299999999999994, 475, 0.09577566289978434
641, 50, -4.899999999999999, 471, 0.10404996811006217
642, 62, -6.099999999999994, 486, 0.10836648438939234
643, 53, -5.1999999999999975, 473, 0.10318338065398658
644, 48, -4.699999999999999, 480, 0.04872321862881268
645, 81, -7.999999999999988, 475, 0.08557909992465385
646, 49, -4.799999999999999, 484, 0.06609784398208918
647, 55, -5.399999999999997, 480, 0.10085373054777658
648, 62, -6.099999999999994, 476, 0.05566227591612449
649, 58, -5.699999999999996, 474, 0.07570578487735613
650, 124, -12.299999999999972, 472, 0.06717881066507125
651, 59, -5.799999999999995, 484, 0.0906119296658579
652, 43, -4.200000000000001, 482, 0.0840610872016253
653, 62, -6.099999999999994, 473, 0.08469321531704965
654, 56, -5.4999999999999964, 469, 0.05044844251187164
655, 52, -5.099999999999998, 491, 0.06102645339932078
656, 89, -8.799999999999985, 472, 0.059535296588058007
657, 56, -5.4999999999999964, 485, 0.07055672640756094
658, 63, -6.199999999999994, 482, 0.05655490515683237
659, 62, -6.099999999999994, 480, 0.04555662326294474
660, 66, -6.499999999999993, 479, 0.0883296121530206
661, 64, -6.299999999999994, 486, 0.06382882072283058
662, 58, -5.699999999999996, 489, 0.07146336908990669
663, 54, -5.299999999999997, 480, 0.11091881090439326
664, 50, -4.899999999999999, 482, 0.06561517956191976
665, 58, -5.699999999999996, 477, 0.06225436341323998
666, 51, -4.999999999999998, 477, 0.06783557568859289
667, 62, -6.099999999999994, 487, 0.061091401888344166
668, 51, -4.999999999999998, 481, 0.06071084205677346
669, 54, -5.299999999999997, 489, 0.0848072218309115
670, 56, -5.4999999999999964, 476, 0.06621539785168817
671, 54, -5.299999999999997, 495, 0.12056717180780419
672, 61, -5.999999999999995, 498, 0.07287122407157287
673, 58, -5.699999999999996, 490, 0.07508788315324
674, 69, -6.799999999999992, 487, 0.07504665755738696
675, 63, -6.199999999999994, 491, 0.06806321756917955
676, 44, -4.300000000000001, 488, 0.05240304009843655
677, 53, -5.1999999999999975, 489, 0.0747345583635628
678, 51, -4.999999999999998, 479, 0.05800536291875025
679, 62, -6.099999999999994, 497, 0.059920850559665284
680, 76, -7.499999999999989, 487, 0.0808361198158074
681, 49, -4.799999999999999, 484, 0.0690261950192359
682, 63, -6.199999999999994, 484, 0.09498180853415827
683, 52, -5.099999999999998, 491, 0.07354280674196012
684, 58, -5.699999999999996, 483, 0.06430269458274518
685, 51, -4.999999999999998, 485, 0.0791241691745399
686, 54, -5.299999999999997, 492, 0.10231957212363296
687, 76, -7.499999999999989, 483, 0.060971855265026687
688, 50, -4.899999999999999, 489, 0.048240132140960235
689, 58, -5.699999999999996, 485, 0.06871539235818103
690, 65, -6.399999999999993, 490, 0.04343870963808261
691, 48, -4.699999999999999, 493, 0.04968652454748024
692, 53, -5.1999999999999975, 498, 0.07481711515068401
693, 60, -5.899999999999995, 482, 0.089193647311685
694, 60, -5.899999999999995, 497, 0.06574646352909985
695, 59, -5.799999999999995, 489, 0.06434555303118605
696, 52, -5.099999999999998, 493, 0.06279254237060039
697, 52, -5.099999999999998, 481, 0.06106347654264743
698, 50, -4.899999999999999, 495, 0.06839139659379967
699, 52, -5.099999999999998, 489, 0.07123853079520281
700, 59, -5.799999999999995, 493, 0.06270879847186761
701, 49, -4.799999999999999, 490, 0.06693056586670354
702, 49, -4.799999999999999, 498, 0.08132831430025719
703, 50, -4.899999999999999, 501, 0.08447577187109268
704, 47, -4.6, 494, 0.1139501620230301
705, 60, -5.899999999999995, 486, 0.07281790136142785
706, 64, -6.299999999999994, 497, 0.06750718717995019
707, 60, -5.899999999999995, 499, 0.08173686282074266
708, 74, -7.29999999999999, 490, 0.10789717981954705
709, 108, -10.699999999999978, 494, 0.10011547750321714
710, 68, -6.699999999999992, 500, 0.07215292447882238
711, 61, -5.999999999999995, 496, 0.07409144113424704
712, 62, -6.099999999999994, 508, 0.06899356219490738
713, 52, -5.099999999999998, 493, 0.07110472521939037
714, 58, -5.699999999999996, 506, 0.03639667101354771
715, 66, -6.499999999999993, 498, 0.08507877546897047
716, 53, -5.1999999999999975, 494, 0.06566565222014331
717, 52, -5.099999999999998, 493, 0.0765166506802144
718, 55, -5.399999999999997, 500, 0.06263669025791119
719, 56, -5.4999999999999964, 496, 0.0626700312127828
720, 54, -5.299999999999997, 507, 0.05310600476327698
721, 53, -5.1999999999999975, 503, 0.0785552202687474
722, 48, -4.699999999999999, 501, 0.06589260430923766
723, 63, -6.199999999999994, 501, 0.08079865962616717
724, 77, -7.599999999999989, 503, 0.07757168680395798
725, 66, -6.499999999999993, 496, 0.05342925694799483
726, 60, -5.899999999999995, 513, 0.0813892401927565
727, 66, -6.499999999999993, 503, 0.05264094099126493
728, 57, -5.599999999999996, 515, 0.07472465490777969
729, 76, -7.499999999999989, 497, 0.10389334530629135
730, 59, -5.799999999999995, 515, 0.07053203407474151
731, 57, -5.599999999999996, 505, 0.06542357738385585
732, 57, -5.599999999999996, 505, 0.1184591032869089
733, 61, -5.999999999999995, 494, 0.08344606314238101
734, 50, -4.899999999999999, 502, 0.08978068324733313
735, 51, -4.999999999999998, 499, 0.07176133537163709
736, 51, -4.999999999999998, 505, 0.06772280950093723
737, 54, -5.299999999999997, 499, 0.06229862693430133
738, 54, -5.299999999999997, 502, 0.0834688385500072
739, 44, -4.300000000000001, 503, 0.05952781651394656
740, 51, -4.999999999999998, 505, 0.07205173542935106
741, 55, -5.399999999999997, 507, 0.0701385490164732
742, 61, -5.999999999999995, 506, 0.06328605050848912
743, 48, -4.699999999999999, 503, 0.06936759296956219
744, 53, -5.1999999999999975, 509, 0.07087692644767252
745, 63, -6.199999999999994, 501, 0.0863394009177294
746, 51, -4.999999999999998, 510, 0.06326168373116392
747, 60, -5.899999999999995, 502, 0.06658240414745231
748, 62, -6.099999999999994, 509, 0.07527614776460467
749, 62, -6.099999999999994, 508, 0.06768397027638295
750, 67, -6.5999999999999925, 508, 0.07599763941194682
751, 62, -6.099999999999994, 512, 0.07815975621554308
752, 52, -5.099999999999998, 506, 0.06686522905142961
753, 61, -5.999999999999995, 502, 0.06892773467068003
754, 69, -6.799999999999992, 515, 0.06244275128026833
755, 47, -4.6, 510, 0.0670263327097042
756, 52, -5.099999999999998, 508, 0.05551962351516959
757, 68, -6.699999999999992, 508, 0.07783969452599071
758, 50, -4.899999999999999, 513, 0.06839838793771447
759, 78, -7.699999999999989, 505, 0.08890662770998115
760, 62, -6.099999999999994, 513, 0.0887411493244814
761, 53, -5.1999999999999975, 509, 0.06486749995114893
762, 67, -6.5999999999999925, 507, 0.05773795788711955
763, 61, -5.999999999999995, 510, 0.06316682020851117
764, 63, -6.199999999999994, 517, 0.06801435742813
765, 63, -6.199999999999994, 507, 0.07159278528486768
766, 63, -6.199999999999994, 510, 0.06498700854882511
767, 55, -5.399999999999997, 513, 0.08711975695449681
768, 48, -4.699999999999999, 519, 0.07741018769004482
769, 68, -6.699999999999992, 512, 0.07434035720980414
770, 52, -5.099999999999998, 513, 0.05630460673497417
771, 53, -5.1999999999999975, 514, 0.05860235951973314
772, 83, -8.199999999999987, 515, 0.07106193468512445
773, 53, -5.1999999999999975, 523, 0.05563109636313035
774, 53, -5.1999999999999975, 507, 0.0529379438002473
775, 55, -5.399999999999997, 518, 0.08402183530075114
776, 56, -5.4999999999999964, 509, 0.07325044450290435
777, 56, -5.4999999999999964, 512, 0.06987120291020554
778, 58, -5.699999999999996, 524, 0.07452387750323064
779, 51, -4.999999999999998, 527, 0.0654231050359273
780, 54, -5.299999999999997, 519, 0.08383375514506275
781, 64, -6.299999999999994, 512, 0.08197388077180268
782, 54, -5.299999999999997, 522, 0.06521429047621252
783, 55, -5.399999999999997, 522, 0.04707878840545643
784, 63, -6.199999999999994, 518, 0.09471898474746454
785, 53, -5.1999999999999975, 519, 0.05268879529251835
786, 55, -5.399999999999997, 528, 0.07998666033595203
787, 48, -4.699999999999999, 534, 0.028151187141768785
788, 59, -5.799999999999995, 522, 0.08968812110384272
789, 57, -5.599999999999996, 523, 0.057102652844588375
790, 73, -7.19999999999999, 522, 0.04236866835567099
791, 52, -5.099999999999998, 516, 0.06238790275208139
792, 57, -5.599999999999996, 522, 0.06425390900067751
793, 64, -6.299999999999994, 526, 0.08343786414568855
794, 60, -5.899999999999995, 528, 0.07769427685427477
795, 56, -5.4999999999999964, 527, 0.07746147368795775
796, 65, -6.399999999999993, 529, 0.06968636599064748
797, 53, -5.1999999999999975, 527, 0.05584389791019895
798, 60, -5.899999999999995, 532, 0.06059812147532728
799, 59, -5.799999999999995, 515, 0.0683094922096168
800, 60, -5.899999999999995, 528, 0.07691814301063875
801, 54, -5.299999999999997, 523, 0.04463308067318095
802, 49, -4.799999999999999, 537, 0.06377914248106809
803, 64, -6.299999999999994, 520, 0.09375876278981066
804, 58, -5.699999999999996, 538, 0.07554129054925296
805, 60, -5.899999999999995, 527, 0.08600587007329308
806, 51, -4.999999999999998, 535, 0.09011805326077638
807, 55, -5.399999999999997, 528, 0.0770253242477531
808, 105, -10.399999999999979, 533, 0.0737260411475078
809, 102, -10.09999999999998, 522, 0.11697914638372198
810, 60, -5.899999999999995, 532, 0.10117922895504261
811, 54, -5.299999999999997, 527, 0.062125552160742004
812, 71, -6.999999999999991, 528, 0.09688006654562487
813, 58, -5.699999999999996, 528, 0.05932765739665813
814, 56, -5.4999999999999964, 522, 0.08986318716492536
815, 59, -5.799999999999995, 523, 0.06578137620519797
816, 50, -4.899999999999999, 521, 0.06697346810915
817, 62, -6.099999999999994, 524, 0.03540087664374081
818, 144, -14.299999999999965, 526, 0.0917283197522627
819, 50, -4.899999999999999, 530, 0.11372439413836144
820, 71, -6.999999999999991, 527, 0.07252744676697137
821, 43, -4.200000000000001, 529, 0.08364531355430227
822, 60, -5.899999999999995, 523, 0.06600062041092003
823, 52, -5.099999999999998, 525, 0.07124172166203047
824, 58, -5.699999999999996, 525, 0.08029333420199056
825, 52, -5.099999999999998, 544, 0.05874199449909545
826, 57, -5.599999999999996, 533, 0.08070848113345533
827, 46, -4.5, 533, 0.08407479762441772
828, 51, -4.999999999999998, 527, 0.06850530933541318
829, 55, -5.399999999999997, 529, 0.0604054469625388
830, 52, -5.099999999999998, 535, 0.0503817836458873
831, 56, -5.4999999999999964, 534, 0.08124426355660441
832, 57, -5.599999999999996, 535, 0.0602697564832666
833, 57, -5.599999999999996, 533, 0.07639698645159188
834, 48, -4.699999999999999, 541, 0.05944049224717052
835, 63, -6.199999999999994, 535, 0.05315222640893236
836, 57, -5.599999999999996, 537, 0.10574054552079737
837, 54, -5.299999999999997, 537, 0.062313935028247336
838, 51, -4.999999999999998, 541, 0.08482973867898513
839, 61, -5.999999999999995, 536, 0.07025694013815142
840, 52, -5.099999999999998, 549, 0.05674923384012498
841, 67, -6.5999999999999925, 533, 0.1195271998602132
842, 47, -4.6, 538, 0.07065501644630345
843, 53, -5.1999999999999975, 539, 0.03547586848761397
844, 58, -5.699999999999996, 536, 0.09473870862420686
845, 48, -4.699999999999999, 534, 0.06682624002870008
846, 52, -5.099999999999998, 545, 0.06779219108013246
847, 57, -5.599999999999996, 532, 0.06585162076322237
848, 50, -4.899999999999999, 532, 0.09110224019052482
849, 46, -4.5, 542, 0.09280010196020827
850, 74, -7.29999999999999, 539, 0.0607837856875304
851, 50, -4.899999999999999, 542, 0.07413152577627402
852, 61, -5.999999999999995, 535, 0.07832788997172058
853, 52, -5.099999999999998, 551, 0.041529475308465846
854, 58, -5.699999999999996, 531, 0.08090603453004297
855, 55, -5.399999999999997, 557, 0.0872189820642637
856, 58, -5.699999999999996, 549, 0.05381195293676333
857, 69, -6.799999999999992, 537, 0.07338319990195652
858, 65, -6.399999999999993, 542, 0.06573795476906819
859, 54, -5.299999999999997, 547, 0.06221446126696861
860, 88, -8.699999999999985, 544, 0.04653852787398982
861, 59, -5.799999999999995, 541, 0.05627844240470736
862, 66, -6.499999999999993, 548, 0.08276461434189247
863, 82, -8.099999999999987, 538, 0.06418863556657728
864, 50, -4.899999999999999, 554, 0.08003129844919665
865, 52, -5.099999999999998, 537, 0.053389835363162774
866, 62, -6.099999999999994, 550, 0.0676262865577607
867, 56, -5.4999999999999964, 546, 0.054453708091264375
868, 72, -7.099999999999991, 543, 0.08164627759056031
869, 46, -4.5, 547, 0.07870807225497733
870, 69, -6.799999999999992, 546, 0.06016694801598721
871, 60, -5.899999999999995, 546, 0.08194553339084254
872, 47, -4.6, 549, 0.0832573849014655
873, 57, -5.599999999999996, 546, 0.11823482858264167
874, 60, -5.899999999999995, 540, 0.06775230326257486
875, 61, -5.999999999999995, 551, 0.10119007012930092
876, 50, -4.899999999999999, 542, 0.09668224210470311
877, 57, -5.599999999999996, 555, 0.07241644772087075
878, 58, -5.699999999999996, 554, 0.0708072550829999
879, 64, -6.299999999999994, 540, 0.06622692062913105
880, 51, -4.999999999999998, 543, 0.0858926747326687
881, 57, -5.599999999999996, 552, 0.05130730775197945
882, 54, -5.299999999999997, 548, 0.07516837494417317
883, 58, -5.699999999999996, 546, 0.09457802289718398
884, 56, -5.4999999999999964, 550, 0.07644464106839965
885, 68, -6.699999999999992, 549, 0.06855016551105453
886, 69, -6.799999999999992, 542, 0.06424370827654857
887, 59, -5.799999999999995, 552, 0.05224971907905074
888, 53, -5.1999999999999975, 537, 0.09315082915915096
889, 83, -8.199999999999987, 549, 0.0693271707044788
890, 55, -5.399999999999997, 552, 0.050455815344059296
891, 78, -7.699999999999989, 557, 0.06990549212593455
892, 174, -17.299999999999976, 549, 0.08139137217223791
893, 46, -4.5, 552, 0.08692821394296946
894, 66, -6.499999999999993, 555, 0.0787766041599921
895, 48, -4.699999999999999, 563, 0.06047719551234784
896, 62, -6.099999999999994, 549, 0.08674737215502926
897, 62, -6.099999999999994, 558, 0.08531113389651246
898, 50, -4.899999999999999, 549, 0.0927354985325759
899, 63, -6.199999999999994, 541, 0.08651403831552429
900, 50, -4.899999999999999, 562, 0.06435254513621014
901, 60, -5.899999999999995, 549, 0.08043372029275943
902, 80, -7.899999999999988, 565, 0.05944606754340631
903, 61, -5.999999999999995, 560, 0.0622623464146016
904, 44, -4.300000000000001, 574, 0.10403629206792364
905, 73, -7.19999999999999, 548, 0.06774568644361839
906, 59, -5.799999999999995, 555, 0.08703357096607944
907, 52, -5.099999999999998, 552, 0.048933945215824615
908, 55, -5.399999999999997, 559, 0.1054091502685901
909, 50, -4.899999999999999, 562, 0.09332673589918161
910, 51, -4.999999999999998, 553, 0.0769123673230232
911, 128, -12.69999999999997, 569, 0.07161696179891841
912, 48, -4.699999999999999, 556, 0.0988036257024294
913, 60, -5.899999999999995, 565, 0.037503952117134975
914, 56, -5.4999999999999964, 562, 0.08123969742603798
915, 225, -22.40000000000005, 561, 0.06265324799679384
916, 124, -12.299999999999972, 566, 0.07326845306002894
917, 52, -5.099999999999998, 552, 0.06286223555111059
918, 55, -5.399999999999997, 562, 0.05978917956738661
919, 57, -5.599999999999996, 565, 0.05903793361395726
920, 58, -5.699999999999996, 560, 0.06520964226777637
921, 53, -5.1999999999999975, 572, 0.08887884122443634
922, 104, -10.29999999999998, 568, 0.03224964429788635
923, 57, -5.599999999999996, 562, 0.11170935622593081
924, 76, -7.499999999999989, 565, 0.07265334493822206
925, 115, -11.399999999999975, 563, 0.08335653937549337
926, 55, -5.399999999999997, 563, 0.08286195586575618
927, 55, -5.399999999999997, 567, 0.08747226698225341
928, 52, -5.099999999999998, 563, 0.08161418654911323
929, 60, -5.899999999999995, 565, 0.06732533149439801
930, 77, -7.599999999999989, 560, 0.07555678127378807
931, 55, -5.399999999999997, 571, 0.05443443451738905
932, 135, -13.399999999999968, 571, 0.06924957333678822
933, 65, -6.399999999999993, 572, 0.0502579273699606
934, 50, -4.899999999999999, 571, 0.11221538803225117
935, 76, -7.499999999999989, 560, 0.08512757656381142
936, 59, -5.799999999999995, 582, 0.09702537953239404
937, 57, -5.599999999999996, 570, 0.06714477919884265
938, 53, -5.1999999999999975, 558, 0.06439308155371704
939, 55, -5.399999999999997, 568, 0.06748450542040807
940, 56, -5.4999999999999964, 565, 0.07757986709666165
941, 59, -5.799999999999995, 577, 0.06846559074560021
942, 55, -5.399999999999997, 567, 0.10012199750158718
943, 51, -4.999999999999998, 568, 0.10500831985280756
944, 48, -4.699999999999999, 573, 0.0592241399034254
945, 104, -10.29999999999998, 581, 0.06612563656341575
946, 56, -5.4999999999999964, 566, 0.10709987621656492
947, 64, -6.299999999999994, 565, 0.0841712202460535
948, 54, -5.299999999999997, 568, 0.04357556612296909
949, 102, -10.09999999999998, 566, 0.06471367989857368
950, 63, -6.199999999999994, 568, 0.07498316318412135
951, 53, -5.1999999999999975, 573, 0.0630660545575692
952, 99, -9.799999999999981, 571, 0.09423489681849806
953, 65, -6.399999999999993, 572, 0.02370867417056699
954, 61, -5.999999999999995, 568, 0.05503026537629241
955, 76, -7.499999999999989, 574, 0.07842300776446309
956, 56, -5.4999999999999964, 567, 0.08397121188117485
957, 50, -4.899999999999999, 570, 0.07208547182964076
958, 76, -7.499999999999989, 569, 0.05568975463222925
959, 64, -6.299999999999994, 569, 0.08628892002749478
960, 59, -5.799999999999995, 574, 0.06109607884030677
961, 64, -6.299999999999994, 576, 0.06955966922976037
962, 54, -5.299999999999997, 578, 0.07954928812977702
963, 67, -6.5999999999999925, 563, 0.08255616808118993
964, 80, -7.899999999999988, 592, 0.11689090245431322
965, 60, -5.899999999999995, 575, 0.07171360816890093
966, 52, -5.099999999999998, 585, 0.08850954703360081
967, 75, -7.39999999999999, 574, 0.06877954876146158
968, 53, -5.1999999999999975, 577, 0.06832322685760372
969, 53, -5.1999999999999975, 580, 0.05537378046626085
970, 62, -6.099999999999994, 577, 0.07527804841212907
971, 65, -6.399999999999993, 587, 0.07965490344620552
972, 78, -7.699999999999989, 571, 0.06189400254404509
973, 59, -5.799999999999995, 578, 0.06789637023804473
974, 47, -4.6, 575, 0.07879333374438802
975, 62, -6.099999999999994, 577, 0.06690506377006922
976, 47, -4.6, 579, 0.06497705442303825
977, 66, -6.499999999999993, 577, 0.07522180610044504
978, 56, -5.4999999999999964, 581, 0.09393581640167459
979, 58, -5.699999999999996, 591, 0.10102256503309337
980, 62, -6.099999999999994, 578, 0.057355751020041534
981, 62, -6.099999999999994, 587, 0.09331807870748199
982, 53, -5.1999999999999975, 573, 0.08929790510037638
983, 47, -4.6, 586, 0.09654424677263185
984, 45, -4.4, 582, 0.07344403634878659
985, 48, -4.699999999999999, 587, 0.051855460752486704
986, 56, -5.4999999999999964, 581, 0.07276008840722459
987, 64, -6.299999999999994, 580, 0.0658638307814906
988, 66, -6.499999999999993, 583, 0.05373693005104374
989, 74, -7.29999999999999, 592, 0.06791782822395609
990, 56, -5.4999999999999964, 588, 0.03423351540679631
991, 60, -5.899999999999995, 586, 0.08197260234785242
992, 60, -5.899999999999995, 588, 0.059830179736938716
993, 52, -5.099999999999998, 583, 0.07849504149699982
994, 57, -5.599999999999996, 575, 0.05764711289909075
995, 53, -5.1999999999999975, 586, 0.07994718607475593
996, 65, -6.399999999999993, 578, 0.07041598265035076
997, 65, -6.399999999999993, 590, 0.07426906225288876
998, 57, -5.599999999999996, 585, 0.0852377552613825
999, 46, -4.5, 583, 0.0667969759575473
1000, 57, -5.599999999999996, 587, 0.08559233733474159
