Episode, Steps, Reward, Time (in milliseconds), Convergence
1, 225, -22.40000000000005, 17, 0.25710291493101417
2, 225, -22.40000000000005, 26, 0.21212803985383
3, 225, -22.40000000000005, 50, 0.20164304622027895
4, 225, -22.40000000000005, 71, 0.39325251308064146
5, 225, -22.40000000000005, 81, 1.8559667137025357
6, 225, -22.40000000000005, 76, 1.679199745694541
7, 225, -22.40000000000005, 96, 0.3833398926989736
8, 225, -22.40000000000005, 97, 0.2740842311428705
9, 225, -22.40000000000005, 92, 0.24556713834353527
10, 225, -22.40000000000005, 97, 0.21626515823584258
11, 225, -22.40000000000005, 116, 1.8488720203814615
12, 225, -22.40000000000005, 133, 0.28530046349782157
13, 225, -22.40000000000005, 123, 0.2180725681211385
14, 225, -22.40000000000005, 118, 0.2630290104000168
15, 225, -22.40000000000005, 123, 1.8731517305962648
16, 225, -22.40000000000005, 144, 0.5679918795283487
17, 225, -22.40000000000005, 134, 0.4556236091546959
18, 225, -22.40000000000005, 136, 0.2215743988801897
19, 225, -22.40000000000005, 160, 0.34961431247318986
20, 225, -22.40000000000005, 160, 0.3772678754254538
21, 225, -22.40000000000005, 126, 0.3268025901836973
22, 133, -13.199999999999969, 160, 0.30745861150948484
23, 225, -22.40000000000005, 155, 0.24363037393825615
24, 225, -22.40000000000005, 154, 0.2348258714080873
25, 215, -21.400000000000034, 161, 0.4137795614768398
26, 225, -22.40000000000005, 162, 1.7720372954384809
27, 225, -22.40000000000005, 159, 0.350605320894231
28, 225, -22.40000000000005, 154, 0.2603985125822381
29, 225, -22.40000000000005, 165, 0.400813351739687
30, 225, -22.40000000000005, 179, 0.5007770588522447
31, 225, -22.40000000000005, 159, 0.2678046133670442
32, 225, -22.40000000000005, 175, 0.47209765534015835
33, 118, -11.699999999999974, 180, 0.3001282920764645
34, 225, -22.40000000000005, 174, 1.7489805296208818
35, 225, -22.40000000000005, 195, 1.768157893913005
36, 225, -22.40000000000005, 184, 0.3528278967618157
37, 225, -22.40000000000005, 192, 0.3652031786856913
38, 225, -22.40000000000005, 193, 0.43194013053551295
39, 144, -14.299999999999965, 200, 0.33911924439777597
40, 225, -22.40000000000005, 185, 0.4172876643955933
41, 64, -6.299999999999994, 200, 0.41783252458412923
42, 225, -22.40000000000005, 214, 0.4716880075339125
43, 225, -22.40000000000005, 211, 0.3696903525160353
44, 225, -22.40000000000005, 202, 0.4241178587725962
45, 138, -13.699999999999967, 204, 0.42388894350751194
46, 225, -22.40000000000005, 205, 0.3822125030357031
47, 225, -22.40000000000005, 203, 0.5022881747729806
48, 225, -22.40000000000005, 215, 0.3338353148040165
49, 203, -20.200000000000017, 203, 0.31477391133248833
50, 225, -22.40000000000005, 219, 0.39901125214803157
51, 147, -14.599999999999964, 204, 0.3787009109218955
52, 225, -22.40000000000005, 217, 0.3474318943915189
53, 225, -22.40000000000005, 219, 1.7717168494647146
54, 138, -13.699999999999967, 245, 0.4525115545017493
55, 225, -22.40000000000005, 237, 0.2666787996298954
56, 225, -22.40000000000005, 229, 0.2887613249711265
57, 191, -19.0, 237, 0.3370748469292635
58, 132, -13.09999999999997, 226, 0.3748751488428068
59, 138, -13.699999999999967, 241, 0.2651832933035022
60, 225, -22.40000000000005, 227, 0.2731383932534084
61, 135, -13.399999999999968, 241, 0.5757832592940044
62, 225, -22.40000000000005, 225, 0.3808158076789363
63, 96, -9.499999999999982, 253, 0.40252225517202644
64, 225, -22.40000000000005, 246, 0.3318271299630948
65, 200, -19.900000000000013, 232, 0.33599500487372946
66, 225, -22.40000000000005, 264, 1.6950750827828205
67, 168, -16.699999999999967, 242, 0.26140299379566834
68, 175, -17.399999999999977, 239, 1.6051066348822653
69, 225, -22.40000000000005, 240, 0.28303559150911484
70, 225, -22.40000000000005, 247, 0.45456221789704054
71, 225, -22.40000000000005, 248, 0.4301884514515186
72, 171, -16.99999999999997, 258, 0.43111193164364936
73, 225, -22.40000000000005, 249, 0.2749871690304144
74, 225, -22.40000000000005, 259, 0.35497672469481567
75, 110, -10.899999999999977, 264, 0.3303918913653048
76, 214, -21.300000000000033, 262, 0.3550414355759284
77, 225, -22.40000000000005, 254, 0.4684341622195267
78, 159, -15.79999999999996, 260, 0.28802117436342733
79, 225, -22.40000000000005, 260, 0.3463972823705146
80, 225, -22.40000000000005, 265, 0.3997286702969003
81, 225, -22.40000000000005, 258, 0.3779887039813301
82, 225, -22.40000000000005, 265, 0.37212214991142734
83, 178, -17.69999999999998, 272, 0.32025134285069834
84, 123, -12.199999999999973, 274, 0.2763010686308358
85, 195, -19.400000000000006, 266, 0.35509966407314497
86, 202, -20.100000000000016, 278, 1.6993182287761148
87, 225, -22.40000000000005, 276, 0.30324620262218405
88, 208, -20.700000000000024, 298, 0.5489852379248816
89, 225, -22.40000000000005, 280, 0.4094446450757331
90, 225, -22.40000000000005, 319, 0.3057650611899787
91, 225, -22.40000000000005, 296, 0.31556455831009256
92, 225, -22.40000000000005, 291, 0.5864711958131936
93, 225, -22.40000000000005, 286, 0.34586836691625766
94, 192, -19.1, 303, 0.42155049176963866
95, 225, -22.40000000000005, 287, 0.3348897078282622
96, 225, -22.40000000000005, 308, 0.6836268151321905
97, 225, -22.40000000000005, 292, 0.4030140374493043
98, 115, -11.399999999999975, 297, 0.4499164647307192
99, 186, -18.499999999999993, 327, 0.4082308236810164
100, 225, -22.40000000000005, 306, 0.382346456987253
101, 118, -11.699999999999974, 304, 0.33191950465154907
102, 225, -22.40000000000005, 303, 0.44411116926384686
103, 225, -22.40000000000005, 307, 0.3308077503676864
104, 174, -17.299999999999976, 337, 0.3209585005094442
105, 193, -19.200000000000003, 310, 0.3939858209448541
106, 225, -22.40000000000005, 321, 0.2796015544167867
107, 225, -22.40000000000005, 329, 0.3181503970444308
108, 104, -10.29999999999998, 322, 0.5419761664011358
109, 225, -22.40000000000005, 314, 1.797675770475717
110, 225, -22.40000000000005, 315, 0.41453891761702844
111, 214, -21.300000000000033, 342, 0.5673668906135778
112, 182, -18.099999999999987, 313, 0.3736877422255551
113, 114, -11.299999999999976, 307, 0.3112756794216165
114, 225, -22.40000000000005, 324, 0.39087755407727487
115, 225, -22.40000000000005, 322, 0.4065983963641755
116, 219, -21.80000000000004, 328, 0.3448106957745005
117, 225, -22.40000000000005, 331, 1.6616004484782971
118, 225, -22.40000000000005, 356, 0.36325697608260743
119, 225, -22.40000000000005, 336, 0.30266883265043476
120, 117, -11.599999999999975, 333, 0.3323696829464535
121, 225, -22.40000000000005, 355, 0.3801781935492521
122, 225, -22.40000000000005, 351, 0.32839994776187315
123, 165, -16.399999999999963, 358, 0.48808797864322573
124, 225, -22.40000000000005, 350, 0.5580796562011086
125, 225, -22.40000000000005, 343, 0.3615691166131718
126, 225, -22.40000000000005, 368, 0.347623709120215
127, 225, -22.40000000000005, 368, 0.3486473258377645
128, 225, -22.40000000000005, 393, 0.42902878087634067
129, 122, -12.099999999999973, 353, 0.3293587130051052
130, 225, -22.40000000000005, 358, 0.3404647885535568
131, 225, -22.40000000000005, 350, 1.5978298412886671
132, 203, -20.200000000000017, 369, 0.4764393841232102
133, 181, -17.999999999999986, 370, 1.977910884169756
134, 120, -11.899999999999974, 351, 0.41083071562139417
135, 160, -15.89999999999996, 380, 0.4788894324260964
136, 91, -8.999999999999984, 370, 0.3669431357568401
137, 225, -22.40000000000005, 365, 0.445866326388503
138, 204, -20.30000000000002, 369, 0.3632554639682053
139, 225, -22.40000000000005, 376, 0.32830352953859965
140, 225, -22.40000000000005, 382, 0.45743023089917756
141, 225, -22.40000000000005, 399, 0.2891056477167022
142, 225, -22.40000000000005, 397, 0.5320082190674378
143, 225, -22.40000000000005, 385, 0.36688455801210873
144, 225, -22.40000000000005, 404, 0.33680509808717884
145, 225, -22.40000000000005, 388, 0.31190597432246703
146, 225, -22.40000000000005, 399, 0.4321209443541669
147, 180, -17.899999999999984, 400, 0.432997890736164
148, 225, -22.40000000000005, 393, 0.37482094444380243
149, 149, -14.799999999999963, 397, 0.34686845442486947
150, 225, -22.40000000000005, 393, 0.5349718303742543
151, 225, -22.40000000000005, 405, 0.3911233598586694
152, 194, -19.300000000000004, 400, 0.3775966537211959
153, 225, -22.40000000000005, 404, 0.43808105846516954
154, 225, -22.40000000000005, 403, 1.7716232973833217
155, 179, -17.799999999999983, 409, 0.4379613890308567
156, 225, -22.40000000000005, 414, 0.5529672331672766
157, 225, -22.40000000000005, 405, 2.2648361964250747
158, 225, -22.40000000000005, 409, 0.49520740392021967
159, 225, -22.40000000000005, 410, 0.34053039199313506
160, 159, -15.79999999999996, 417, 0.4979086168357907
161, 225, -22.40000000000005, 422, 0.2939898465453643
162, 225, -22.40000000000005, 436, 0.45944308629466624
163, 225, -22.40000000000005, 415, 0.5889807839182919
164, 225, -22.40000000000005, 402, 0.3393527885091374
165, 225, -22.40000000000005, 419, 0.4053313864069701
166, 225, -22.40000000000005, 417, 0.41981291492584516
167, 129, -12.79999999999997, 432, 0.37208028834027784
168, 225, -22.40000000000005, 436, 0.24994398392259765
169, 77, -7.599999999999989, 427, 0.4193476050570104
170, 225, -22.40000000000005, 438, 0.5468889054082684
171, 138, -13.699999999999967, 431, 0.35708145074425124
172, 225, -22.40000000000005, 453, 0.3431993352937561
173, 203, -20.200000000000017, 432, 0.46233764843106595
174, 225, -22.40000000000005, 429, 0.3240221220281687
175, 225, -22.40000000000005, 449, 0.5752510178068273
176, 147, -14.599999999999964, 438, 0.34484219647317294
177, 189, -18.799999999999997, 444, 0.4131473240110055
178, 188, -18.699999999999996, 442, 0.4150841887525858
179, 225, -22.40000000000005, 420, 0.3963132490232093
180, 225, -22.40000000000005, 460, 0.5115534177690306
181, 217, -21.600000000000037, 437, 0.3014248967155262
182, 173, -17.199999999999974, 450, 0.4852390660290664
183, 150, -14.899999999999963, 457, 0.3364081952290483
184, 225, -22.40000000000005, 437, 0.32683211516739497
185, 225, -22.40000000000005, 448, 0.46295824273919717
186, 111, -10.999999999999977, 447, 0.32431001284560823
187, 76, -7.499999999999989, 462, 0.3694636897542358
188, 225, -22.40000000000005, 438, 0.42218569768444203
189, 187, -18.599999999999994, 471, 0.4285089545801286
190, 225, -22.40000000000005, 473, 1.9912880855709432
191, 225, -22.40000000000005, 463, 0.4461148035863234
192, 225, -22.40000000000005, 462, 0.4153896822505676
193, 225, -22.40000000000005, 483, 0.5542781752368633
194, 225, -22.40000000000005, 467, 0.3665537876313003
195, 225, -22.40000000000005, 456, 0.41302767959480313
196, 206, -20.50000000000002, 456, 0.3183288313580559
197, 225, -22.40000000000005, 504, 0.5407683460068258
198, 225, -22.40000000000005, 473, 1.831613128456462
199, 225, -22.40000000000005, 476, 0.40133724530780013
200, 147, -14.599999999999964, 464, 0.4005040418754313
201, 216, -21.500000000000036, 494, 1.9736002463147169
202, 178, -17.69999999999998, 496, 0.49378815538826126
203, 225, -22.40000000000005, 496, 0.3944694122936854
204, 225, -22.40000000000005, 522, 0.34230443629343155
205, 182, -18.099999999999987, 505, 0.3053978899725429
206, 190, -18.9, 503, 0.3961262973123696
207, 163, -16.19999999999996, 491, 0.417892566310869
208, 225, -22.40000000000005, 499, 0.4004970836596673
209, 225, -22.40000000000005, 486, 0.3071763999965256
210, 225, -22.40000000000005, 505, 0.4399521355762621
211, 59, -5.799999999999995, 500, 0.4325892777183482
212, 222, -22.100000000000044, 527, 0.4891270402793486
213, 136, -13.499999999999968, 496, 0.5936188252666561
214, 225, -22.40000000000005, 491, 0.3460224264173344
215, 225, -22.40000000000005, 522, 1.6904713177217936
216, 109, -10.799999999999978, 504, 0.2975154568806151
217, 225, -22.40000000000005, 503, 0.32777439596872426
218, 225, -22.40000000000005, 521, 2.121597349897052
219, 180, -17.899999999999984, 526, 0.2768267400511375
220, 225, -22.40000000000005, 530, 0.3493812498095643
221, 225, -22.40000000000005, 511, 0.37488742122650276
222, 225, -22.40000000000005, 514, 0.44258694327742365
223, 146, -14.499999999999964, 505, 0.38041086613453423
224, 129, -12.79999999999997, 551, 0.28425732128590697
225, 225, -22.40000000000005, 536, 0.3076911004604481
226, 100, -9.89999999999998, 491, 0.3676453461746161
227, 151, -14.999999999999963, 546, 0.38236912969378745
228, 225, -22.40000000000005, 521, 0.5218738196252608
229, 127, -12.599999999999971, 548, 0.4993059316984416
230, 225, -22.40000000000005, 531, 0.4555387572615195
231, 154, -15.299999999999962, 535, 0.5040640052101182
232, 225, -22.40000000000005, 528, 0.6071939606990622
233, 109, -10.799999999999978, 551, 0.31179935015682503
234, 147, -14.599999999999964, 537, 1.8472061678822753
235, 225, -22.40000000000005, 540, 0.33330917984177466
236, 225, -22.40000000000005, 551, 0.4498312836776157
237, 225, -22.40000000000005, 540, 0.5050228649901545
238, 225, -22.40000000000005, 527, 0.4383493965722216
239, 76, -7.499999999999989, 539, 0.31659837601348584
240, 225, -22.40000000000005, 516, 0.26522623465790085
241, 225, -22.40000000000005, 544, 0.39849169177756805
242, 225, -22.40000000000005, 579, 0.34996767675122653
243, 133, -13.199999999999969, 560, 0.37120168837653944
244, 225, -22.40000000000005, 589, 0.5373023403300965
245, 225, -22.40000000000005, 548, 0.3341781620042372
246, 225, -22.40000000000005, 549, 0.313700839592036
247, 225, -22.40000000000005, 587, 0.4690102697657639
248, 225, -22.40000000000005, 549, 0.3003911790354997
249, 225, -22.40000000000005, 563, 0.36783244695752604
250, 182, -18.099999999999987, 542, 0.4917966186331171
251, 166, -16.499999999999964, 568, 0.36222799059690836
252, 177, -17.59999999999998, 561, 0.3131744030661423
253, 187, -18.599999999999994, 594, 0.3987716476528784
254, 225, -22.40000000000005, 582, 0.3579897927272122
255, 225, -22.40000000000005, 581, 0.3256347153154642
256, 198, -19.70000000000001, 578, 1.765031971476437
257, 225, -22.40000000000005, 589, 0.38080145080824757
258, 225, -22.40000000000005, 568, 0.5163546951216869
259, 169, -16.79999999999997, 574, 0.3173278418585481
260, 210, -20.900000000000027, 602, 0.3498061750757713
261, 147, -14.599999999999964, 602, 0.36759161190746426
262, 225, -22.40000000000005, 582, 0.37944533755901855
263, 225, -22.40000000000005, 601, 0.32218515355157673
264, 225, -22.40000000000005, 613, 0.42426328778749145
265, 150, -14.899999999999963, 591, 0.5012901493187099
266, 225, -22.40000000000005, 577, 1.6934317793751057
267, 225, -22.40000000000005, 579, 0.36171708965821936
268, 225, -22.40000000000005, 605, 0.3247739859710155
269, 225, -22.40000000000005, 622, 1.9875386728536577
270, 225, -22.40000000000005, 608, 0.45290894595259834
271, 225, -22.40000000000005, 610, 0.46265457442638525
272, 96, -9.499999999999982, 604, 0.46366254278050123
273, 225, -22.40000000000005, 613, 0.5466435334052702
274, 225, -22.40000000000005, 637, 0.467534940956873
275, 225, -22.40000000000005, 629, 0.31882323292345527
276, 210, -20.900000000000027, 601, 0.3148141090485219
277, 225, -22.40000000000005, 585, 0.35460342863672567
278, 175, -17.399999999999977, 599, 1.9912589061743744
279, 225, -22.40000000000005, 624, 0.4365230642840128
280, 184, -18.29999999999999, 631, 0.3060496565816879
281, 225, -22.40000000000005, 617, 0.43268873025988874
282, 225, -22.40000000000005, 637, 0.30573181488169565
283, 225, -22.40000000000005, 651, 0.36604883495352025
284, 225, -22.40000000000005, 606, 0.39530583800957286
285, 225, -22.40000000000005, 623, 0.5510850722697374
286, 225, -22.40000000000005, 630, 0.3624193673135889
287, 225, -22.40000000000005, 617, 0.3871576988794301
288, 225, -22.40000000000005, 632, 0.5276205131497125
289, 193, -19.200000000000003, 672, 0.48022173618633035
290, 225, -22.40000000000005, 658, 0.6708711621381649
291, 110, -10.899999999999977, 674, 0.41302885345901164
292, 225, -22.40000000000005, 649, 0.4579245379975938
293, 141, -13.999999999999966, 684, 0.3124308362810049
294, 225, -22.40000000000005, 638, 0.4780568110221757
295, 225, -22.40000000000005, 631, 0.40743792982612703
296, 225, -22.40000000000005, 646, 0.3961829873740279
297, 111, -10.999999999999977, 657, 0.48866861457766086
298, 225, -22.40000000000005, 634, 0.517627158565988
299, 225, -22.40000000000005, 626, 0.3451136228078213
300, 225, -22.40000000000005, 641, 0.34164359453980603
301, 225, -22.40000000000005, 660, 0.44356301563808587
302, 225, -22.40000000000005, 672, 0.47538429606999233
303, 130, -12.89999999999997, 654, 0.37890033593685457
304, 225, -22.40000000000005, 682, 0.5569544076255819
305, 99, -9.799999999999981, 671, 0.35916925189389737
306, 225, -22.40000000000005, 653, 0.40404594822901374
307, 189, -18.799999999999997, 665, 0.22916348812537124
308, 225, -22.40000000000005, 719, 0.4067775019839912
309, 225, -22.40000000000005, 671, 0.4368366383060871
310, 225, -22.40000000000005, 680, 0.39396769771553153
311, 225, -22.40000000000005, 703, 0.5045969333706506
312, 167, -16.599999999999966, 697, 0.38346608624271794
313, 225, -22.40000000000005, 695, 0.559712385143621
314, 225, -22.40000000000005, 706, 0.6693461762122636
315, 88, -8.699999999999985, 664, 0.38326415216390863
316, 225, -22.40000000000005, 690, 0.33574444048025454
317, 213, -21.20000000000003, 685, 0.42669805080448553
318, 123, -12.199999999999973, 683, 0.29456259627265347
319, 191, -19.0, 709, 0.4604731218620812
320, 167, -16.599999999999966, 702, 0.3100374949635274
321, 225, -22.40000000000005, 726, 0.4577924644287521
322, 225, -22.40000000000005, 696, 0.5329006761523807
323, 225, -22.40000000000005, 685, 0.4295385353755603
324, 107, -10.599999999999978, 689, 0.3861136026573342
325, 225, -22.40000000000005, 677, 0.5493696400498074
326, 225, -22.40000000000005, 696, 0.4422336642059439
327, 223, -22.200000000000045, 692, 0.3796844860789643
328, 112, -11.099999999999977, 697, 0.3152877376590433
329, 225, -22.40000000000005, 709, 0.6731870674687066
330, 225, -22.40000000000005, 737, 0.40826984863921734
331, 225, -22.40000000000005, 708, 0.3074993506560232
332, 225, -22.40000000000005, 713, 0.5881593822056979
333, 97, -9.599999999999982, 684, 0.37703472965301454
334, 204, -20.30000000000002, 694, 0.391758292124317
335, 225, -22.40000000000005, 712, 0.4000431890991736
336, 225, -22.40000000000005, 710, 0.3951318595815523
337, 225, -22.40000000000005, 698, 0.3566683675722575
338, 225, -22.40000000000005, 745, 0.36265371495934384
339, 225, -22.40000000000005, 720, 0.4462901965102639
340, 225, -22.40000000000005, 752, 0.3364528063481873
341, 225, -22.40000000000005, 750, 0.38911479373957736
342, 225, -22.40000000000005, 706, 0.4371315665792226
343, 225, -22.40000000000005, 764, 2.129104339478103
344, 225, -22.40000000000005, 716, 0.3802736787392551
345, 159, -15.79999999999996, 697, 0.33228846439122806
346, 225, -22.40000000000005, 745, 0.3829508430236215
347, 225, -22.40000000000005, 776, 0.30820968871139076
348, 225, -22.40000000000005, 786, 0.3341765196730029
349, 225, -22.40000000000005, 748, 0.44298149196167835
350, 116, -11.499999999999975, 753, 0.22790286620539524
351, 147, -14.599999999999964, 742, 0.6028627326558704
352, 225, -22.40000000000005, 739, 0.31835793445436367
353, 225, -22.40000000000005, 775, 0.5144529226600163
354, 225, -22.40000000000005, 748, 0.32320962740177794
355, 225, -22.40000000000005, 753, 0.5408863196299567
356, 147, -14.599999999999964, 747, 0.3096124203650339
357, 92, -9.099999999999984, 722, 0.3877075243627701
358, 225, -22.40000000000005, 753, 0.3537722501291132
359, 225, -22.40000000000005, 758, 0.4132546703336111
360, 225, -22.40000000000005, 740, 0.4487651849618417
361, 176, -17.49999999999998, 742, 0.32079343500264446
362, 225, -22.40000000000005, 780, 0.3688090694470221
363, 154, -15.299999999999962, 788, 0.4516189689749035
364, 113, -11.199999999999976, 775, 0.3346698354018858
365, 225, -22.40000000000005, 756, 0.4488191610549168
366, 225, -22.40000000000005, 755, 0.33186758264280924
367, 178, -17.69999999999998, 748, 0.3377515494870721
368, 93, -9.199999999999983, 809, 0.49869231250438784
369, 225, -22.40000000000005, 757, 0.3668534308871303
370, 225, -22.40000000000005, 796, 0.3909536314822115
371, 103, -10.19999999999998, 786, 0.4937419912022385
372, 225, -22.40000000000005, 806, 0.3530022168784409
373, 66, -6.499999999999993, 798, 0.366138531526774
374, 126, -12.499999999999972, 790, 0.3740420038651746
375, 177, -17.59999999999998, 789, 0.4176047025372909
376, 225, -22.40000000000005, 816, 0.3005331300060834
377, 225, -22.40000000000005, 805, 0.35960188564975826
378, 225, -22.40000000000005, 782, 1.694062044423244
379, 225, -22.40000000000005, 789, 0.5194054546085195
380, 96, -9.499999999999982, 786, 0.3491982402403804
381, 151, -14.999999999999963, 803, 0.500542860318809
382, 170, -16.89999999999997, 804, 0.3251891899857564
383, 225, -22.40000000000005, 809, 0.4702219187182952
384, 111, -10.999999999999977, 793, 0.3100407528551625
385, 225, -22.40000000000005, 821, 0.4367831878299744
386, 225, -22.40000000000005, 804, 0.5033444380524816
387, 225, -22.40000000000005, 841, 0.3858103864996274
388, 194, -19.300000000000004, 824, 0.4865210076277888
389, 225, -22.40000000000005, 843, 0.4152532720422233
390, 199, -19.80000000000001, 803, 0.4109373433735901
391, 225, -22.40000000000005, 821, 1.732023737754976
392, 225, -22.40000000000005, 819, 0.3490404616218242
393, 225, -22.40000000000005, 821, 0.7251596006750913
394, 110, -10.899999999999977, 801, 0.3250147435537173
395, 88, -8.699999999999985, 829, 0.3818447931151403
396, 225, -22.40000000000005, 818, 0.33288493804910724
397, 181, -17.999999999999986, 809, 1.9030317898640456
398, 225, -22.40000000000005, 811, 0.5181216676620433
399, 118, -11.699999999999974, 799, 0.47011722722818905
400, 225, -22.40000000000005, 813, 0.4331009660143368
401, 225, -22.40000000000005, 837, 0.35402877868160276
402, 225, -22.40000000000005, 868, 0.43441274931232243
403, 199, -19.80000000000001, 858, 0.3238616055882886
404, 225, -22.40000000000005, 832, 0.38631941377315404
405, 225, -22.40000000000005, 853, 0.3711260723999694
406, 75, -7.39999999999999, 818, 0.32898704463011974
407, 225, -22.40000000000005, 837, 0.5661822746467848
408, 214, -21.300000000000033, 885, 0.5165681313505424
409, 194, -19.300000000000004, 840, 0.4125551821177873
410, 225, -22.40000000000005, 890, 0.443286130367452
411, 225, -22.40000000000005, 831, 1.7499213269194522
412, 225, -22.40000000000005, 834, 0.4302571878020469
413, 132, -13.09999999999997, 858, 0.4975732316810817
414, 207, -20.600000000000023, 856, 0.24573528034644276
415, 225, -22.40000000000005, 842, 0.33966187709828843
416, 225, -22.40000000000005, 862, 0.36892106513634015
417, 225, -22.40000000000005, 882, 0.6139109808436035
418, 225, -22.40000000000005, 837, 0.3587704952763735
419, 164, -16.29999999999996, 857, 0.35907137889260476
420, 225, -22.40000000000005, 854, 0.61013146911219
421, 221, -22.000000000000043, 848, 0.3129030688948413
422, 117, -11.599999999999975, 867, 0.4450921114430071
423, 225, -22.40000000000005, 890, 0.48003452931649493
424, 145, -14.399999999999965, 851, 0.3097594253317104
425, 122, -12.099999999999973, 874, 0.39312979825383865
426, 134, -13.299999999999969, 903, 0.356631773342035
427, 118, -11.699999999999974, 885, 0.394500779825492
428, 225, -22.40000000000005, 859, 0.5400995407103413
429, 183, -18.19999999999999, 849, 0.30984711764356554
430, 225, -22.40000000000005, 862, 0.22882625382980004
431, 146, -14.499999999999964, 885, 0.3825079521385448
432, 225, -22.40000000000005, 856, 0.23189812294521728
433, 225, -22.40000000000005, 905, 0.34989586337975354
434, 108, -10.699999999999978, 864, 0.3433950172796329
435, 201, -20.000000000000014, 894, 0.39607366965422086
436, 225, -22.40000000000005, 889, 0.39732869620267364
437, 225, -22.40000000000005, 861, 0.37510778011790213
438, 225, -22.40000000000005, 893, 0.41501822211226
439, 225, -22.40000000000005, 910, 0.38729841512366003
440, 148, -14.699999999999964, 867, 0.40856627480273877
441, 225, -22.40000000000005, 919, 0.3338176880108681
442, 195, -19.400000000000006, 910, 0.27317975930755045
443, 225, -22.40000000000005, 897, 0.4463991070025515
444, 151, -14.999999999999963, 887, 0.32427721736910886
445, 225, -22.40000000000005, 941, 0.540313374079747
446, 225, -22.40000000000005, 925, 0.4101993270243671
447, 84, -8.299999999999986, 916, 0.34624362886938
448, 143, -14.199999999999966, 951, 0.34328210252521885
449, 225, -22.40000000000005, 903, 0.515070228422339
450, 225, -22.40000000000005, 921, 0.5146676061221381
451, 225, -22.40000000000005, 893, 0.42575400218629134
452, 224, -22.300000000000047, 911, 0.5789640798931177
453, 225, -22.40000000000005, 893, 0.29667583705980016
454, 135, -13.399999999999968, 951, 0.2871777703111582
455, 225, -22.40000000000005, 933, 0.34966878986520356
456, 192, -19.1, 961, 0.3982489560678619
457, 110, -10.899999999999977, 922, 0.4539328759564598
458, 209, -20.800000000000026, 925, 0.3423683138020084
459, 225, -22.40000000000005, 937, 0.2503212477053882
460, 225, -22.40000000000005, 955, 0.43164021952814746
461, 225, -22.40000000000005, 923, 0.35372175743526635
462, 119, -11.799999999999974, 946, 0.3619479403371447
463, 181, -17.999999999999986, 906, 0.2659959050555343
464, 225, -22.40000000000005, 969, 0.4108187012383371
465, 225, -22.40000000000005, 964, 0.2817391870383017
466, 225, -22.40000000000005, 974, 0.4067149579752576
467, 167, -16.599999999999966, 940, 1.9016846749609657
468, 73, -7.19999999999999, 910, 0.3576788604772503
469, 225, -22.40000000000005, 960, 0.3367437827444113
470, 152, -15.099999999999962, 966, 0.3829599264071808
471, 225, -22.40000000000005, 977, 0.42552019416378606
472, 112, -11.099999999999977, 947, 0.4492305978190667
473, 212, -21.10000000000003, 942, 0.4872725510422624
474, 225, -22.40000000000005, 939, 0.3071303542942321
475, 225, -22.40000000000005, 975, 0.4113941168369994
476, 225, -22.40000000000005, 963, 0.3663617935438195
477, 225, -22.40000000000005, 936, 0.2644333316161851
478, 225, -22.40000000000005, 966, 0.3631195985144764
479, 225, -22.40000000000005, 973, 0.31792661675655776
480, 111, -10.999999999999977, 989, 0.32655970202168216
481, 225, -22.40000000000005, 968, 0.3705295303813556
482, 129, -12.79999999999997, 1000, 0.4706387800738372
483, 225, -22.40000000000005, 976, 1.3774349839930284
484, 225, -22.40000000000005, 968, 0.46089944139118666
485, 225, -22.40000000000005, 978, 0.6235604799241181
486, 225, -22.40000000000005, 978, 0.25658775312164805
487, 225, -22.40000000000005, 987, 0.6061401029067524
488, 147, -14.599999999999964, 973, 0.3988377135001664
489, 225, -22.40000000000005, 996, 0.30674778998095376
490, 225, -22.40000000000005, 997, 0.3709321747132468
491, 202, -20.100000000000016, 1023, 0.27694134256754466
492, 166, -16.499999999999964, 968, 0.4032354729779506
493, 225, -22.40000000000005, 996, 0.3417324590782411
494, 225, -22.40000000000005, 987, 0.35668810344427726
495, 225, -22.40000000000005, 1008, 0.38268596668213295
496, 225, -22.40000000000005, 992, 0.4003014296662315
497, 225, -22.40000000000005, 992, 0.39951404151867775
498, 214, -21.300000000000033, 982, 0.5543438234169531
499, 138, -13.699999999999967, 990, 0.7911888575987045
500, 183, -18.19999999999999, 1010, 0.4382043489195664
501, 220, -21.90000000000004, 1048, 0.32707751501972515
502, 223, -22.200000000000045, 1005, 0.48401850943189784
503, 225, -22.40000000000005, 1018, 0.4248903104671733
504, 77, -7.599999999999989, 1067, 0.3317938803625946
505, 209, -20.800000000000026, 1062, 1.4501438239685993
506, 224, -22.300000000000047, 1002, 0.45180563468869983
507, 158, -15.69999999999996, 996, 0.47284894879357897
508, 225, -22.40000000000005, 1041, 0.6231055524349149
509, 217, -21.600000000000037, 1035, 0.30857875674144375
510, 137, -13.599999999999968, 1025, 1.3186077999861148
511, 225, -22.40000000000005, 995, 0.3642469645424704
512, 126, -12.499999999999972, 1039, 1.8467494001841975
513, 225, -22.40000000000005, 1041, 0.35072558823963784
514, 225, -22.40000000000005, 1054, 0.3112250437519486
515, 225, -22.40000000000005, 1026, 0.41656576713723525
516, 225, -22.40000000000005, 1043, 0.3339029491629968
517, 225, -22.40000000000005, 1014, 0.3326616697749103
518, 174, -17.299999999999976, 1029, 0.33097152946353914
519, 90, -8.899999999999984, 1000, 0.2813221227842613
520, 225, -22.40000000000005, 1078, 0.45643466678447275
521, 225, -22.40000000000005, 1068, 0.3447407082384464
522, 207, -20.600000000000023, 1056, 0.34446514501351055
523, 225, -22.40000000000005, 1078, 0.36521502201695477
524, 225, -22.40000000000005, 1064, 0.3926261901151662
525, 225, -22.40000000000005, 1082, 0.3324078853163761
526, 214, -21.300000000000033, 1045, 2.1740490485748656
527, 104, -10.29999999999998, 1078, 0.3444860403140466
528, 225, -22.40000000000005, 1032, 0.5082387983844758
529, 182, -18.099999999999987, 1072, 0.5766824966867796
530, 225, -22.40000000000005, 1079, 0.3758147322169436
531, 211, -21.00000000000003, 1105, 0.40976680309911284
532, 225, -22.40000000000005, 1021, 0.3653842818702939
533, 225, -22.40000000000005, 1055, 0.3550482285166483
534, 225, -22.40000000000005, 1076, 0.4846621503550259
535, 135, -13.399999999999968, 1081, 0.24811607195198748
536, 220, -21.90000000000004, 1045, 0.46102879607141634
537, 120, -11.899999999999974, 1069, 0.32741510778608873
538, 225, -22.40000000000005, 1098, 0.581313355599471
539, 174, -17.299999999999976, 1080, 0.38835849576774
540, 225, -22.40000000000005, 1072, 0.18041729532030581
541, 225, -22.40000000000005, 1065, 0.4287293063529565
542, 158, -15.69999999999996, 1080, 0.354538147732844
543, 225, -22.40000000000005, 1137, 0.2581590021360003
544, 225, -22.40000000000005, 1077, 0.5229076092278317
545, 116, -11.499999999999975, 1097, 0.4608950121775761
546, 175, -17.399999999999977, 1080, 1.8716410769058358
547, 172, -17.099999999999973, 1055, 0.4699307390281773
548, 101, -9.99999999999998, 1058, 0.3461725469920447
549, 225, -22.40000000000005, 1087, 0.6245802708907933
550, 90, -8.899999999999984, 1082, 0.33419332604629126
551, 225, -22.40000000000005, 1112, 0.4128901533649689
552, 171, -16.99999999999997, 1070, 0.40905267512282717
553, 225, -22.40000000000005, 1080, 0.3170483485682507
554, 225, -22.40000000000005, 1063, 0.4152660447314882
555, 225, -22.40000000000005, 1083, 0.5188537099103017
556, 94, -9.299999999999983, 1079, 0.3925414311844544
557, 225, -22.40000000000005, 1092, 0.4164946692517453
558, 225, -22.40000000000005, 1097, 0.38751552679786916
559, 225, -22.40000000000005, 1110, 0.40432245166748304
560, 225, -22.40000000000005, 1125, 0.33661519981034305
561, 225, -22.40000000000005, 1110, 0.389438343713183
562, 225, -22.40000000000005, 1128, 0.4499335600425813
563, 225, -22.40000000000005, 1101, 0.47896859626509336
564, 225, -22.40000000000005, 1101, 0.41496930892539385
565, 225, -22.40000000000005, 1114, 0.3768816354197381
566, 225, -22.40000000000005, 1089, 0.5023802620951998
567, 225, -22.40000000000005, 1142, 0.7283900023333978
568, 145, -14.399999999999965, 1109, 0.4576478919101161
569, 89, -8.799999999999985, 1112, 0.28487843296275783
570, 225, -22.40000000000005, 1119, 0.31594903680506947
571, 144, -14.299999999999965, 1148, 0.37585468380611387
572, 225, -22.40000000000005, 1119, 0.20049756203329427
573, 225, -22.40000000000005, 1138, 0.3912202184100031
574, 225, -22.40000000000005, 1120, 0.50635276386835
575, 165, -16.399999999999963, 1114, 0.34579704649864995
576, 89, -8.799999999999985, 1113, 0.2763286790331405
577, 225, -22.40000000000005, 1137, 1.8637198864002833
578, 137, -13.599999999999968, 1093, 0.5484137280485868
579, 194, -19.300000000000004, 1174, 1.9794222336303438
580, 105, -10.399999999999979, 1171, 0.29069686867103095
581, 101, -9.99999999999998, 1143, 0.3449639730466827
582, 225, -22.40000000000005, 1165, 0.33472004344460315
583, 225, -22.40000000000005, 1143, 0.44672808605094216
584, 123, -12.199999999999973, 1119, 0.4438015427202293
585, 225, -22.40000000000005, 1132, 0.24909370994667657
586, 136, -13.499999999999968, 1174, 0.406571907306037
587, 225, -22.40000000000005, 1133, 0.44044840933100504
588, 225, -22.40000000000005, 1151, 0.35409425669565975
589, 225, -22.40000000000005, 1167, 1.897207799425241
590, 225, -22.40000000000005, 1192, 0.3727930220052109
591, 225, -22.40000000000005, 1150, 0.562633126942873
592, 99, -9.799999999999981, 1171, 0.5392842775635396
593, 225, -22.40000000000005, 1143, 0.24653645135856417
594, 225, -22.40000000000005, 1154, 1.8385307393819668
595, 225, -22.40000000000005, 1202, 0.32837334588659894
596, 225, -22.40000000000005, 1177, 0.2933860988085577
597, 111, -10.999999999999977, 1170, 0.3339395730704915
598, 225, -22.40000000000005, 1200, 0.30728930109123054
599, 225, -22.40000000000005, 1241, 0.3875243071070129
600, 89, -8.799999999999985, 1180, 0.37287693338610506
601, 225, -22.40000000000005, 1172, 0.4128068182908251
602, 225, -22.40000000000005, 1175, 0.41482532645561987
603, 225, -22.40000000000005, 1201, 0.4078298224822614
604, 225, -22.40000000000005, 1192, 0.4248712329092519
605, 225, -22.40000000000005, 1196, 0.27145411261568064
606, 205, -20.40000000000002, 1203, 0.38910722047734614
607, 225, -22.40000000000005, 1199, 0.5151227305253119
608, 225, -22.40000000000005, 1215, 0.5245480901237378
609, 225, -22.40000000000005, 1192, 0.4121563356787794
610, 225, -22.40000000000005, 1191, 0.3554109355871239
611, 225, -22.40000000000005, 1248, 0.30915616153018566
612, 178, -17.69999999999998, 1209, 0.44527732799724173
613, 225, -22.40000000000005, 1257, 0.6702395450709142
614, 215, -21.400000000000034, 1183, 0.32646329688798836
615, 110, -10.899999999999977, 1216, 0.29389576751650504
616, 141, -13.999999999999966, 1188, 0.43047748519625606
617, 91, -8.999999999999984, 1204, 0.45664070989533956
618, 225, -22.40000000000005, 1218, 0.5588211583874063
619, 198, -19.70000000000001, 1203, 0.3633386135947718
620, 225, -22.40000000000005, 1212, 0.38395916792013196
621, 225, -22.40000000000005, 1212, 0.4956087919367733
622, 225, -22.40000000000005, 1194, 0.44301517796303225
623, 225, -22.40000000000005, 1197, 0.29661007299608844
624, 121, -11.999999999999973, 1248, 0.35000104393928533
625, 225, -22.40000000000005, 1225, 0.4160373552751704
626, 225, -22.40000000000005, 1256, 0.4612485499176566
627, 225, -22.40000000000005, 1264, 0.5589205785221236
628, 225, -22.40000000000005, 1200, 0.47447704302198046
629, 225, -22.40000000000005, 1230, 0.33033711959473644
630, 225, -22.40000000000005, 1232, 0.3812666877071311
631, 132, -13.09999999999997, 1243, 0.2950393606063082
632, 225, -22.40000000000005, 1196, 0.4287797328296714
633, 94, -9.299999999999983, 1262, 0.5258351286776914
634, 225, -22.40000000000005, 1232, 0.3588492117564468
635, 225, -22.40000000000005, 1225, 0.29974323461909114
636, 225, -22.40000000000005, 1279, 0.3448100678508612
637, 148, -14.699999999999964, 1278, 0.4073620341986435
638, 225, -22.40000000000005, 1245, 0.4356220868885008
639, 225, -22.40000000000005, 1265, 0.4195720998323138
640, 121, -11.999999999999973, 1237, 0.43509613696088834
641, 225, -22.40000000000005, 1275, 0.4114619154758752
642, 109, -10.799999999999978, 1257, 2.014514178349677
643, 218, -21.70000000000004, 1263, 0.3945349406580472
644, 225, -22.40000000000005, 1226, 0.5557534979911543
645, 225, -22.40000000000005, 1239, 0.4073664195532021
646, 104, -10.29999999999998, 1245, 0.3701034502098337
647, 136, -13.499999999999968, 1279, 0.3541928333099178
648, 225, -22.40000000000005, 1259, 0.4969976039145396
649, 225, -22.40000000000005, 1264, 0.4439188750541707
650, 97, -9.599999999999982, 1264, 0.3541117241897902
651, 102, -10.09999999999998, 1239, 0.46182032826603425
652, 225, -22.40000000000005, 1231, 0.3279453658398428
653, 91, -8.999999999999984, 1282, 0.41023112031303377
654, 225, -22.40000000000005, 1271, 0.3983544817922273
655, 141, -13.999999999999966, 1308, 0.27828600494561617
656, 225, -22.40000000000005, 1270, 0.3560299350390778
657, 214, -21.300000000000033, 1253, 0.5073320537684007
658, 152, -15.099999999999962, 1332, 0.3629929057492589
659, 225, -22.40000000000005, 1251, 0.3413481766674682
660, 207, -20.600000000000023, 1322, 0.467129889645963
661, 225, -22.40000000000005, 1295, 0.41322729576004535
662, 209, -20.800000000000026, 1306, 0.46682792057922695
663, 225, -22.40000000000005, 1291, 0.3462317434184652
664, 225, -22.40000000000005, 1307, 1.768588642438392
665, 225, -22.40000000000005, 1287, 0.321456906735731
666, 165, -16.399999999999963, 1306, 0.5155298478931476
667, 166, -16.499999999999964, 1292, 0.31231757628484197
668, 119, -11.799999999999974, 1296, 0.4705780258418102
669, 140, -13.899999999999967, 1279, 0.4292663594584676
670, 225, -22.40000000000005, 1290, 0.39794253413218517
671, 225, -22.40000000000005, 1335, 0.43160031100644014
672, 225, -22.40000000000005, 1326, 0.4562676450737082
673, 101, -9.99999999999998, 1296, 0.2986553705203363
674, 134, -13.299999999999969, 1283, 0.36392955773375624
675, 120, -11.899999999999974, 1291, 0.5695950792875082
676, 225, -22.40000000000005, 1264, 0.5985271483152954
677, 154, -15.299999999999962, 1317, 0.3416300382527133
678, 124, -12.299999999999972, 1316, 0.43762532683078836
679, 225, -22.40000000000005, 1310, 0.3998448787607116
680, 225, -22.40000000000005, 1337, 1.6791398580961596
681, 225, -22.40000000000005, 1319, 0.3103817909924309
682, 225, -22.40000000000005, 1329, 0.49773181623994933
683, 225, -22.40000000000005, 1329, 1.9041070494178873
684, 225, -22.40000000000005, 1415, 0.35654493014236976
685, 225, -22.40000000000005, 1340, 0.2784438394769584
686, 225, -22.40000000000005, 1326, 0.4050054222313464
687, 225, -22.40000000000005, 1300, 0.3360462319792027
688, 205, -20.40000000000002, 1330, 0.46329532306747057
689, 225, -22.40000000000005, 1295, 0.351825737022742
690, 165, -16.399999999999963, 1320, 0.3232906845169805
691, 127, -12.599999999999971, 1337, 0.5843371629912846
692, 225, -22.40000000000005, 1329, 0.4669749178292144
693, 225, -22.40000000000005, 1353, 0.30485737809424274
694, 225, -22.40000000000005, 1327, 0.3917608812728366
695, 225, -22.40000000000005, 1323, 0.33633910019146684
696, 202, -20.100000000000016, 1349, 0.4112966832392124
697, 157, -15.59999999999996, 1341, 0.48907301462425723
698, 135, -13.399999999999968, 1347, 0.39146947954764677
699, 225, -22.40000000000005, 1359, 0.36923762239350344
700, 206, -20.50000000000002, 1367, 0.4706850924317345
701, 225, -22.40000000000005, 1293, 0.36171507528685654
702, 225, -22.40000000000005, 1342, 0.6794857555331522
703, 225, -22.40000000000005, 1341, 0.36574695938089974
704, 206, -20.50000000000002, 1351, 0.5210263561820625
705, 225, -22.40000000000005, 1376, 1.8945408685338008
706, 225, -22.40000000000005, 1362, 0.45137817900932453
707, 173, -17.199999999999974, 1367, 0.4100778782952226
708, 225, -22.40000000000005, 1405, 0.5489205462521669
709, 225, -22.40000000000005, 1418, 0.43015631943688737
710, 148, -14.699999999999964, 1388, 0.37522319987956654
711, 225, -22.40000000000005, 1377, 1.779596820778587
712, 65, -6.399999999999993, 1440, 0.384637847842908
713, 118, -11.699999999999974, 1376, 0.3640505573153172
714, 225, -22.40000000000005, 1387, 0.4323636171890761
715, 225, -22.40000000000005, 1421, 1.7308762085722889
716, 215, -21.400000000000034, 1380, 0.32181421747679995
717, 225, -22.40000000000005, 1380, 0.2679854378520454
718, 102, -10.09999999999998, 1411, 0.29883846360743016
719, 225, -22.40000000000005, 1403, 0.45617300934026694
720, 225, -22.40000000000005, 1387, 0.3496688897416518
721, 186, -18.499999999999993, 1449, 0.5264193441687697
722, 157, -15.59999999999996, 1413, 0.30176581614877085
723, 225, -22.40000000000005, 1383, 0.3290250022459933
724, 225, -22.40000000000005, 1421, 0.4628779412961852
725, 225, -22.40000000000005, 1386, 0.41620870280358213
726, 194, -19.300000000000004, 1369, 0.4175180843542985
727, 225, -22.40000000000005, 1398, 0.3686857645632752
728, 225, -22.40000000000005, 1417, 0.43935601187561857
729, 194, -19.300000000000004, 1380, 0.3710966380427574
730, 201, -20.000000000000014, 1423, 0.44166975879033554
731, 225, -22.40000000000005, 1430, 0.3681979747472659
732, 225, -22.40000000000005, 1432, 0.38669375991881383
733, 139, -13.799999999999967, 1401, 0.27456941432165927
734, 225, -22.40000000000005, 1434, 0.254766025863669
735, 212, -21.10000000000003, 1426, 0.32524921226438197
736, 204, -20.30000000000002, 1404, 0.33022843936608726
737, 94, -9.299999999999983, 1419, 0.3329367802518379
738, 181, -17.999999999999986, 1418, 0.3028492582840987
739, 117, -11.599999999999975, 1391, 0.43334084749746427
740, 175, -17.399999999999977, 1381, 0.42468607720948337
741, 225, -22.40000000000005, 1406, 2.0049028246537253
742, 218, -21.70000000000004, 1413, 0.3810300862777094
743, 225, -22.40000000000005, 1474, 0.5595998405673392
744, 197, -19.60000000000001, 1430, 1.6455514812188754
745, 124, -12.299999999999972, 1413, 0.425028512715496
746, 225, -22.40000000000005, 1446, 0.3672610487351724
747, 225, -22.40000000000005, 1417, 0.35923118774818663
748, 225, -22.40000000000005, 1427, 0.3677777301369023
749, 225, -22.40000000000005, 1409, 0.3482939295494383
750, 225, -22.40000000000005, 1444, 0.4826902775943638
751, 69, -6.799999999999992, 1442, 0.27402715144349266
752, 225, -22.40000000000005, 1436, 0.44007952427420793
753, 225, -22.40000000000005, 1442, 0.2794831280843191
754, 225, -22.40000000000005, 1467, 0.30708589155091626
755, 225, -22.40000000000005, 1413, 0.35309236023737767
756, 225, -22.40000000000005, 1424, 1.6904020869191847
757, 225, -22.40000000000005, 1413, 0.4169556608176799
758, 225, -22.40000000000005, 1417, 0.3273998438097159
759, 225, -22.40000000000005, 1467, 0.49148986804480144
760, 225, -22.40000000000005, 1436, 0.3970444529441841
761, 134, -13.299999999999969, 1444, 0.3332128524511919
762, 225, -22.40000000000005, 1427, 0.2357167504783919
763, 120, -11.899999999999974, 1450, 0.4387500892297478
764, 225, -22.40000000000005, 1477, 0.3928591508550685
765, 225, -22.40000000000005, 1458, 0.29308065921972193
766, 186, -18.499999999999993, 1441, 0.3212700608706527
767, 193, -19.200000000000003, 1512, 0.3689089814814588
768, 160, -15.89999999999996, 1495, 0.44318130566620084
769, 188, -18.699999999999996, 1464, 0.4993003017661206
770, 225, -22.40000000000005, 1503, 0.3350572348110359
771, 217, -21.600000000000037, 1512, 0.4076588381470674
772, 188, -18.699999999999996, 1436, 0.36754477853690615
773, 124, -12.299999999999972, 1539, 0.37106072170801596
774, 225, -22.40000000000005, 1505, 0.32775116869439114
775, 94, -9.299999999999983, 1457, 0.5113915240701719
776, 225, -22.40000000000005, 1473, 0.4378005594065817
777, 145, -14.399999999999965, 1439, 0.3434543122984346
778, 225, -22.40000000000005, 1506, 1.868377197707929
779, 152, -15.099999999999962, 1496, 0.45109210939922195
780, 225, -22.40000000000005, 1490, 0.40690165893889785
781, 225, -22.40000000000005, 1498, 0.38151937934114244
782, 225, -22.40000000000005, 1526, 0.3954695030671225
783, 225, -22.40000000000005, 1526, 0.40132403734521604
784, 106, -10.499999999999979, 1499, 0.43838966505214805
785, 99, -9.799999999999981, 1494, 0.40307358975988494
786, 225, -22.40000000000005, 1507, 0.43326809151042234
787, 225, -22.40000000000005, 1507, 0.42787649506168424
788, 63, -6.199999999999994, 1509, 0.26919952924107937
789, 128, -12.69999999999997, 1490, 0.3889003039260288
790, 225, -22.40000000000005, 1483, 0.2870763630879045
791, 204, -20.30000000000002, 1525, 0.44558662411824024
792, 143, -14.199999999999966, 1521, 0.44370397983153387
793, 225, -22.40000000000005, 1559, 0.29383897015566385
794, 225, -22.40000000000005, 1529, 2.402812694036339
795, 225, -22.40000000000005, 1488, 0.3367913213194442
796, 225, -22.40000000000005, 1519, 0.42897351927484073
797, 175, -17.399999999999977, 1525, 0.3273602768657755
798, 173, -17.199999999999974, 1552, 0.2985717528514571
799, 225, -22.40000000000005, 1522, 0.432014685967435
800, 68, -6.699999999999992, 1537, 0.34759528877121526
801, 225, -22.40000000000005, 1588, 0.4304482506685716
802, 126, -12.499999999999972, 1555, 1.8218391946542534
803, 225, -22.40000000000005, 1541, 0.564280239280071
804, 225, -22.40000000000005, 1493, 0.37381017261801874
805, 100, -9.89999999999998, 1526, 0.3011835523698645
806, 225, -22.40000000000005, 1514, 0.5595952805030857
807, 225, -22.40000000000005, 1545, 0.3150044138931909
808, 225, -22.40000000000005, 1589, 0.34867388081726336
809, 225, -22.40000000000005, 1534, 0.43828419907031657
810, 225, -22.40000000000005, 1550, 0.3503708432859014
811, 182, -18.099999999999987, 1560, 0.4507146232036723
812, 210, -20.900000000000027, 1529, 0.3539102459338743
813, 107, -10.599999999999978, 1499, 0.3143566882819362
814, 225, -22.40000000000005, 1562, 0.44746563918457727
815, 225, -22.40000000000005, 1570, 0.4406239224997859
816, 225, -22.40000000000005, 1524, 0.304381667993066
817, 225, -22.40000000000005, 1514, 1.5939174555085254
818, 225, -22.40000000000005, 1581, 0.5322107557738556
819, 225, -22.40000000000005, 1568, 0.3732748844427136
820, 225, -22.40000000000005, 1532, 0.39882095455971034
821, 225, -22.40000000000005, 1576, 0.3190721277898354
822, 225, -22.40000000000005, 1545, 0.3615148014559799
823, 225, -22.40000000000005, 1568, 0.3225884215931501
824, 225, -22.40000000000005, 1551, 0.3436925172440217
825, 225, -22.40000000000005, 1560, 2.122042728706589
826, 225, -22.40000000000005, 1617, 0.30993913327713063
827, 158, -15.69999999999996, 1624, 0.451692618820855
828, 154, -15.299999999999962, 1567, 0.44979182538449325
829, 225, -22.40000000000005, 1609, 0.7203888579050179
830, 99, -9.799999999999981, 1564, 0.31128502570871586
831, 225, -22.40000000000005, 1585, 0.5913314203346283
832, 225, -22.40000000000005, 1574, 0.3081663845049838
833, 164, -16.29999999999996, 1585, 0.4205778832426317
834, 225, -22.40000000000005, 1516, 0.33354801772033
835, 225, -22.40000000000005, 1565, 0.3349640748522642
836, 172, -17.099999999999973, 1546, 0.3780227669938352
837, 225, -22.40000000000005, 1595, 0.5027675189355594
838, 225, -22.40000000000005, 1602, 0.39937658208516025
839, 225, -22.40000000000005, 1598, 0.3577898950898601
840, 225, -22.40000000000005, 1552, 0.3897267400763744
841, 135, -13.399999999999968, 1623, 0.30918536953187936
842, 123, -12.199999999999973, 1549, 0.4594321763530962
843, 130, -12.89999999999997, 1552, 0.3278254830629992
844, 225, -22.40000000000005, 1582, 0.5171658598904822
845, 137, -13.599999999999968, 1589, 0.3651418485373219
846, 113, -11.199999999999976, 1588, 0.3830057277829759
847, 117, -11.599999999999975, 1654, 0.48682296498473576
848, 152, -15.099999999999962, 1617, 1.7041300605166838
849, 225, -22.40000000000005, 1578, 0.4613671804585464
850, 157, -15.59999999999996, 1622, 0.44510903880383523
851, 225, -22.40000000000005, 1624, 0.7170994518393861
852, 225, -22.40000000000005, 1625, 0.4179806892819322
853, 225, -22.40000000000005, 1601, 0.3881666744212182
854, 225, -22.40000000000005, 1604, 0.4678587230249551
855, 225, -22.40000000000005, 1635, 0.3688258055621725
856, 225, -22.40000000000005, 1604, 0.41203613453884014
857, 225, -22.40000000000005, 1636, 0.5195995943033822
858, 225, -22.40000000000005, 1641, 0.3530231592896782
859, 85, -8.399999999999986, 1619, 0.2999162336011506
860, 225, -22.40000000000005, 1637, 0.48962130659143055
861, 225, -22.40000000000005, 1642, 0.32208503062794547
862, 200, -19.900000000000013, 1636, 0.367067930769887
863, 148, -14.699999999999964, 1679, 0.49199397405415213
864, 225, -22.40000000000005, 1602, 0.39864911428378846
865, 225, -22.40000000000005, 1605, 0.4699677029555014
866, 225, -22.40000000000005, 1679, 0.4992563232904139
867, 118, -11.699999999999974, 1635, 0.3539648200606076
868, 99, -9.799999999999981, 1645, 0.37465926981140063
869, 188, -18.699999999999996, 1681, 1.7677824675552856
870, 225, -22.40000000000005, 1679, 0.421534744510601
871, 147, -14.599999999999964, 1635, 0.31282451482852824
872, 225, -22.40000000000005, 1594, 0.3938674014632575
873, 225, -22.40000000000005, 1641, 0.3633111917669072
874, 225, -22.40000000000005, 1626, 0.4006351842723017
875, 225, -22.40000000000005, 1660, 0.42475324321358476
876, 161, -15.99999999999996, 1711, 0.335615173300313
877, 225, -22.40000000000005, 1684, 0.4077306893539878
878, 225, -22.40000000000005, 1659, 0.4165802314097977
879, 225, -22.40000000000005, 1668, 0.3301879822414968
880, 225, -22.40000000000005, 1717, 0.3253296127733387
881, 135, -13.399999999999968, 1627, 0.5042757806770743
882, 225, -22.40000000000005, 1684, 0.3739051023802151
883, 225, -22.40000000000005, 1675, 0.3332487925248011
884, 225, -22.40000000000005, 1660, 0.3579888794490975
885, 125, -12.399999999999972, 1664, 0.3972074662066085
886, 183, -18.19999999999999, 1645, 0.29087805290816204
887, 225, -22.40000000000005, 1689, 0.5336114206464999
888, 225, -22.40000000000005, 1737, 0.33586243297558416
889, 115, -11.399999999999975, 1708, 0.4431314379908138
890, 225, -22.40000000000005, 1652, 2.0003231583118897
891, 225, -22.40000000000005, 1646, 2.005450928103209
892, 225, -22.40000000000005, 1645, 0.2853490551865816
893, 129, -12.79999999999997, 1666, 0.3451021836620731
894, 225, -22.40000000000005, 1726, 0.38632061765724846
895, 179, -17.799999999999983, 1648, 0.2794913199742688
896, 225, -22.40000000000005, 1703, 0.3922212580768023
897, 196, -19.500000000000007, 1657, 0.4419178456784274
898, 225, -22.40000000000005, 1703, 0.29211924223414876
899, 225, -22.40000000000005, 1715, 0.25490123026601075
900, 142, -14.099999999999966, 1739, 0.3659043532739077
901, 119, -11.799999999999974, 1702, 0.285005767492184
902, 187, -18.599999999999994, 1763, 0.3281304977829902
903, 225, -22.40000000000005, 1677, 0.562838928055112
904, 202, -20.100000000000016, 1699, 0.41502909615362094
905, 173, -17.199999999999974, 1687, 0.46071901578116714
906, 144, -14.299999999999965, 1752, 0.4108515039711629
907, 120, -11.899999999999974, 1721, 1.987015714664775
908, 225, -22.40000000000005, 1715, 0.47550626624103975
909, 210, -20.900000000000027, 1698, 0.3184522476200302
910, 139, -13.799999999999967, 1754, 0.3815593306611309
911, 225, -22.40000000000005, 1722, 0.42540028440125655
912, 225, -22.40000000000005, 1703, 0.37761824234194696
913, 174, -17.299999999999976, 1725, 0.23616823458705882
914, 225, -22.40000000000005, 1769, 0.45465391273102185
915, 225, -22.40000000000005, 1714, 0.41512800446375975
916, 193, -19.200000000000003, 1744, 0.3985148098968905
917, 225, -22.40000000000005, 1725, 0.3907230681113154
918, 108, -10.699999999999978, 1763, 0.3559458346027058
919, 146, -14.499999999999964, 1696, 0.3027830556173625
920, 164, -16.29999999999996, 1737, 0.41514894174922023
921, 137, -13.599999999999968, 1722, 0.4154639692558124
922, 225, -22.40000000000005, 1735, 0.48376566793524134
923, 225, -22.40000000000005, 1753, 0.4544795681424001
924, 225, -22.40000000000005, 1696, 0.3591348045746505
925, 225, -22.40000000000005, 1722, 0.3488594450914366
926, 137, -13.599999999999968, 1730, 0.40758635811155286
927, 225, -22.40000000000005, 1710, 0.3105959609636031
928, 113, -11.199999999999976, 1739, 0.30655177186540516
929, 178, -17.69999999999998, 1746, 0.3744276567045867
930, 138, -13.699999999999967, 1695, 0.5226710582972893
931, 225, -22.40000000000005, 1731, 0.30291369289772785
932, 117, -11.599999999999975, 1770, 0.3196730449960603
933, 225, -22.40000000000005, 1783, 0.42667344977302646
934, 225, -22.40000000000005, 1764, 0.40292662000194235
935, 136, -13.499999999999968, 1777, 0.33787352731344544
936, 225, -22.40000000000005, 1755, 0.388951849160341
937, 225, -22.40000000000005, 1763, 0.3394720791729293
938, 189, -18.799999999999997, 1742, 0.3275131224944885
939, 225, -22.40000000000005, 1745, 0.5108863961827796
940, 225, -22.40000000000005, 1725, 0.38467166161358657
941, 223, -22.200000000000045, 1789, 0.48761389795499355
942, 193, -19.200000000000003, 1811, 0.36480734393544445
943, 225, -22.40000000000005, 1766, 0.5077656397310593
944, 79, -7.799999999999988, 1745, 0.5829129351503506
945, 147, -14.599999999999964, 1786, 0.3855921792840702
946, 225, -22.40000000000005, 1800, 0.3557364696037495
947, 225, -22.40000000000005, 1778, 0.30490078930244513
948, 225, -22.40000000000005, 1803, 0.4019863077864967
949, 184, -18.29999999999999, 1740, 0.48803812337639396
950, 86, -8.499999999999986, 1757, 0.4423881166723991
951, 225, -22.40000000000005, 1794, 0.38599102763670556
952, 225, -22.40000000000005, 1753, 0.323089194163656
953, 200, -19.900000000000013, 1760, 0.5856087044984504
954, 225, -22.40000000000005, 1799, 0.5679784446075238
955, 225, -22.40000000000005, 1813, 0.37597754067873057
956, 225, -22.40000000000005, 1854, 0.627058430473387
957, 209, -20.800000000000026, 1836, 0.6467665916742074
958, 77, -7.599999999999989, 1821, 0.37708180180558415
959, 225, -22.40000000000005, 1821, 0.3514069271707041
960, 154, -15.299999999999962, 1778, 0.30544274562554996
961, 158, -15.69999999999996, 1815, 0.38360504612233104
962, 225, -22.40000000000005, 1832, 0.3881961722586067
963, 224, -22.300000000000047, 1787, 0.39873255882691483
964, 225, -22.40000000000005, 1805, 0.3273803897943304
965, 141, -13.999999999999966, 1837, 0.45129747101820805
966, 225, -22.40000000000005, 1803, 0.31645898274002393
967, 86, -8.499999999999986, 1796, 0.5121150330177096
968, 225, -22.40000000000005, 1847, 0.44449746433288606
969, 87, -8.599999999999985, 1830, 0.39792793303165985
970, 150, -14.899999999999963, 1814, 0.42878521747549136
971, 225, -22.40000000000005, 1805, 0.409725419215607
972, 225, -22.40000000000005, 1775, 2.0387684583636947
973, 179, -17.799999999999983, 1823, 0.36123539210148947
974, 225, -22.40000000000005, 1800, 0.3839264322891207
975, 225, -22.40000000000005, 1825, 0.40388679222136625
976, 225, -22.40000000000005, 1808, 0.4556013969187944
977, 167, -16.599999999999966, 1828, 0.4839071399829744
978, 80, -7.899999999999988, 1853, 0.3973138489940733
979, 225, -22.40000000000005, 1844, 0.39446210227944256
980, 225, -22.40000000000005, 1825, 0.49857111866180825
981, 210, -20.900000000000027, 1860, 0.3616448297627268
982, 225, -22.40000000000005, 1882, 0.2543592177036569
983, 225, -22.40000000000005, 1822, 0.41656938833444634
984, 139, -13.799999999999967, 1841, 0.4478906097746771
985, 225, -22.40000000000005, 1856, 0.47452431654129423
986, 225, -22.40000000000005, 1828, 0.4989446286164334
987, 225, -22.40000000000005, 1871, 0.526816452157082
988, 225, -22.40000000000005, 1827, 0.36311023639366624
989, 137, -13.599999999999968, 1799, 0.40418115617558836
990, 225, -22.40000000000005, 1762, 0.3416343470244074
991, 225, -22.40000000000005, 1848, 0.38048975476141456
992, 225, -22.40000000000005, 1830, 0.48560221099931544
993, 225, -22.40000000000005, 1928, 0.42679438753172727
994, 88, -8.699999999999985, 1787, 0.24015519278615516
995, 225, -22.40000000000005, 1872, 0.2327755076458522
996, 225, -22.40000000000005, 1920, 0.3825420854728856
997, 225, -22.40000000000005, 1831, 0.4816363950347844
998, 225, -22.40000000000005, 1867, 0.5155678521691249
999, 225, -22.40000000000005, 1879, 0.3991017152447851
1000, 225, -22.40000000000005, 1839, 0.5657235179395461
