Episode, Steps, Reward, Time (in milliseconds), Convergence
1, 225, -22.40000000000005, 27, 0.11133781405764903
2, 225, -22.40000000000005, 38, 0.10841256579617553
3, 225, -22.40000000000005, 40, 0.9760293374654911
4, 225, -22.40000000000005, 47, 0.11660837474183883
5, 225, -22.40000000000005, 73, 0.10432001186360185
6, 225, -22.40000000000005, 72, 0.9396047392411979
7, 225, -22.40000000000005, 80, 0.9136800575782253
8, 225, -22.40000000000005, 82, 0.09661249972516073
9, 225, -22.40000000000005, 85, 0.11066078517445432
10, 225, -22.40000000000005, 108, 0.10375914749051796
11, 225, -22.40000000000005, 95, 0.09831573547717004
12, 225, -22.40000000000005, 105, 0.10845660894689191
13, 225, -22.40000000000005, 105, 0.10393888687604702
14, 225, -22.40000000000005, 110, 0.09758851097512067
15, 225, -22.40000000000005, 115, 0.156311406764992
16, 225, -22.40000000000005, 133, 0.10515456516830213
17, 225, -22.40000000000005, 133, 0.09523197369764369
18, 225, -22.40000000000005, 122, 0.09488339648654792
19, 225, -22.40000000000005, 123, 0.12531934399101158
20, 225, -22.40000000000005, 139, 0.17046260750521447
21, 225, -22.40000000000005, 120, 0.0881129080946006
22, 225, -22.40000000000005, 136, 0.08894758282036896
23, 225, -22.40000000000005, 134, 0.08397465051291286
24, 225, -22.40000000000005, 149, 0.09388041585778106
25, 225, -22.40000000000005, 152, 0.12885635961212882
26, 225, -22.40000000000005, 148, 0.09383163294317431
27, 225, -22.40000000000005, 154, 0.10274015295427086
28, 225, -22.40000000000005, 151, 0.11755367785251791
29, 225, -22.40000000000005, 154, 0.1319348913454248
30, 225, -22.40000000000005, 161, 0.11697505100409494
31, 215, -21.400000000000034, 164, 0.0968546235931329
32, 225, -22.40000000000005, 159, 0.9838046937914702
33, 225, -22.40000000000005, 158, 0.08334102762781503
34, 225, -22.40000000000005, 166, 0.11944981747096162
35, 225, -22.40000000000005, 176, 0.18309963935464513
36, 225, -22.40000000000005, 163, 0.128630018309202
37, 225, -22.40000000000005, 178, 0.3539742266099375
38, 225, -22.40000000000005, 175, 0.14001672686729227
39, 225, -22.40000000000005, 173, 0.12873989470863734
40, 225, -22.40000000000005, 180, 0.10944266265486635
41, 225, -22.40000000000005, 192, 0.16955806054025846
42, 225, -22.40000000000005, 189, 0.12883228877561637
43, 225, -22.40000000000005, 192, 0.11494224995183955
44, 225, -22.40000000000005, 189, 0.136956207595743
45, 169, -16.79999999999997, 193, 0.07576508543322591
46, 225, -22.40000000000005, 182, 0.1430292581262116
47, 190, -18.9, 194, 0.11606119085630956
48, 140, -13.899999999999967, 191, 0.10586269245771907
49, 84, -8.299999999999986, 193, 0.09951461171423914
50, 138, -13.699999999999967, 201, 0.09660021964784615
51, 225, -22.40000000000005, 193, 0.12097607964571444
52, 89, -8.799999999999985, 198, 0.1168589694665918
53, 225, -22.40000000000005, 198, 0.1245260823076777
54, 225, -22.40000000000005, 203, 0.14194446616611645
55, 225, -22.40000000000005, 208, 0.1756959496603867
56, 92, -9.099999999999984, 218, 0.16966056204213853
57, 225, -22.40000000000005, 215, 0.14490828627110286
58, 225, -22.40000000000005, 210, 0.121488482987274
59, 180, -17.899999999999984, 209, 0.12159008244259084
60, 201, -20.000000000000014, 210, 0.13819386726531674
61, 130, -12.89999999999997, 205, 0.10530649177957574
62, 59, -5.799999999999995, 210, 0.08605380491940973
63, 225, -22.40000000000005, 216, 0.12912690447470088
64, 190, -18.9, 211, 0.08757244414500498
65, 162, -16.09999999999996, 221, 0.14726997972305367
66, 225, -22.40000000000005, 217, 0.11523102445704908
67, 225, -22.40000000000005, 215, 0.1482577329336553
68, 225, -22.40000000000005, 218, 0.13812733888711382
69, 225, -22.40000000000005, 215, 0.13148138529576825
70, 52, -5.099999999999998, 230, 0.17109439508143787
71, 97, -9.599999999999982, 227, 0.0992416358596504
72, 132, -13.09999999999997, 222, 0.15018706232552237
73, 71, -6.999999999999991, 230, 0.12728696712965348
74, 98, -9.699999999999982, 214, 0.11850778572772414
75, 114, -11.299999999999976, 228, 0.10928954771490496
76, 110, -10.899999999999977, 231, 0.12806943551751904
77, 152, -15.099999999999962, 223, 1.0073973918191717
78, 94, -9.299999999999983, 239, 0.2079306074087497
79, 143, -14.199999999999966, 230, 0.11695259560895988
80, 70, -6.8999999999999915, 235, 0.13409499907056777
81, 225, -22.40000000000005, 228, 0.1811900058396898
82, 51, -4.999999999999998, 223, 0.17807494278321445
83, 89, -8.799999999999985, 239, 0.11262949020526314
84, 110, -10.899999999999977, 236, 0.15472076096631926
85, 144, -14.299999999999965, 238, 0.11749029047936266
86, 69, -6.799999999999992, 245, 0.0777300579730329
87, 225, -22.40000000000005, 238, 0.11213441422433545
88, 65, -6.399999999999993, 236, 0.1074954836205908
89, 225, -22.40000000000005, 247, 0.151834269719616
90, 216, -21.500000000000036, 236, 0.13764520600771868
91, 79, -7.799999999999988, 232, 0.11985548854054495
92, 130, -12.89999999999997, 238, 0.10889967589763594
93, 52, -5.099999999999998, 250, 0.12719328327609247
94, 99, -9.799999999999981, 237, 0.11839400383409826
95, 67, -6.5999999999999925, 260, 0.12497097835295756
96, 165, -16.399999999999963, 237, 0.15816229923937597
97, 66, -6.499999999999993, 245, 0.13662352464252336
98, 77, -7.599999999999989, 241, 0.12187907526114428
99, 51, -4.999999999999998, 248, 0.13309099635526067
100, 72, -7.099999999999991, 243, 0.13009337445697955
101, 151, -14.999999999999963, 251, 0.1926357808543373
102, 67, -6.5999999999999925, 245, 0.16972310167788063
103, 60, -5.899999999999995, 254, 0.14153772125385894
104, 71, -6.999999999999991, 240, 0.14273513964657064
105, 82, -8.099999999999987, 255, 0.09391937618893209
106, 49, -4.799999999999999, 257, 0.12102262958905419
107, 112, -11.099999999999977, 262, 0.18621291935013584
108, 96, -9.499999999999982, 254, 0.14696237713359217
109, 225, -22.40000000000005, 256, 0.13496488071746127
110, 119, -11.799999999999974, 253, 0.11047340632283786
111, 57, -5.599999999999996, 263, 0.12567459559307448
112, 225, -22.40000000000005, 250, 0.16196074102682378
113, 60, -5.899999999999995, 266, 0.08230422858619857
114, 101, -9.99999999999998, 252, 0.1268202975647328
115, 87, -8.599999999999985, 267, 0.1314378608085116
116, 96, -9.499999999999982, 257, 0.12536841865648185
117, 55, -5.399999999999997, 265, 0.10097256472103089
118, 124, -12.299999999999972, 261, 0.13656903881978355
119, 79, -7.799999999999988, 267, 0.10635640335025354
120, 115, -11.399999999999975, 270, 0.12455742600252906
121, 158, -15.69999999999996, 266, 0.14602273078313477
122, 84, -8.299999999999986, 276, 0.15263667057047264
123, 120, -11.899999999999974, 260, 0.11357980298482451
124, 133, -13.199999999999969, 270, 0.16357554255867823
125, 104, -10.29999999999998, 262, 0.1320205325574877
126, 57, -5.599999999999996, 272, 0.13606873598010782
127, 66, -6.499999999999993, 272, 0.13417265769692222
128, 51, -4.999999999999998, 269, 0.14092543921124512
129, 65, -6.399999999999993, 265, 0.1593936102934297
130, 110, -10.899999999999977, 276, 0.15928151360689125
131, 115, -11.399999999999975, 269, 0.1401151864508572
132, 64, -6.299999999999994, 287, 0.15098459461690306
133, 80, -7.899999999999988, 280, 0.1687788177737244
134, 130, -12.89999999999997, 274, 0.11437349436195277
135, 55, -5.399999999999997, 278, 0.11255388611450368
136, 52, -5.099999999999998, 276, 0.14791895923627996
137, 47, -4.6, 268, 0.2061071170978046
138, 56, -5.4999999999999964, 271, 0.09533475030732186
139, 56, -5.4999999999999964, 279, 0.15061444697047777
140, 65, -6.399999999999993, 273, 0.17124963102092283
141, 60, -5.899999999999995, 279, 0.1676523209574854
142, 68, -6.699999999999992, 278, 0.12558088426814495
143, 107, -10.599999999999978, 280, 0.11111060932830874
144, 82, -8.099999999999987, 281, 0.13848362779365808
145, 93, -9.199999999999983, 281, 0.08701068729068528
146, 57, -5.599999999999996, 284, 0.11949159821963184
147, 225, -22.40000000000005, 283, 0.16795715855893523
148, 121, -11.999999999999973, 287, 0.13137909772629186
149, 70, -6.8999999999999915, 281, 0.16880638886997756
150, 56, -5.4999999999999964, 284, 0.14175774366086014
151, 225, -22.40000000000005, 271, 0.19456915161855637
152, 130, -12.89999999999997, 280, 0.12788104480762197
153, 86, -8.499999999999986, 285, 0.13627071494079068
154, 76, -7.499999999999989, 292, 0.19362931933224126
155, 53, -5.1999999999999975, 287, 0.10215288808809309
156, 79, -7.799999999999988, 291, 0.10934998056510181
157, 56, -5.4999999999999964, 288, 0.1612684550479857
158, 118, -11.699999999999974, 293, 0.13085844355925458
159, 225, -22.40000000000005, 288, 0.10100095819210209
160, 76, -7.499999999999989, 303, 0.17504146294698542
161, 225, -22.40000000000005, 296, 0.18455720244931162
162, 178, -17.69999999999998, 294, 0.12966322384032059
163, 54, -5.299999999999997, 294, 0.1367683590295643
164, 75, -7.39999999999999, 293, 0.1819661530657295
165, 68, -6.699999999999992, 302, 0.11765729443970752
166, 58, -5.699999999999996, 283, 0.11349315674297067
167, 199, -19.80000000000001, 299, 0.11761633481495215
168, 63, -6.199999999999994, 297, 0.17430944396848047
169, 104, -10.29999999999998, 301, 0.10921165523289966
170, 54, -5.299999999999997, 308, 0.13718375670497174
171, 91, -8.999999999999984, 300, 0.17704443352470545
172, 71, -6.999999999999991, 298, 0.1570949598279392
173, 54, -5.299999999999997, 294, 0.13947563312918554
174, 129, -12.79999999999997, 313, 0.14700298761310915
175, 52, -5.099999999999998, 302, 0.1686830225625311
176, 109, -10.799999999999978, 299, 0.16556622815330835
177, 64, -6.299999999999994, 305, 0.10091592043773545
178, 151, -14.999999999999963, 304, 0.13873256749838753
179, 69, -6.799999999999992, 299, 0.11139409296547065
180, 50, -4.899999999999999, 306, 0.15822822757119237
181, 80, -7.899999999999988, 307, 0.10199626869587863
182, 72, -7.099999999999991, 301, 0.19620026131276647
183, 58, -5.699999999999996, 316, 0.14987115726506683
184, 71, -6.999999999999991, 305, 0.11981836761474562
185, 60, -5.899999999999995, 305, 0.11562450772863775
186, 52, -5.099999999999998, 306, 0.15944999130706794
187, 73, -7.19999999999999, 318, 0.16416378299955126
188, 73, -7.19999999999999, 309, 0.14400363710806108
189, 76, -7.499999999999989, 310, 0.1332672978967192
190, 164, -16.29999999999996, 315, 0.15429173154398823
191, 62, -6.099999999999994, 307, 0.11255552806245817
192, 50, -4.899999999999999, 320, 0.21786884594008926
193, 65, -6.399999999999993, 319, 0.19160467880644738
194, 59, -5.799999999999995, 317, 0.13529458260638183
195, 74, -7.29999999999999, 323, 0.17770360117678474
196, 138, -13.699999999999967, 323, 0.19177583022736222
197, 57, -5.599999999999996, 311, 0.1319122469494688
198, 54, -5.299999999999997, 316, 0.10203026790828451
199, 74, -7.29999999999999, 317, 0.17601453816330226
200, 130, -12.89999999999997, 322, 0.10622524346984275
201, 82, -8.099999999999987, 320, 0.17348796515373355
202, 99, -9.799999999999981, 323, 0.13960210335349643
203, 68, -6.699999999999992, 318, 0.09544252724159485
204, 144, -14.299999999999965, 327, 0.28896093979878756
205, 70, -6.8999999999999915, 323, 0.14076204826625816
206, 128, -12.69999999999997, 328, 0.12352836193626926
207, 56, -5.4999999999999964, 319, 0.19116233677166283
208, 134, -13.299999999999969, 314, 0.1309749414475978
209, 100, -9.89999999999998, 334, 0.13752266813978553
210, 49, -4.799999999999999, 335, 0.11191154685932192
211, 117, -11.599999999999975, 321, 0.22005614054327038
212, 109, -10.799999999999978, 325, 0.19227823874324468
213, 74, -7.29999999999999, 324, 0.16384048519037986
214, 86, -8.499999999999986, 328, 0.33351189529081315
215, 126, -12.499999999999972, 333, 0.1346258169400727
216, 155, -15.399999999999961, 325, 0.14258549375197127
217, 140, -13.899999999999967, 332, 0.2219296957209571
218, 178, -17.69999999999998, 324, 0.1199436639329634
219, 62, -6.099999999999994, 323, 0.122007327888081
220, 144, -14.299999999999965, 322, 0.12918436246940956
221, 62, -6.099999999999994, 333, 0.10797563579952274
222, 119, -11.799999999999974, 326, 0.13199557602357315
223, 103, -10.19999999999998, 333, 0.1489681634119795
224, 55, -5.399999999999997, 334, 0.1418271342577535
225, 72, -7.099999999999991, 332, 0.16444622556769084
226, 129, -12.79999999999997, 325, 0.19284549349377667
227, 69, -6.799999999999992, 331, 0.16652590175187987
228, 138, -13.699999999999967, 325, 0.10876404791415961
229, 58, -5.699999999999996, 331, 0.1562760868597859
230, 48, -4.699999999999999, 340, 0.15299547699131089
231, 103, -10.19999999999998, 348, 0.15969634329043858
232, 51, -4.999999999999998, 332, 0.13828885137419455
233, 85, -8.399999999999986, 343, 0.1400407359355036
234, 124, -12.299999999999972, 337, 0.15154956850247148
235, 77, -7.599999999999989, 341, 0.1332649709903435
236, 225, -22.40000000000005, 350, 0.13773074226015303
237, 116, -11.499999999999975, 336, 0.17100668681846953
238, 116, -11.499999999999975, 345, 0.10957069936536801
239, 78, -7.699999999999989, 355, 0.14675984391083619
240, 101, -9.99999999999998, 348, 0.12158187330066261
241, 83, -8.199999999999987, 349, 0.193126809022508
242, 83, -8.199999999999987, 353, 0.12274143157847672
243, 225, -22.40000000000005, 352, 0.16043089325188475
244, 90, -8.899999999999984, 352, 0.1567311461193781
245, 163, -16.19999999999996, 350, 0.15283777062620452
246, 49, -4.799999999999999, 350, 0.17500501712201944
247, 135, -13.399999999999968, 361, 0.12002676810118729
248, 96, -9.499999999999982, 346, 0.13100750463307964
249, 225, -22.40000000000005, 347, 0.12060084566926049
250, 97, -9.599999999999982, 340, 0.1340716086881109
251, 70, -6.8999999999999915, 355, 0.19306318730206584
252, 209, -20.800000000000026, 350, 0.13864559786093933
253, 78, -7.699999999999989, 360, 0.1853563274732135
254, 97, -9.599999999999982, 355, 0.12813453200907043
255, 120, -11.899999999999974, 354, 0.13912331579550186
256, 60, -5.899999999999995, 367, 0.1741408958089079
257, 70, -6.8999999999999915, 358, 0.18767313320819223
258, 75, -7.39999999999999, 352, 0.13657664369070055
259, 121, -11.999999999999973, 369, 0.17571129805462915
260, 75, -7.39999999999999, 357, 0.11836163938584043
261, 66, -6.499999999999993, 370, 0.1208112276671296
262, 83, -8.199999999999987, 355, 0.12160330947017273
263, 73, -7.19999999999999, 359, 0.15897292885391767
264, 58, -5.699999999999996, 357, 0.13463692366039792
265, 112, -11.099999999999977, 361, 0.20361589135657132
266, 47, -4.6, 363, 0.12818751890746727
267, 76, -7.499999999999989, 378, 0.18079971644167947
268, 174, -17.299999999999976, 369, 0.10062655234452844
269, 98, -9.699999999999982, 364, 0.17993518571421974
270, 75, -7.39999999999999, 376, 0.13548779195303373
271, 58, -5.699999999999996, 381, 0.1327065543007686
272, 61, -5.999999999999995, 367, 0.17231435217254099
273, 106, -10.499999999999979, 372, 0.11936924583117003
274, 69, -6.799999999999992, 381, 0.1458270678414808
275, 74, -7.29999999999999, 371, 0.15297202697622347
276, 62, -6.099999999999994, 377, 0.17420283518501467
277, 55, -5.399999999999997, 371, 0.1550209710869025
278, 58, -5.699999999999996, 379, 0.17775869472011996
279, 188, -18.699999999999996, 392, 0.24051016813875514
280, 225, -22.40000000000005, 377, 0.12834331231151963
281, 54, -5.299999999999997, 381, 0.1647525676170134
282, 67, -6.5999999999999925, 378, 0.13421461494880682
283, 57, -5.599999999999996, 378, 0.17828519770791318
284, 77, -7.599999999999989, 373, 0.13093008566883002
285, 86, -8.499999999999986, 378, 0.15892826914532332
286, 59, -5.799999999999995, 382, 0.15895278832714688
287, 55, -5.399999999999997, 383, 0.12449570463071336
288, 82, -8.099999999999987, 381, 0.21635919134528647
289, 48, -4.699999999999999, 379, 0.1084241189905506
290, 81, -7.999999999999988, 377, 0.17618112278865106
291, 130, -12.89999999999997, 386, 0.15598248640585433
292, 94, -9.299999999999983, 387, 0.16014383584145664
293, 186, -18.499999999999993, 386, 0.17745513120056633
294, 111, -10.999999999999977, 377, 0.19935212255368084
295, 77, -7.599999999999989, 383, 0.16701456346893018
296, 62, -6.099999999999994, 388, 0.14158300464229034
297, 66, -6.499999999999993, 384, 0.18471578809283196
298, 89, -8.799999999999985, 386, 0.17096455797101107
299, 153, -15.199999999999962, 380, 0.1480973653437485
300, 76, -7.499999999999989, 384, 0.11486602263076051
301, 225, -22.40000000000005, 398, 0.1434560999162635
302, 63, -6.199999999999994, 397, 0.12411993602557159
303, 85, -8.399999999999986, 389, 0.13931509029240985
304, 114, -11.299999999999976, 397, 0.14806271679672545
305, 62, -6.099999999999994, 378, 0.12926145544535528
306, 96, -9.499999999999982, 404, 0.15318107664420122
307, 74, -7.29999999999999, 396, 0.18880027693522816
308, 64, -6.299999999999994, 386, 0.13383315463785905
309, 52, -5.099999999999998, 396, 0.12685485748414216
310, 148, -14.699999999999964, 389, 0.13460297665678578
311, 72, -7.099999999999991, 398, 1.198197926266825
312, 197, -19.60000000000001, 397, 0.1324571461753502
313, 90, -8.899999999999984, 385, 0.18343975782434807
314, 61, -5.999999999999995, 399, 0.09916092246020458
315, 73, -7.19999999999999, 396, 0.127820804120637
316, 60, -5.899999999999995, 397, 0.11217084184117043
317, 155, -15.399999999999961, 394, 0.1699231301034696
318, 167, -16.599999999999966, 394, 0.13638838853864055
319, 97, -9.599999999999982, 395, 0.17960543481736718
320, 100, -9.89999999999998, 411, 0.18982476190569786
321, 82, -8.099999999999987, 401, 0.1492205027158625
322, 80, -7.899999999999988, 409, 0.1598723937236426
323, 55, -5.399999999999997, 397, 0.16190522208213887
324, 112, -11.099999999999977, 408, 0.18405450407208757
325, 148, -14.699999999999964, 412, 0.12602685946421888
326, 54, -5.299999999999997, 400, 0.09546870934500218
327, 66, -6.499999999999993, 408, 0.13103598265311556
328, 97, -9.599999999999982, 393, 0.10027020739227765
329, 70, -6.8999999999999915, 416, 0.24368152968719148
330, 73, -7.19999999999999, 401, 0.17637713575550595
331, 64, -6.299999999999994, 411, 0.19954997687326692
332, 61, -5.999999999999995, 406, 0.20969670481971425
333, 53, -5.1999999999999975, 401, 0.17859377200699011
334, 84, -8.299999999999986, 421, 0.11555598332763894
335, 48, -4.699999999999999, 409, 0.12790515694281668
336, 90, -8.899999999999984, 417, 0.18332472092518515
337, 65, -6.399999999999993, 411, 0.181569411590353
338, 221, -22.000000000000043, 411, 0.12644922062369046
339, 49, -4.799999999999999, 402, 0.17768318433056507
340, 59, -5.799999999999995, 419, 0.13099250761553033
341, 120, -11.899999999999974, 421, 0.15645599455943593
342, 82, -8.099999999999987, 416, 0.14276131496675953
343, 176, -17.49999999999998, 417, 0.1635721672854591
344, 57, -5.599999999999996, 410, 0.1536532550966656
345, 58, -5.699999999999996, 411, 0.13858234740338915
346, 65, -6.399999999999993, 426, 0.1512179744509038
347, 68, -6.699999999999992, 414, 0.12017618213587111
348, 66, -6.499999999999993, 422, 0.18651276084289448
349, 54, -5.299999999999997, 431, 0.14853772274637
350, 69, -6.799999999999992, 431, 0.1341796566415172
351, 73, -7.19999999999999, 421, 0.1400840577547684
352, 213, -21.20000000000003, 409, 0.17812093730967327
353, 91, -8.999999999999984, 424, 0.12299601231856683
354, 67, -6.5999999999999925, 423, 0.11646213890842638
355, 59, -5.799999999999995, 433, 0.1531278892490957
356, 81, -7.999999999999988, 429, 0.12818770279463365
357, 59, -5.799999999999995, 426, 0.10130091675076469
358, 93, -9.199999999999983, 423, 0.15043284821466418
359, 67, -6.5999999999999925, 426, 0.15380605042361362
360, 53, -5.1999999999999975, 440, 0.12763031978856842
361, 90, -8.899999999999984, 420, 0.11245812550616563
362, 157, -15.59999999999996, 430, 0.1429924174373789
363, 62, -6.099999999999994, 428, 0.1181687639032103
364, 72, -7.099999999999991, 429, 0.12456348932724337
365, 71, -6.999999999999991, 434, 0.20349274844582954
366, 105, -10.399999999999979, 419, 0.17587682763846013
367, 71, -6.999999999999991, 428, 0.20227253586510408
368, 108, -10.699999999999978, 427, 0.1701112630812025
369, 65, -6.399999999999993, 432, 0.11567067380380047
370, 78, -7.699999999999989, 441, 0.1769024623324955
371, 56, -5.4999999999999964, 432, 0.12396910795947536
372, 51, -4.999999999999998, 433, 0.1442032621631042
373, 60, -5.899999999999995, 445, 0.13629410313840085
374, 48, -4.699999999999999, 438, 0.10224942450956132
375, 55, -5.399999999999997, 425, 0.15348895481343983
376, 68, -6.699999999999992, 443, 0.11562215133509035
377, 62, -6.099999999999994, 426, 0.13963519726203444
378, 64, -6.299999999999994, 439, 0.1353730640508548
379, 45, -4.4, 433, 0.12792329912659106
380, 121, -11.999999999999973, 445, 0.13473203858565264
381, 162, -16.09999999999996, 446, 0.130942217185833
382, 50, -4.899999999999999, 441, 0.1361827347332374
383, 141, -13.999999999999966, 446, 0.192279360639255
384, 97, -9.599999999999982, 437, 0.13010742589807034
385, 72, -7.099999999999991, 444, 0.14818469729851813
386, 148, -14.699999999999964, 444, 0.1672445222406268
387, 82, -8.099999999999987, 441, 0.13961520298708052
388, 105, -10.399999999999979, 446, 0.13316359633416308
389, 79, -7.799999999999988, 448, 0.12620851587596427
390, 73, -7.19999999999999, 455, 0.21601130733998364
391, 63, -6.199999999999994, 449, 0.12922278961853362
392, 97, -9.599999999999982, 461, 0.22525899736639232
393, 61, -5.999999999999995, 445, 0.11584929732949062
394, 127, -12.599999999999971, 455, 0.12619844021044946
395, 47, -4.6, 456, 0.15508975686065374
396, 103, -10.19999999999998, 437, 0.1519963634314765
397, 120, -11.899999999999974, 446, 0.11076544621807194
398, 87, -8.599999999999985, 470, 0.16105301574135278
399, 68, -6.699999999999992, 456, 0.13569081627782653
400, 46, -4.5, 442, 0.18155643785096331
401, 56, -5.4999999999999964, 466, 0.1480146892858727
402, 70, -6.8999999999999915, 447, 0.16260537521575302
403, 102, -10.09999999999998, 459, 0.09519477044664137
404, 112, -11.099999999999977, 456, 0.17623357337242634
405, 76, -7.499999999999989, 463, 0.12378285253736854
406, 225, -22.40000000000005, 468, 0.12558119737346152
407, 50, -4.899999999999999, 449, 0.17200603987037466
408, 66, -6.499999999999993, 448, 0.098350270410617
409, 169, -16.79999999999997, 454, 0.24092758998750163
410, 70, -6.8999999999999915, 461, 0.12117438133567124
411, 61, -5.999999999999995, 460, 0.14079252699060163
412, 75, -7.39999999999999, 475, 0.11314090895557483
413, 92, -9.099999999999984, 465, 0.12205455224883877
414, 225, -22.40000000000005, 460, 0.19542237027189824
415, 50, -4.899999999999999, 449, 0.16039762515545997
416, 109, -10.799999999999978, 473, 0.15140391683547993
417, 59, -5.799999999999995, 455, 0.19296631034925538
418, 66, -6.499999999999993, 457, 0.1270034620407321
419, 55, -5.399999999999997, 467, 0.13295228627339784
420, 122, -12.099999999999973, 464, 0.15708384502547457
421, 53, -5.1999999999999975, 461, 0.1422029478535558
422, 57, -5.599999999999996, 470, 0.09941679009503801
423, 54, -5.299999999999997, 460, 0.20040718973557148
424, 77, -7.599999999999989, 459, 0.14605714584493867
425, 67, -6.5999999999999925, 460, 0.13761451263040936
426, 49, -4.799999999999999, 477, 0.15278203509119948
427, 91, -8.999999999999984, 476, 0.13703028999705724
428, 164, -16.29999999999996, 464, 0.14997453659571003
429, 101, -9.99999999999998, 474, 0.14029874715244262
430, 49, -4.799999999999999, 465, 0.10446074154256108
431, 116, -11.499999999999975, 474, 0.10093828881901601
432, 72, -7.099999999999991, 479, 0.1421685655556708
433, 102, -10.09999999999998, 474, 0.1963116047944442
434, 225, -22.40000000000005, 480, 0.12444756271034318
435, 73, -7.19999999999999, 480, 0.12784726926983314
436, 58, -5.699999999999996, 474, 0.1244600315266553
437, 94, -9.299999999999983, 479, 0.10538747560974926
438, 52, -5.099999999999998, 480, 0.1334376493085485
439, 59, -5.799999999999995, 474, 0.12674861241276125
440, 137, -13.599999999999968, 485, 0.1614171055016267
441, 85, -8.399999999999986, 483, 0.12946855635480936
442, 90, -8.899999999999984, 478, 0.12407550694937619
443, 88, -8.699999999999985, 477, 0.18220136421955813
444, 81, -7.999999999999988, 487, 0.1948382724267672
445, 57, -5.599999999999996, 483, 0.13253817768206932
446, 83, -8.199999999999987, 481, 0.15756821273502042
447, 70, -6.8999999999999915, 485, 0.1777689636699551
448, 61, -5.999999999999995, 488, 0.1517586416733554
449, 76, -7.499999999999989, 477, 0.138347699241526
450, 61, -5.999999999999995, 488, 0.1586407759964943
451, 75, -7.39999999999999, 484, 0.14813591490070177
452, 181, -17.999999999999986, 485, 0.13471139617812433
453, 98, -9.699999999999982, 479, 0.14420982531181747
454, 80, -7.899999999999988, 491, 0.13535598865120768
455, 225, -22.40000000000005, 495, 0.1376740503927203
456, 108, -10.699999999999978, 487, 0.18674512863058101
457, 211, -21.00000000000003, 486, 0.13001407309123048
458, 100, -9.89999999999998, 494, 0.12250567338203155
459, 49, -4.799999999999999, 496, 0.11661224083464106
460, 128, -12.69999999999997, 491, 0.15462501189094047
461, 88, -8.699999999999985, 495, 0.13340048763348464
462, 93, -9.199999999999983, 504, 0.12999473908518516
463, 66, -6.499999999999993, 498, 0.16871124787662836
464, 62, -6.099999999999994, 497, 0.15649736772751527
465, 113, -11.199999999999976, 496, 0.14139963353548213
466, 155, -15.399999999999961, 508, 0.20005368695194914
467, 60, -5.899999999999995, 488, 0.13286734842176595
468, 62, -6.099999999999994, 504, 0.13499022381380188
469, 60, -5.899999999999995, 493, 0.14431957630669734
470, 89, -8.799999999999985, 512, 0.12959047236814802
471, 49, -4.799999999999999, 503, 0.15548790809780844
472, 218, -21.70000000000004, 504, 0.11445441774662068
473, 100, -9.89999999999998, 502, 0.14271086088636764
474, 58, -5.699999999999996, 495, 0.13523396444472713
475, 59, -5.799999999999995, 515, 0.15486077430333856
476, 171, -16.99999999999997, 516, 0.17423853529110644
477, 192, -19.1, 490, 0.15428992994430857
478, 66, -6.499999999999993, 509, 0.15232855114642319
479, 85, -8.399999999999986, 503, 0.1985989876046379
480, 91, -8.999999999999984, 504, 0.15306222949851023
481, 51, -4.999999999999998, 495, 0.16898528351538378
482, 69, -6.799999999999992, 503, 0.1488904284709407
483, 108, -10.699999999999978, 509, 0.09197142003347158
484, 55, -5.399999999999997, 505, 0.15077504635548378
485, 83, -8.199999999999987, 495, 0.13611140496073304
486, 78, -7.699999999999989, 508, 0.10248631295877875
487, 172, -17.099999999999973, 505, 0.14297283800300553
488, 70, -6.8999999999999915, 524, 0.11669749574234922
489, 62, -6.099999999999994, 503, 0.12260869561617227
490, 200, -19.900000000000013, 523, 0.15085566307010634
491, 59, -5.799999999999995, 507, 0.1374148857537374
492, 87, -8.599999999999985, 521, 0.12900193531555182
493, 66, -6.499999999999993, 509, 0.14046411692003663
494, 151, -14.999999999999963, 518, 0.1535442354751595
495, 77, -7.599999999999989, 525, 0.1465045901097104
496, 59, -5.799999999999995, 525, 0.1679067515120649
497, 76, -7.499999999999989, 523, 0.13351096792005812
498, 74, -7.29999999999999, 535, 0.18946371870529832
499, 52, -5.099999999999998, 526, 0.1769229626480926
500, 95, -9.399999999999983, 523, 0.1480695928477287
501, 119, -11.799999999999974, 527, 0.13064185019926572
502, 76, -7.499999999999989, 524, 0.11690362811653637
503, 178, -17.69999999999998, 534, 0.16606069795471612
504, 67, -6.5999999999999925, 519, 0.1745700687092091
505, 101, -9.99999999999998, 520, 0.13855208649367334
506, 102, -10.09999999999998, 531, 0.19878888124137606
507, 53, -5.1999999999999975, 521, 0.0851562015220877
508, 68, -6.699999999999992, 522, 0.1751009350961381
509, 225, -22.40000000000005, 535, 0.14486459816189878
510, 95, -9.399999999999983, 519, 0.13357671013768607
511, 90, -8.899999999999984, 533, 0.13245671859347796
512, 55, -5.399999999999997, 521, 0.12022341317822427
513, 76, -7.499999999999989, 536, 0.18234616346061472
514, 51, -4.999999999999998, 525, 0.18027206727140133
515, 89, -8.799999999999985, 523, 0.1693629212818092
516, 176, -17.49999999999998, 524, 0.12235733197282966
517, 167, -16.599999999999966, 534, 0.11727373198538782
518, 76, -7.499999999999989, 531, 0.16648509222196606
519, 132, -13.09999999999997, 531, 0.21033163662367294
520, 60, -5.899999999999995, 530, 0.13021974683554793
521, 84, -8.299999999999986, 538, 0.10307812613583112
522, 74, -7.29999999999999, 537, 0.20394351769793317
523, 166, -16.499999999999964, 530, 0.13217645855277516
524, 164, -16.29999999999996, 542, 0.12399583402846792
525, 72, -7.099999999999991, 538, 0.12212303526177659
526, 89, -8.799999999999985, 534, 0.1193506452373263
527, 54, -5.299999999999997, 525, 0.17065543040885345
528, 53, -5.1999999999999975, 543, 0.15350788615016298
529, 79, -7.799999999999988, 532, 0.1499050129447883
530, 225, -22.40000000000005, 543, 0.08693694679929154
531, 43, -4.200000000000001, 538, 0.17896874501298488
532, 143, -14.199999999999966, 549, 0.12755224606145626
533, 109, -10.799999999999978, 546, 0.10985664956016317
534, 56, -5.4999999999999964, 543, 0.1648116406362523
535, 96, -9.499999999999982, 547, 0.13841501684333313
536, 61, -5.999999999999995, 541, 0.15258196269122326
537, 63, -6.199999999999994, 547, 0.13877300442003415
538, 104, -10.29999999999998, 541, 0.15355736892486682
539, 87, -8.599999999999985, 557, 0.1567229587023209
540, 79, -7.799999999999988, 548, 0.12241978743994375
541, 225, -22.40000000000005, 542, 0.20976873173608812
542, 78, -7.699999999999989, 541, 0.09182986133097581
543, 63, -6.199999999999994, 549, 0.10513793310883224
544, 91, -8.999999999999984, 546, 0.12218574799524684
545, 108, -10.699999999999978, 534, 0.12866126774302034
546, 62, -6.099999999999994, 547, 0.19257642038253175
547, 78, -7.699999999999989, 549, 0.1259314323155193
548, 203, -20.200000000000017, 557, 0.09705311914398868
549, 56, -5.4999999999999964, 547, 0.11920870261468908
550, 152, -15.099999999999962, 564, 0.16536942788900288
551, 182, -18.099999999999987, 549, 0.11939537254032784
552, 81, -7.999999999999988, 565, 0.20165594762579153
553, 79, -7.799999999999988, 553, 0.09430689732560449
554, 66, -6.499999999999993, 552, 0.11118489592128555
555, 68, -6.699999999999992, 549, 0.2354861797517913
556, 46, -4.5, 550, 0.15415018644662326
557, 126, -12.499999999999972, 552, 0.10692954679339328
558, 90, -8.899999999999984, 556, 0.12311520713236868
559, 54, -5.299999999999997, 555, 0.12526450517447874
560, 66, -6.499999999999993, 555, 0.12394885377883436
561, 55, -5.399999999999997, 565, 0.16198093151146686
562, 127, -12.599999999999971, 561, 0.12718386627989242
563, 100, -9.89999999999998, 554, 0.09691250102422844
564, 66, -6.499999999999993, 565, 0.08048440875105412
565, 128, -12.69999999999997, 561, 0.14317036523182347
566, 225, -22.40000000000005, 559, 0.1404148251057129
567, 72, -7.099999999999991, 554, 0.11979786442176632
568, 82, -8.099999999999987, 571, 0.1853224713074042
569, 112, -11.099999999999977, 555, 0.1516524631836842
570, 60, -5.899999999999995, 578, 0.11890698620742102
571, 137, -13.599999999999968, 562, 0.126052453023211
572, 48, -4.699999999999999, 568, 0.12590396919928204
573, 119, -11.799999999999974, 566, 0.13092543087601705
574, 69, -6.799999999999992, 568, 0.10645544073817081
575, 98, -9.699999999999982, 568, 0.18513997300504803
576, 79, -7.799999999999988, 565, 0.14915301223664645
577, 54, -5.299999999999997, 580, 0.11264040759465166
578, 54, -5.299999999999997, 565, 0.1593372747477565
579, 124, -12.299999999999972, 567, 0.16008231521631444
580, 105, -10.399999999999979, 579, 0.12797478354570035
581, 65, -6.399999999999993, 562, 0.1856049957658661
582, 101, -9.99999999999998, 569, 0.13339145787013829
583, 66, -6.499999999999993, 574, 0.11488634757772687
584, 225, -22.40000000000005, 573, 0.16918802455127813
585, 56, -5.4999999999999964, 566, 0.1561484481702582
586, 57, -5.599999999999996, 578, 0.15954483056709595
587, 84, -8.299999999999986, 571, 0.15489593706179827
588, 77, -7.599999999999989, 568, 0.15921916536126707
589, 70, -6.8999999999999915, 582, 0.19741121859078326
590, 95, -9.399999999999983, 575, 0.12212768502273708
591, 64, -6.299999999999994, 579, 0.14085473208178323
592, 124, -12.299999999999972, 596, 0.1070751264444878
593, 73, -7.19999999999999, 573, 0.16569959066628082
594, 57, -5.599999999999996, 576, 0.12031235406369789
595, 109, -10.799999999999978, 574, 0.10854018593236803
596, 71, -6.999999999999991, 589, 0.13058596220317087
597, 68, -6.699999999999992, 579, 0.1711740283429477
598, 187, -18.599999999999994, 583, 0.11624009388974582
599, 59, -5.799999999999995, 599, 0.14731320952255356
600, 55, -5.399999999999997, 585, 0.17014979829666155
601, 53, -5.1999999999999975, 577, 0.1387182785586072
602, 109, -10.799999999999978, 600, 0.16158201294196162
603, 126, -12.499999999999972, 603, 0.135436416699946
604, 141, -13.999999999999966, 590, 0.21551685228459605
605, 57, -5.599999999999996, 588, 0.16392265568372655
606, 53, -5.1999999999999975, 601, 0.1153070390692097
607, 57, -5.599999999999996, 586, 0.13006378022676035
608, 60, -5.899999999999995, 615, 0.12598933619382657
609, 61, -5.999999999999995, 596, 0.16016880044228365
610, 120, -11.899999999999974, 583, 0.14435966331990535
611, 102, -10.09999999999998, 590, 0.17709934120715953
612, 74, -7.29999999999999, 591, 0.14019564238979165
613, 65, -6.399999999999993, 581, 0.14091096282017102
614, 83, -8.199999999999987, 586, 0.13575656346687337
615, 50, -4.899999999999999, 604, 0.1332814338845716
616, 225, -22.40000000000005, 592, 0.1585260268165508
617, 113, -11.199999999999976, 590, 0.15774466999515724
618, 83, -8.199999999999987, 607, 0.15938270881246552
619, 69, -6.799999999999992, 600, 0.12217179765232178
620, 66, -6.499999999999993, 596, 0.2041804111957548
621, 59, -5.799999999999995, 600, 0.16794703867383415
622, 105, -10.399999999999979, 603, 0.16187377828270444
623, 136, -13.499999999999968, 613, 0.20528706995127521
624, 59, -5.799999999999995, 595, 0.1035581842472526
625, 63, -6.199999999999994, 602, 0.1371456831706468
626, 112, -11.099999999999977, 600, 0.10351037063665824
627, 191, -19.0, 608, 0.10185978483118185
628, 89, -8.799999999999985, 601, 0.1594221082806886
629, 49, -4.799999999999999, 604, 0.12458852141136845
630, 100, -9.89999999999998, 603, 0.12100076843752205
631, 135, -13.399999999999968, 611, 0.17289172819977416
632, 106, -10.499999999999979, 601, 0.1993284156157542
633, 76, -7.499999999999989, 592, 0.11370769440141326
634, 111, -10.999999999999977, 613, 0.12576971027040118
635, 61, -5.999999999999995, 599, 0.15399465258014022
636, 57, -5.599999999999996, 609, 0.16691531952403604
637, 68, -6.699999999999992, 597, 0.13445841937353942
638, 59, -5.799999999999995, 623, 0.22297339886541367
639, 89, -8.799999999999985, 611, 0.16314836488238582
640, 60, -5.899999999999995, 611, 0.11190817507633444
641, 77, -7.599999999999989, 608, 0.2136269216346225
642, 57, -5.599999999999996, 607, 0.13613003510075394
643, 52, -5.099999999999998, 609, 0.1849667840705167
644, 225, -22.40000000000005, 628, 0.18153062752402538
645, 97, -9.599999999999982, 611, 0.15879269196190737
646, 127, -12.599999999999971, 632, 0.18107934125788017
647, 62, -6.099999999999994, 633, 0.17435738366520548
648, 57, -5.599999999999996, 622, 0.17446722398508796
649, 54, -5.299999999999997, 623, 0.13487718180649733
650, 78, -7.699999999999989, 612, 0.14574112506098474
651, 122, -12.099999999999973, 624, 0.1425524646558065
652, 57, -5.599999999999996, 611, 0.18543042795566178
653, 114, -11.299999999999976, 608, 0.1536723414029253
654, 58, -5.699999999999996, 620, 0.14133198793200918
655, 162, -16.09999999999996, 625, 0.1979050003124354
656, 89, -8.799999999999985, 624, 0.12643191517718222
657, 183, -18.19999999999999, 631, 0.17309956870612708
658, 162, -16.09999999999996, 614, 0.12406198446568606
659, 60, -5.899999999999995, 640, 0.1443829537643957
660, 78, -7.699999999999989, 622, 0.12460385494508097
661, 65, -6.399999999999993, 644, 0.14425524376162846
662, 103, -10.19999999999998, 626, 0.17034934600815
663, 115, -11.399999999999975, 626, 0.16645096163487905
664, 107, -10.599999999999978, 636, 0.1504886024044234
665, 64, -6.299999999999994, 628, 0.17233568582975023
666, 59, -5.799999999999995, 632, 0.12625019531286874
667, 105, -10.399999999999979, 635, 0.22375245795259469
668, 56, -5.4999999999999964, 638, 0.140921110159403
669, 103, -10.19999999999998, 638, 0.23277807438392095
670, 119, -11.799999999999974, 635, 0.1086892752242492
671, 54, -5.299999999999997, 632, 0.12048899346946929
672, 58, -5.699999999999996, 633, 0.111062776368347
673, 225, -22.40000000000005, 631, 0.17276891857520726
674, 124, -12.299999999999972, 641, 0.12435444952964225
675, 54, -5.299999999999997, 640, 0.15580645487512967
676, 50, -4.899999999999999, 633, 0.09963130515222685
677, 54, -5.299999999999997, 635, 0.1293851170107616
678, 77, -7.599999999999989, 642, 0.13783250921640056
679, 77, -7.599999999999989, 630, 0.1844596883146674
680, 61, -5.999999999999995, 630, 0.18979344903650186
681, 59, -5.799999999999995, 629, 0.1413145906317494
682, 225, -22.40000000000005, 636, 0.13354848792243557
683, 73, -7.19999999999999, 637, 0.1576570601582643
684, 88, -8.699999999999985, 633, 0.15757270276868351
685, 106, -10.499999999999979, 645, 0.1930277147828483
686, 121, -11.999999999999973, 647, 0.14743047765739892
687, 60, -5.899999999999995, 653, 0.18210002193355201
688, 54, -5.299999999999997, 638, 0.13171473794029065
689, 139, -13.799999999999967, 650, 0.12584534701866712
690, 61, -5.999999999999995, 642, 0.13968042671136283
691, 74, -7.29999999999999, 624, 0.15131903834434135
692, 124, -12.299999999999972, 649, 0.2108331234132823
693, 151, -14.999999999999963, 643, 0.16054366697644085
694, 126, -12.499999999999972, 638, 0.15475576092141452
695, 84, -8.299999999999986, 647, 0.17984421832994357
696, 48, -4.699999999999999, 643, 0.10681834184597272
697, 92, -9.099999999999984, 645, 0.13053084215870203
698, 44, -4.300000000000001, 651, 0.18769284609524872
699, 100, -9.89999999999998, 650, 0.13700275714779808
700, 62, -6.099999999999994, 653, 0.1280002542554115
701, 78, -7.699999999999989, 654, 0.17495636243413282
702, 153, -15.199999999999962, 652, 0.20506477354773978
703, 85, -8.399999999999986, 644, 0.11340744177440087
704, 225, -22.40000000000005, 650, 0.13581323349267826
705, 82, -8.099999999999987, 652, 0.12081032801676805
706, 108, -10.699999999999978, 652, 0.2048353858778844
707, 73, -7.19999999999999, 657, 0.1238347051531985
708, 51, -4.999999999999998, 664, 0.12595226715069074
709, 131, -12.99999999999997, 651, 0.1866182177315645
710, 225, -22.40000000000005, 663, 0.23521862159893114
711, 69, -6.799999999999992, 654, 0.17178580936376253
712, 91, -8.999999999999984, 657, 0.13179262933680258
713, 99, -9.799999999999981, 654, 0.15910976354418516
714, 87, -8.599999999999985, 664, 0.10735570970443442
715, 81, -7.999999999999988, 661, 0.15185341039734102
716, 90, -8.899999999999984, 657, 0.13695167235254924
717, 111, -10.999999999999977, 662, 0.12415648226041887
718, 225, -22.40000000000005, 676, 0.21689776649566483
719, 125, -12.399999999999972, 673, 0.1643330771316145
720, 61, -5.999999999999995, 654, 0.12849176166337295
721, 119, -11.799999999999974, 674, 0.11943735197675975
722, 111, -10.999999999999977, 655, 0.13364603018874188
723, 113, -11.199999999999976, 661, 0.0877423358157885
724, 60, -5.899999999999995, 657, 0.09927695768950784
725, 186, -18.499999999999993, 668, 0.1226583718220966
726, 108, -10.699999999999978, 671, 0.11812325579923111
727, 46, -4.5, 662, 0.09356807493889141
728, 62, -6.099999999999994, 662, 0.16358652782771704
729, 118, -11.699999999999974, 664, 0.17994406629041704
730, 69, -6.799999999999992, 669, 0.12950712923191166
731, 67, -6.5999999999999925, 663, 0.09677759502432082
732, 62, -6.099999999999994, 664, 0.1370635955035162
733, 195, -19.400000000000006, 665, 0.129696530701489
734, 57, -5.599999999999996, 668, 0.09067540636520244
735, 64, -6.299999999999994, 646, 0.13238659607552172
736, 78, -7.699999999999989, 668, 0.11847412229638571
737, 82, -8.099999999999987, 670, 0.12086489807289214
738, 93, -9.199999999999983, 676, 0.18735469736365928
739, 175, -17.399999999999977, 666, 0.15654250894896138
740, 74, -7.29999999999999, 689, 0.1444009230029456
741, 59, -5.799999999999995, 676, 0.12755849072605052
742, 59, -5.799999999999995, 674, 0.2116181749207069
743, 166, -16.499999999999964, 684, 0.1346852206287834
744, 85, -8.399999999999986, 684, 0.1884360343637752
745, 51, -4.999999999999998, 681, 0.16097568036302912
746, 147, -14.599999999999964, 680, 0.1750540464049557
747, 225, -22.40000000000005, 683, 0.1474682173196682
748, 57, -5.599999999999996, 675, 0.09738005169093511
749, 53, -5.1999999999999975, 687, 0.12293373404838537
750, 114, -11.299999999999976, 674, 0.20293058762273652
751, 49, -4.799999999999999, 687, 0.10877992552986848
752, 79, -7.799999999999988, 670, 0.12045040000258256
753, 94, -9.299999999999983, 679, 0.13746189639438766
754, 89, -8.799999999999985, 693, 0.1456469023854643
755, 73, -7.19999999999999, 707, 0.1520945989259883
756, 89, -8.799999999999985, 675, 0.12615094782339886
757, 81, -7.999999999999988, 693, 0.16819335548212777
758, 90, -8.899999999999984, 701, 0.14563007313859133
759, 62, -6.099999999999994, 695, 0.14989774985354343
760, 132, -13.09999999999997, 681, 0.1298180457640934
761, 96, -9.499999999999982, 685, 0.1412422531570081
762, 109, -10.799999999999978, 695, 0.09176787424839739
763, 54, -5.299999999999997, 692, 0.1505202306930471
764, 73, -7.19999999999999, 693, 0.13443019861297678
765, 67, -6.5999999999999925, 687, 0.12190889886949208
766, 101, -9.99999999999998, 690, 0.13501898102682297
767, 102, -10.09999999999998, 699, 0.1399236679642022
768, 80, -7.899999999999988, 686, 0.14781985874029324
769, 187, -18.599999999999994, 698, 0.15363072842539527
770, 145, -14.399999999999965, 700, 0.1446604798902298
771, 90, -8.899999999999984, 684, 0.14974989948543938
772, 100, -9.89999999999998, 696, 0.11234162765599986
773, 225, -22.40000000000005, 690, 0.171027024312707
774, 64, -6.299999999999994, 694, 0.1585497394917872
775, 87, -8.599999999999985, 705, 0.11521971870337877
776, 48, -4.699999999999999, 683, 0.1525414881073791
777, 225, -22.40000000000005, 706, 0.1877437303505598
778, 62, -6.099999999999994, 699, 0.21030896842360436
779, 79, -7.799999999999988, 689, 0.11816705255242477
780, 56, -5.4999999999999964, 716, 0.13227015572736533
781, 87, -8.599999999999985, 706, 0.18889702279589615
782, 53, -5.1999999999999975, 724, 0.22795941642441964
783, 225, -22.40000000000005, 703, 0.1280569226534547
784, 123, -12.199999999999973, 720, 0.14735126069944315
785, 56, -5.4999999999999964, 721, 0.10877591402404496
786, 80, -7.899999999999988, 707, 0.11524325991599971
787, 83, -8.199999999999987, 705, 0.11849470382820715
788, 109, -10.799999999999978, 712, 0.11835794153284096
789, 60, -5.899999999999995, 710, 0.14064079856474732
790, 115, -11.399999999999975, 716, 0.21518507060386227
791, 84, -8.299999999999986, 718, 0.20472381934115136
792, 101, -9.99999999999998, 714, 0.13262380744118518
793, 54, -5.299999999999997, 705, 0.1393291256043685
794, 74, -7.29999999999999, 707, 0.16002291528381285
795, 135, -13.399999999999968, 703, 0.16293003538806738
796, 58, -5.699999999999996, 718, 0.19897705257778187
797, 70, -6.8999999999999915, 725, 0.1481334510126735
798, 94, -9.299999999999983, 728, 0.13919097488392773
799, 103, -10.19999999999998, 706, 0.19970350907616385
800, 225, -22.40000000000005, 716, 0.1922936672598059
801, 67, -6.5999999999999925, 711, 0.20903800588354637
802, 105, -10.399999999999979, 726, 0.11569854899215937
803, 57, -5.599999999999996, 715, 0.171226369086328
804, 47, -4.6, 718, 0.1522542586532598
805, 135, -13.399999999999968, 715, 0.12993742049128532
806, 60, -5.899999999999995, 725, 0.16255736574565205
807, 75, -7.39999999999999, 738, 0.12189070871250762
808, 122, -12.099999999999973, 714, 0.16740698344927907
809, 55, -5.399999999999997, 718, 0.1105244540463346
810, 51, -4.999999999999998, 729, 0.15171035127844656
811, 149, -14.799999999999963, 726, 0.1679607620946193
812, 61, -5.999999999999995, 734, 0.12681788437899844
813, 107, -10.599999999999978, 731, 0.16315381221709035
814, 94, -9.299999999999983, 732, 0.16231652905357086
815, 123, -12.199999999999973, 723, 0.15015698773007014
816, 73, -7.19999999999999, 736, 0.298677352328262
817, 52, -5.099999999999998, 737, 0.10512815972059375
818, 102, -10.09999999999998, 731, 0.1568217185513543
819, 82, -8.099999999999987, 733, 0.2374566777506023
820, 120, -11.899999999999974, 718, 0.11480042941465435
821, 225, -22.40000000000005, 731, 0.14450413425506992
822, 97, -9.599999999999982, 725, 0.1020322113469927
823, 71, -6.999999999999991, 735, 0.15266080214672684
824, 80, -7.899999999999988, 726, 0.11839267322544522
825, 60, -5.899999999999995, 733, 0.17727598231241437
826, 60, -5.899999999999995, 731, 0.1336779806367141
827, 225, -22.40000000000005, 736, 0.10162773120718072
828, 143, -14.199999999999966, 749, 0.20336179121565912
829, 135, -13.399999999999968, 743, 0.1438494453667396
830, 68, -6.699999999999992, 735, 0.12767644520867005
831, 70, -6.8999999999999915, 748, 0.18314306541482406
832, 81, -7.999999999999988, 744, 0.13031795231078958
833, 59, -5.799999999999995, 746, 0.16043436118261667
834, 189, -18.799999999999997, 740, 0.08994285242545197
835, 225, -22.40000000000005, 740, 0.19467201818189128
836, 56, -5.4999999999999964, 744, 0.14494029548248344
837, 68, -6.699999999999992, 733, 0.12402478733532085
838, 50, -4.899999999999999, 742, 0.12068062668409485
839, 64, -6.299999999999994, 754, 0.13384668442210534
840, 154, -15.299999999999962, 759, 0.2200145680025578
841, 225, -22.40000000000005, 736, 0.12527494938631856
842, 133, -13.199999999999969, 748, 0.13931878210870208
843, 53, -5.1999999999999975, 739, 0.14572633607402885
844, 63, -6.199999999999994, 748, 0.14830190710908653
845, 58, -5.699999999999996, 741, 0.10407611586686816
846, 52, -5.099999999999998, 751, 0.17128398379409138
847, 61, -5.999999999999995, 743, 0.1447748951559944
848, 53, -5.1999999999999975, 758, 0.13098595569933136
849, 89, -8.799999999999985, 746, 0.12852283033080902
850, 92, -9.099999999999984, 753, 0.147320111241376
851, 81, -7.999999999999988, 746, 0.12665314159737573
852, 59, -5.799999999999995, 741, 0.09035661539627071
853, 97, -9.599999999999982, 750, 0.12031297229178417
854, 89, -8.799999999999985, 750, 0.16218511994858442
855, 225, -22.40000000000005, 750, 0.12161221096925967
856, 87, -8.599999999999985, 758, 0.19067487132555083
857, 49, -4.799999999999999, 763, 0.1383463798025497
858, 70, -6.8999999999999915, 744, 0.1299381049031587
859, 171, -16.99999999999997, 758, 0.1571477531105543
860, 99, -9.799999999999981, 758, 0.12473821158883158
861, 88, -8.699999999999985, 753, 0.1929774216775142
862, 52, -5.099999999999998, 757, 0.19017867007407174
863, 152, -15.099999999999962, 767, 0.1507288943120264
864, 131, -12.99999999999997, 750, 0.21277721523453663
865, 147, -14.599999999999964, 750, 0.13407386071134964
866, 117, -11.599999999999975, 761, 0.14731335363647524
867, 127, -12.599999999999971, 778, 0.18819013114077787
868, 73, -7.19999999999999, 764, 0.1392459546390734
869, 225, -22.40000000000005, 753, 0.1443089093447143
870, 66, -6.499999999999993, 753, 0.15930888196222537
871, 56, -5.4999999999999964, 754, 0.13539342179776437
872, 86, -8.499999999999986, 768, 0.1262670244619093
873, 143, -14.199999999999966, 770, 0.1378052750424268
874, 122, -12.099999999999973, 759, 0.13754213967201911
875, 88, -8.699999999999985, 769, 0.18392197762075657
876, 225, -22.40000000000005, 766, 0.11794285346299627
877, 51, -4.999999999999998, 759, 0.12319134417740696
878, 59, -5.799999999999995, 759, 0.1381180590993436
879, 113, -11.199999999999976, 781, 0.11002969973877819
880, 60, -5.899999999999995, 761, 0.13902278354852893
881, 108, -10.699999999999978, 776, 0.17188901867157647
882, 60, -5.899999999999995, 768, 0.22990059726046486
883, 172, -17.099999999999973, 768, 0.15054570906765607
884, 73, -7.19999999999999, 775, 0.1193750434165417
885, 70, -6.8999999999999915, 775, 0.12470165330131922
886, 161, -15.99999999999996, 770, 0.14939550050238282
887, 96, -9.499999999999982, 765, 0.14554045281808126
888, 53, -5.1999999999999975, 768, 0.15571919970910342
889, 56, -5.4999999999999964, 770, 0.12969915331689097
890, 225, -22.40000000000005, 777, 0.10520238574207114
891, 73, -7.19999999999999, 770, 0.11550116762637508
892, 55, -5.399999999999997, 783, 0.22109659970678552
893, 83, -8.199999999999987, 780, 0.15288445632568237
894, 66, -6.499999999999993, 776, 0.16143597395172937
895, 46, -4.5, 783, 0.10187490275231204
896, 104, -10.29999999999998, 788, 0.1157233346069273
897, 62, -6.099999999999994, 781, 0.14318297904747235
898, 54, -5.299999999999997, 775, 0.11982762511331746
899, 225, -22.40000000000005, 777, 0.1365521336719575
900, 48, -4.699999999999999, 767, 0.16585035961732064
901, 45, -4.4, 775, 0.15482192098325348
902, 56, -5.4999999999999964, 778, 0.11506004221562002
903, 70, -6.8999999999999915, 799, 0.13390480269855143
904, 93, -9.199999999999983, 780, 0.14590329762344734
905, 61, -5.999999999999995, 788, 0.08615021288907121
906, 134, -13.299999999999969, 795, 0.1535792199543684
907, 64, -6.299999999999994, 785, 0.17126124844571144
908, 58, -5.699999999999996, 780, 0.11961539370272156
909, 103, -10.19999999999998, 784, 0.14510369206219487
910, 61, -5.999999999999995, 792, 0.16549467767329806
911, 64, -6.299999999999994, 781, 0.12580091494476875
912, 54, -5.299999999999997, 792, 0.15307970078663447
913, 95, -9.399999999999983, 799, 0.12375575895578222
914, 225, -22.40000000000005, 793, 0.12382593441099843
915, 71, -6.999999999999991, 795, 0.11389597969954335
916, 74, -7.29999999999999, 796, 0.13942497979488166
917, 104, -10.29999999999998, 795, 0.11975247804237954
918, 183, -18.19999999999999, 791, 0.17796550359473473
919, 225, -22.40000000000005, 777, 0.11844740494962852
920, 55, -5.399999999999997, 792, 0.2073638970977556
921, 86, -8.499999999999986, 791, 0.17680609090353383
922, 67, -6.5999999999999925, 801, 0.14971403050322518
923, 104, -10.29999999999998, 790, 0.15120873190495798
924, 83, -8.199999999999987, 805, 0.13585107593638335
925, 116, -11.499999999999975, 799, 0.1914011357938747
926, 109, -10.799999999999978, 788, 0.11492011058633644
927, 116, -11.499999999999975, 793, 0.14061865380352856
928, 127, -12.599999999999971, 787, 0.20186669821772196
929, 86, -8.499999999999986, 800, 0.1060729046800129
930, 99, -9.799999999999981, 806, 0.10112426699084898
931, 66, -6.499999999999993, 793, 0.1705947574199168
932, 82, -8.099999999999987, 805, 0.2808006621040908
933, 104, -10.29999999999998, 799, 0.12126206218044233
934, 67, -6.5999999999999925, 791, 0.14351021261329544
935, 60, -5.899999999999995, 808, 0.12848644681124455
936, 55, -5.399999999999997, 805, 0.13213014730762396
937, 81, -7.999999999999988, 803, 0.12724309173033044
938, 113, -11.199999999999976, 795, 0.18918091113779933
939, 54, -5.299999999999997, 804, 0.16653669873557553
940, 61, -5.999999999999995, 804, 0.15659067397382698
941, 93, -9.199999999999983, 798, 0.10285678972449952
942, 128, -12.69999999999997, 817, 0.13033705078492774
943, 63, -6.199999999999994, 825, 0.11793489131897394
944, 96, -9.499999999999982, 820, 0.12786099011418628
945, 70, -6.8999999999999915, 802, 0.13721023221254125
946, 68, -6.699999999999992, 809, 0.10883930336918768
947, 63, -6.199999999999994, 805, 0.22931738369447174
948, 71, -6.999999999999991, 826, 0.19547261724259168
949, 66, -6.499999999999993, 806, 0.1717099380470839
950, 121, -11.999999999999973, 821, 0.11614996247940645
951, 178, -17.69999999999998, 819, 0.18554656444798412
952, 65, -6.399999999999993, 808, 0.17549942858395795
953, 71, -6.999999999999991, 822, 0.13840742375282772
954, 110, -10.899999999999977, 808, 0.11432573159913684
955, 56, -5.4999999999999964, 813, 0.10101868555471016
956, 163, -16.19999999999996, 805, 0.14992419283837055
957, 52, -5.099999999999998, 826, 0.1233132445218339
958, 58, -5.699999999999996, 819, 0.2321993746016653
959, 59, -5.799999999999995, 827, 0.10980800161808846
960, 66, -6.499999999999993, 810, 0.9822483650057858
961, 79, -7.799999999999988, 830, 0.13355130988311426
962, 55, -5.399999999999997, 830, 0.11481198558562644
963, 87, -8.599999999999985, 838, 0.14111108478871848
964, 66, -6.499999999999993, 835, 0.19134269321720998
965, 68, -6.699999999999992, 816, 0.1277281635784695
966, 66, -6.499999999999993, 822, 0.09915635436161407
967, 115, -11.399999999999975, 840, 0.17234855287431605
968, 116, -11.499999999999975, 815, 0.12124786172613566
969, 67, -6.5999999999999925, 838, 0.13503892391688832
970, 83, -8.199999999999987, 823, 0.1494361025636075
971, 71, -6.999999999999991, 825, 0.11588908501975137
972, 71, -6.999999999999991, 846, 0.13837021233334124
973, 57, -5.599999999999996, 835, 0.1780665489495834
974, 56, -5.4999999999999964, 829, 0.16489734412225543
975, 49, -4.799999999999999, 834, 0.1366681926523765
976, 189, -18.799999999999997, 826, 0.15040939887596627
977, 127, -12.599999999999971, 834, 0.11328299766109873
978, 121, -11.999999999999973, 844, 0.11931208590137943
979, 62, -6.099999999999994, 839, 0.10416775369027054
980, 160, -15.89999999999996, 835, 0.10980087083577783
981, 80, -7.899999999999988, 837, 0.1413233061497179
982, 64, -6.299999999999994, 842, 0.12513192535294682
983, 80, -7.899999999999988, 835, 0.144532045222606
984, 53, -5.1999999999999975, 823, 0.12558335330482862
985, 89, -8.799999999999985, 841, 0.1340791284515035
986, 132, -13.09999999999997, 840, 0.1341204046850093
987, 100, -9.89999999999998, 839, 0.0929728281933766
988, 109, -10.799999999999978, 838, 0.10184578901130159
989, 85, -8.399999999999986, 834, 0.10932113978879965
990, 65, -6.399999999999993, 839, 0.14305258091496698
991, 57, -5.599999999999996, 858, 0.13152699786050537
992, 59, -5.799999999999995, 854, 0.1276876089104424
993, 51, -4.999999999999998, 839, 0.16240458185896578
994, 63, -6.199999999999994, 854, 0.12395269550831145
995, 67, -6.5999999999999925, 838, 0.1687368526346642
996, 206, -20.50000000000002, 845, 0.13092886164520134
997, 103, -10.19999999999998, 852, 0.12577556215344554
998, 69, -6.799999999999992, 849, 0.1429453565799199
999, 64, -6.299999999999994, 856, 0.12073400146914048
1000, 75, -7.39999999999999, 845, 0.17255066289673504
