Episode, Steps, Reward, Time (in milliseconds), Convergence
1, 225, -22.40000000000005, 27, 1.7838
2, 225, -22.40000000000005, 15, 2.232170886384693
3, 225, -22.40000000000005, 36, 0.310579212649725
4, 225, -22.40000000000005, 61, 0.29303852162791344
5, 225, -22.40000000000005, 41, 0.25602777016724154
6, 225, -22.40000000000005, 46, 1.3090295814140416
7, 225, -22.40000000000005, 46, 0.25974746519773495
8, 225, -22.40000000000005, 62, 0.29281920565822706
9, 225, -22.40000000000005, 77, 0.30668600652365097
10, 225, -22.40000000000005, 72, 0.2215532668373712
11, 225, -22.40000000000005, 79, 0.21035912554254432
12, 225, -22.40000000000005, 72, 0.3092930650199378
13, 225, -22.40000000000005, 84, 0.22801742529472868
14, 225, -22.40000000000005, 77, 0.314144866950667
15, 225, -22.40000000000005, 82, 0.20743961802788036
16, 225, -22.40000000000005, 87, 1.8575678034923877
17, 225, -22.40000000000005, 75, 0.38573966620018674
18, 225, -22.40000000000005, 79, 0.30997626882868157
19, 225, -22.40000000000005, 98, 0.5005399312605214
20, 225, -22.40000000000005, 86, 0.345328656455274
21, 132, -13.09999999999997, 101, 0.4279388951331127
22, 225, -22.40000000000005, 99, 0.423533994879844
23, 225, -22.40000000000005, 86, 0.4461745502312262
24, 225, -22.40000000000005, 118, 0.5347941131395864
25, 225, -22.40000000000005, 95, 0.428634967847604
26, 225, -22.40000000000005, 104, 0.30190005666590825
27, 225, -22.40000000000005, 114, 0.5037971091484337
28, 225, -22.40000000000005, 102, 0.23721130416128577
29, 225, -22.40000000000005, 111, 0.6236786318478306
30, 225, -22.40000000000005, 96, 0.43503341497163783
31, 225, -22.40000000000005, 103, 0.49136822429152893
32, 225, -22.40000000000005, 118, 0.7072046151294598
33, 160, -15.89999999999996, 119, 0.739942465784599
34, 225, -22.40000000000005, 120, 0.45196741410952623
35, 225, -22.40000000000005, 113, 0.7144051592909854
36, 171, -16.99999999999997, 111, 0.4392767823939814
37, 225, -22.40000000000005, 121, 0.4577209783790561
38, 100, -9.89999999999998, 116, 0.5022421413839324
39, 225, -22.40000000000005, 113, 0.27704693617699494
40, 225, -22.40000000000005, 115, 0.48724097269291833
41, 118, -11.699999999999974, 129, 0.5124051388589166
42, 91, -8.999999999999984, 115, 0.33676195873730386
43, 225, -22.40000000000005, 110, 0.3446029290058692
44, 158, -15.69999999999996, 127, 0.7586448629262271
45, 210, -20.900000000000027, 119, 0.5542134129152791
46, 225, -22.40000000000005, 126, 0.8464937145052462
47, 129, -12.79999999999997, 123, 0.5322443597177697
48, 112, -11.099999999999977, 131, 0.4108990268896493
49, 221, -22.000000000000043, 131, 0.569282020177966
50, 148, -14.699999999999964, 136, 0.5080985331816419
51, 225, -22.40000000000005, 124, 0.4313254773553967
52, 225, -22.40000000000005, 123, 0.7214427854817471
53, 225, -22.40000000000005, 133, 0.5733591610950355
54, 225, -22.40000000000005, 146, 0.8853088839891072
55, 225, -22.40000000000005, 127, 0.6307639921092574
56, 210, -20.900000000000027, 127, 0.34784041267274723
57, 54, -5.299999999999997, 142, 0.5787398871998191
58, 214, -21.300000000000033, 149, 0.8840393330762883
59, 193, -19.200000000000003, 133, 0.5116244791589415
60, 133, -13.199999999999969, 135, 0.6577278427747273
61, 185, -18.39999999999999, 126, 0.4762162784853432
62, 225, -22.40000000000005, 133, 0.4910335906758547
63, 225, -22.40000000000005, 135, 0.43140266715395015
64, 225, -22.40000000000005, 147, 0.7298217490075376
65, 161, -15.99999999999996, 144, 0.9045197817477166
66, 225, -22.40000000000005, 152, 0.7606634761871081
67, 117, -11.599999999999975, 144, 0.5057880416735954
68, 51, -4.999999999999998, 142, 0.31476704023055535
69, 179, -17.799999999999983, 143, 0.898589029317755
70, 225, -22.40000000000005, 136, 0.7515160796998934
71, 107, -10.599999999999978, 147, 0.5721977329212877
72, 119, -11.799999999999974, 141, 0.4358037738047771
73, 225, -22.40000000000005, 149, 0.8439840514383281
74, 225, -22.40000000000005, 148, 0.802653868260554
75, 224, -22.300000000000047, 167, 0.8797171938805963
76, 102, -10.09999999999998, 147, 0.554084006713718
77, 139, -13.799999999999967, 143, 0.8821995005616268
78, 225, -22.40000000000005, 151, 0.6969213775087248
79, 119, -11.799999999999974, 152, 0.9417604462921929
80, 225, -22.40000000000005, 149, 0.7590959025831636
81, 110, -10.899999999999977, 154, 2.6246626236441903
82, 111, -10.999999999999977, 155, 1.0731776456659898
83, 86, -8.499999999999986, 156, 0.3820613277171452
84, 225, -22.40000000000005, 158, 0.8448456879266897
85, 59, -5.799999999999995, 163, 1.1722428162142426
86, 213, -21.20000000000003, 157, 0.9820948253715476
87, 225, -22.40000000000005, 155, 0.7824827266034253
88, 115, -11.399999999999975, 166, 0.7148547348347338
89, 225, -22.40000000000005, 161, 0.42557882721422
90, 225, -22.40000000000005, 148, 0.7649140698510679
91, 78, -7.699999999999989, 166, 0.7240564547535735
92, 101, -9.99999999999998, 153, 0.7408886159876369
93, 60, -5.899999999999995, 164, 0.5545308243818918
94, 225, -22.40000000000005, 162, 0.8188648530503112
95, 225, -22.40000000000005, 155, 0.5294876782774494
96, 140, -13.899999999999967, 149, 0.5051616166912076
97, 122, -12.099999999999973, 158, 0.5722648231350034
98, 139, -13.799999999999967, 162, 0.6386084886809398
99, 225, -22.40000000000005, 149, 0.6015368976921978
100, 118, -11.699999999999974, 178, 0.8815347495745449
101, 55, -5.399999999999997, 153, 0.5108363865539536
102, 67, -6.5999999999999925, 164, 0.7341034850027652
103, 225, -22.40000000000005, 169, 0.7735591270513784
104, 225, -22.40000000000005, 159, 0.5302056547259977
105, 128, -12.69999999999997, 169, 0.691832551081256
106, 137, -13.599999999999968, 150, 0.629651097547679
107, 86, -8.499999999999986, 151, 0.45025708021994326
108, 201, -20.000000000000014, 159, 0.6902125201737184
109, 190, -18.9, 169, 0.6824546239365492
110, 225, -22.40000000000005, 168, 0.7852555507402064
111, 152, -15.099999999999962, 181, 0.7291906869924896
112, 219, -21.80000000000004, 171, 0.7185816971811785
113, 98, -9.699999999999982, 167, 0.7788488606878063
114, 225, -22.40000000000005, 181, 0.7057102405023117
115, 222, -22.100000000000044, 174, 0.9324430242920931
116, 63, -6.199999999999994, 167, 0.5038007013950141
117, 121, -11.999999999999973, 173, 0.9137947916219078
118, 225, -22.40000000000005, 188, 1.2655496689485228
119, 225, -22.40000000000005, 162, 0.6311796751933936
120, 172, -17.099999999999973, 175, 0.39346266665066354
121, 174, -17.299999999999976, 168, 0.7391495413765714
122, 225, -22.40000000000005, 175, 0.4777517237812703
123, 99, -9.799999999999981, 180, 0.5647182287084096
124, 225, -22.40000000000005, 178, 0.6795243810747618
125, 152, -15.099999999999962, 168, 0.7827804965919705
126, 225, -22.40000000000005, 169, 0.40157949405704385
127, 222, -22.100000000000044, 179, 0.673695888581769
128, 138, -13.699999999999967, 182, 0.5608184461847312
129, 62, -6.099999999999994, 185, 0.6998147509959967
130, 60, -5.899999999999995, 170, 0.43221253783730385
131, 77, -7.599999999999989, 174, 0.3932845726619769
132, 133, -13.199999999999969, 190, 0.6942317039390373
133, 225, -22.40000000000005, 185, 0.6566240556298215
134, 225, -22.40000000000005, 174, 0.7975712233706563
135, 115, -11.399999999999975, 175, 0.3996638131857968
136, 140, -13.899999999999967, 191, 0.8318146481184896
137, 96, -9.499999999999982, 177, 0.5660676515441638
138, 225, -22.40000000000005, 199, 0.7696977874354496
139, 138, -13.699999999999967, 183, 0.6354866211710366
140, 225, -22.40000000000005, 191, 0.535973056714024
141, 94, -9.299999999999983, 176, 0.5089009000907767
142, 225, -22.40000000000005, 201, 0.8793153308517665
143, 225, -22.40000000000005, 209, 1.0384137244470617
144, 225, -22.40000000000005, 192, 0.492427767975645
145, 214, -21.300000000000033, 202, 0.6321618439342371
146, 225, -22.40000000000005, 183, 0.6240665972777162
147, 225, -22.40000000000005, 192, 0.9422836853979435
148, 110, -10.899999999999977, 193, 0.5366189988553645
149, 225, -22.40000000000005, 183, 0.8185871008020489
150, 225, -22.40000000000005, 208, 1.396220528798481
151, 93, -9.199999999999983, 193, 0.8542462346116029
152, 225, -22.40000000000005, 193, 1.0276810844305446
153, 225, -22.40000000000005, 192, 0.8364565323205158
154, 216, -21.500000000000036, 213, 0.5558852953620947
155, 192, -19.1, 187, 0.6101999220844814
156, 225, -22.40000000000005, 191, 0.5810771668046257
157, 225, -22.40000000000005, 177, 0.784279213037777
158, 225, -22.40000000000005, 203, 0.6391748364535532
159, 119, -11.799999999999974, 206, 0.7404469991044045
160, 225, -22.40000000000005, 195, 0.6567027963701753
161, 225, -22.40000000000005, 197, 0.8284509984635422
162, 67, -6.5999999999999925, 198, 0.5486070613016505
163, 225, -22.40000000000005, 211, 0.8548430607595234
164, 225, -22.40000000000005, 206, 0.6796649381194788
165, 225, -22.40000000000005, 198, 0.9723144103594918
166, 225, -22.40000000000005, 219, 0.45483592721682786
167, 225, -22.40000000000005, 211, 1.1502210753240845
168, 84, -8.299999999999986, 209, 0.542608848932379
169, 160, -15.89999999999996, 209, 0.4914810087899508
170, 225, -22.40000000000005, 212, 0.8921860233736201
171, 114, -11.299999999999976, 213, 0.8418012478234647
172, 176, -17.49999999999998, 199, 0.9227907780712155
173, 87, -8.599999999999985, 195, 0.787428196633631
174, 167, -16.599999999999966, 214, 0.706161493874887
175, 225, -22.40000000000005, 205, 0.6799036258507667
176, 128, -12.69999999999997, 196, 0.737676523608711
177, 99, -9.799999999999981, 203, 0.4757981422754365
178, 225, -22.40000000000005, 205, 0.5707411677735359
179, 125, -12.399999999999972, 234, 0.78871557356163
180, 78, -7.699999999999989, 203, 0.5127682050645008
181, 111, -10.999999999999977, 217, 0.7224957263348879
182, 225, -22.40000000000005, 207, 0.7593443193312845
183, 225, -22.40000000000005, 209, 0.6738690157642857
184, 61, -5.999999999999995, 209, 0.6099253978341563
185, 113, -11.199999999999976, 217, 0.5900721113048312
186, 104, -10.29999999999998, 213, 0.683001126116964
187, 121, -11.999999999999973, 207, 0.9034026124201087
188, 219, -21.80000000000004, 214, 0.41820196632108564
189, 58, -5.699999999999996, 235, 0.8250741634654548
190, 198, -19.70000000000001, 219, 1.0581957495120635
191, 225, -22.40000000000005, 218, 1.1245913015891447
192, 57, -5.599999999999996, 206, 0.741038040890059
193, 225, -22.40000000000005, 223, 0.5856705837718974
194, 225, -22.40000000000005, 229, 0.7977551180115512
195, 109, -10.799999999999978, 218, 0.7215584519595288
196, 225, -22.40000000000005, 210, 0.8382220830260803
197, 121, -11.999999999999973, 215, 0.5465049732437994
198, 225, -22.40000000000005, 213, 1.0086145281250856
199, 225, -22.40000000000005, 215, 0.7264918161301406
200, 91, -8.999999999999984, 213, 0.4696760016304786
201, 225, -22.40000000000005, 221, 0.5883124468334375
202, 225, -22.40000000000005, 221, 0.8235875689504866
203, 96, -9.499999999999982, 226, 0.35648461218628213
204, 61, -5.999999999999995, 223, 1.101935776317533
205, 225, -22.40000000000005, 222, 0.9200058899045738
206, 89, -8.799999999999985, 215, 1.011502848094688
207, 225, -22.40000000000005, 219, 0.6313693875410866
208, 113, -11.199999999999976, 231, 0.7644122358754677
209, 225, -22.40000000000005, 218, 0.5907726673472521
210, 75, -7.39999999999999, 223, 0.5342316193101979
211, 115, -11.399999999999975, 224, 0.6591759627235048
212, 150, -14.899999999999963, 225, 1.1443605690146108
213, 87, -8.599999999999985, 225, 0.4681154367435465
214, 172, -17.099999999999973, 218, 0.44529003176613724
215, 199, -19.80000000000001, 218, 0.5420871941832964
216, 188, -18.699999999999996, 233, 0.8380470843488008
217, 60, -5.899999999999995, 226, 0.5839445871714397
218, 115, -11.399999999999975, 222, 0.8012364228888933
219, 192, -19.1, 236, 0.8406872203363429
220, 98, -9.699999999999982, 217, 0.566651867807723
221, 225, -22.40000000000005, 227, 0.70048985769263
222, 54, -5.299999999999997, 232, 1.017186661274002
223, 218, -21.70000000000004, 224, 1.1186105214979252
224, 167, -16.599999999999966, 245, 0.990917871239843
225, 197, -19.60000000000001, 221, 0.4940277445800254
226, 225, -22.40000000000005, 236, 0.6704782715141757
227, 101, -9.99999999999998, 234, 0.7362925944640067
228, 225, -22.40000000000005, 247, 0.9791052206650397
229, 225, -22.40000000000005, 220, 0.6336079987857159
230, 57, -5.599999999999996, 239, 0.44494250851406836
231, 225, -22.40000000000005, 239, 0.5813599017612763
232, 104, -10.29999999999998, 244, 0.6406178719283595
233, 105, -10.399999999999979, 236, 0.8412122359645586
234, 112, -11.099999999999977, 231, 0.62499608785253
235, 85, -8.399999999999986, 245, 0.5811406449822095
236, 125, -12.399999999999972, 236, 0.47259961314053944
237, 215, -21.400000000000034, 232, 0.8910647486912859
238, 187, -18.599999999999994, 248, 0.7879587694323984
239, 63, -6.199999999999994, 228, 0.9806048826151619
240, 221, -22.000000000000043, 243, 0.5998837456801009
241, 74, -7.29999999999999, 251, 0.9098998724033476
242, 169, -16.79999999999997, 251, 0.6542987833091427
243, 53, -5.1999999999999975, 234, 0.88160370905883
244, 225, -22.40000000000005, 241, 0.954553487405299
245, 225, -22.40000000000005, 245, 1.1323490034150492
246, 67, -6.5999999999999925, 235, 1.0438590238193697
247, 225, -22.40000000000005, 244, 0.5481845124363853
248, 180, -17.899999999999984, 241, 0.9485661124384746
249, 202, -20.100000000000016, 243, 0.5276841264584533
250, 185, -18.39999999999999, 255, 1.0109430795914887
251, 101, -9.99999999999998, 232, 0.7547102891832567
252, 131, -12.99999999999997, 244, 1.020271187296883
253, 133, -13.199999999999969, 249, 0.5899643988780809
254, 98, -9.699999999999982, 245, 0.5548862883617902
255, 81, -7.999999999999988, 243, 0.6588665414655637
256, 78, -7.699999999999989, 238, 0.7534823205885095
257, 150, -14.899999999999963, 254, 0.6999814671836755
258, 111, -10.999999999999977, 244, 0.5718569924251171
259, 126, -12.499999999999972, 253, 0.72585294451126
260, 129, -12.79999999999997, 249, 0.31670453626228
261, 84, -8.299999999999986, 245, 0.762703854559311
262, 74, -7.29999999999999, 239, 0.5900285556972769
263, 225, -22.40000000000005, 247, 0.6798602342345164
264, 67, -6.5999999999999925, 248, 0.5921203754607784
265, 155, -15.399999999999961, 249, 0.7429750361105723
266, 225, -22.40000000000005, 262, 0.50966536699767
267, 154, -15.299999999999962, 251, 0.43772175861762896
268, 188, -18.699999999999996, 244, 0.6542136470164395
269, 225, -22.40000000000005, 266, 0.5325250775624659
270, 86, -8.499999999999986, 270, 0.49701431324285616
271, 225, -22.40000000000005, 267, 1.143543261229615
272, 101, -9.99999999999998, 250, 0.6740828473631408
273, 184, -18.29999999999999, 276, 1.1403234528164543
274, 116, -11.499999999999975, 258, 0.8885867233218767
275, 225, -22.40000000000005, 255, 0.7580768802913989
276, 176, -17.49999999999998, 253, 0.889751084598517
277, 56, -5.4999999999999964, 243, 0.9380706317228618
278, 225, -22.40000000000005, 263, 0.6846954804032446
279, 173, -17.199999999999974, 284, 0.7137757020045776
280, 225, -22.40000000000005, 266, 0.683651211431973
281, 106, -10.499999999999979, 248, 0.66554685991784
282, 225, -22.40000000000005, 273, 1.0436426561986618
283, 225, -22.40000000000005, 278, 0.5784698843928338
284, 225, -22.40000000000005, 276, 0.6092360552923998
285, 124, -12.299999999999972, 267, 0.7498305382781061
286, 106, -10.499999999999979, 267, 0.7532274383195698
287, 87, -8.599999999999985, 265, 0.5125608848188199
288, 225, -22.40000000000005, 255, 0.9054868991212328
289, 225, -22.40000000000005, 260, 0.7305745049429628
290, 225, -22.40000000000005, 263, 0.6803237859986888
291, 183, -18.19999999999999, 251, 0.9818234666793444
292, 61, -5.999999999999995, 271, 0.955257812246515
293, 101, -9.99999999999998, 272, 0.643581020635172
294, 225, -22.40000000000005, 265, 0.7956917735002755
295, 98, -9.699999999999982, 262, 0.7752643276548636
296, 225, -22.40000000000005, 270, 0.6077870539763897
297, 220, -21.90000000000004, 274, 0.4115081047777731
298, 194, -19.300000000000004, 268, 0.5925000581660118
299, 182, -18.099999999999987, 272, 1.08814455894675
300, 225, -22.40000000000005, 283, 1.2238089349723653
301, 128, -12.69999999999997, 263, 0.5740008020162377
302, 180, -17.899999999999984, 260, 1.0024227486009416
303, 225, -22.40000000000005, 284, 0.6300649319907352
304, 224, -22.300000000000047, 273, 0.6371631673705974
305, 191, -19.0, 290, 0.6988488467992013
306, 225, -22.40000000000005, 263, 0.6390568078136134
307, 103, -10.19999999999998, 275, 0.6228601480487307
308, 188, -18.699999999999996, 279, 0.7044509651166835
309, 96, -9.499999999999982, 261, 0.8261417666967471
310, 102, -10.09999999999998, 279, 0.5809380539946134
311, 225, -22.40000000000005, 272, 0.872253520316367
312, 58, -5.699999999999996, 265, 0.5540114481047249
313, 82, -8.099999999999987, 266, 0.42759885050616186
314, 95, -9.399999999999983, 273, 0.5811065075533386
315, 225, -22.40000000000005, 286, 0.6874463980537726
316, 95, -9.399999999999983, 272, 0.7594015160531242
317, 108, -10.699999999999978, 289, 0.748227461462355
318, 176, -17.49999999999998, 298, 1.0622993932921383
319, 75, -7.39999999999999, 277, 0.8016447088589485
320, 225, -22.40000000000005, 273, 1.0892408622147798
321, 107, -10.599999999999978, 290, 0.4245123915734701
322, 225, -22.40000000000005, 290, 1.0514409809661203
323, 225, -22.40000000000005, 293, 0.7267794530544727
324, 156, -15.499999999999961, 278, 0.8266848947086358
325, 225, -22.40000000000005, 304, 0.759020249983394
326, 115, -11.399999999999975, 293, 0.9049217332667556
327, 225, -22.40000000000005, 291, 0.46057147822650246
328, 225, -22.40000000000005, 301, 0.8502894905931901
329, 225, -22.40000000000005, 300, 0.9637564884449414
330, 85, -8.399999999999986, 295, 0.7249544282479974
331, 206, -20.50000000000002, 299, 0.8940051282959103
332, 225, -22.40000000000005, 294, 0.9070053954372628
333, 169, -16.79999999999997, 292, 0.9613292589542564
334, 89, -8.799999999999985, 299, 0.4602765003040278
335, 225, -22.40000000000005, 274, 0.6360856829096795
336, 90, -8.899999999999984, 294, 0.8928510269550425
337, 174, -17.299999999999976, 278, 0.6647605541761972
338, 142, -14.099999999999966, 300, 1.0213501054536365
339, 124, -12.299999999999972, 303, 0.6795292586095409
340, 68, -6.699999999999992, 302, 0.782895441657691
341, 175, -17.399999999999977, 294, 0.8392809924680491
342, 89, -8.799999999999985, 303, 0.6356086559505338
343, 59, -5.799999999999995, 305, 0.41097146325064027
344, 197, -19.60000000000001, 294, 0.812829724213969
345, 223, -22.200000000000045, 294, 0.6665817577865569
346, 225, -22.40000000000005, 274, 0.7517128337369681
347, 184, -18.29999999999999, 300, 1.0375730519119646
348, 57, -5.599999999999996, 293, 0.9806416428043594
349, 94, -9.299999999999983, 308, 0.5909251359734036
350, 225, -22.40000000000005, 287, 0.8049531864452883
351, 225, -22.40000000000005, 297, 0.934987437171394
352, 71, -6.999999999999991, 299, 0.5879521940007155
353, 225, -22.40000000000005, 309, 0.9776270837556416
354, 225, -22.40000000000005, 304, 0.8777656027839389
355, 112, -11.099999999999977, 305, 0.8151843028319652
356, 78, -7.699999999999989, 316, 0.49840219557350984
357, 106, -10.499999999999979, 286, 0.35739804751204796
358, 225, -22.40000000000005, 283, 0.6406819976064686
359, 62, -6.099999999999994, 313, 0.7236015402825404
360, 225, -22.40000000000005, 294, 0.8596069388530831
361, 99, -9.799999999999981, 299, 0.6284558256912942
362, 225, -22.40000000000005, 301, 0.7529773100128199
363, 77, -7.599999999999989, 311, 0.7298063980791178
364, 225, -22.40000000000005, 303, 1.0395950962788616
365, 126, -12.499999999999972, 298, 0.9735190350513294
366, 197, -19.60000000000001, 299, 0.44887049642152554
367, 116, -11.499999999999975, 314, 0.9070860830125729
368, 225, -22.40000000000005, 293, 0.5430491442716183
369, 225, -22.40000000000005, 312, 0.8026139065307376
370, 106, -10.499999999999979, 295, 0.586333498033224
371, 51, -4.999999999999998, 305, 0.6458234271788839
372, 79, -7.799999999999988, 307, 0.9789753768137959
373, 97, -9.599999999999982, 311, 0.5703606496849858
374, 204, -20.30000000000002, 298, 0.662791100885615
375, 70, -6.8999999999999915, 314, 0.93325901148041
376, 225, -22.40000000000005, 309, 1.1874207590322916
377, 225, -22.40000000000005, 298, 0.8400105047989671
378, 178, -17.69999999999998, 347, 1.0149301582673675
379, 102, -10.09999999999998, 314, 0.5780192510786784
380, 99, -9.799999999999981, 309, 0.7440566194903457
381, 225, -22.40000000000005, 309, 0.5400878490409433
382, 196, -19.500000000000007, 326, 0.5641723037813384
383, 225, -22.40000000000005, 314, 0.9114880453447745
384, 171, -16.99999999999997, 302, 0.3936303227165192
385, 202, -20.100000000000016, 342, 0.8737611796438431
386, 102, -10.09999999999998, 322, 0.5724183491394914
387, 225, -22.40000000000005, 310, 0.7484852923072345
388, 76, -7.499999999999989, 317, 0.537040667929267
389, 143, -14.199999999999966, 319, 0.5961685272081105
390, 79, -7.799999999999988, 318, 0.714224240533341
391, 225, -22.40000000000005, 311, 0.6996331198766284
392, 225, -22.40000000000005, 314, 1.0703778992809738
393, 175, -17.399999999999977, 322, 0.6015795347143209
394, 225, -22.40000000000005, 327, 0.8990924831676397
395, 225, -22.40000000000005, 339, 0.3894232269101856
396, 225, -22.40000000000005, 317, 0.7744548025560523
397, 191, -19.0, 321, 1.2621666726735352
398, 225, -22.40000000000005, 323, 0.863235616410857
399, 117, -11.599999999999975, 312, 0.9114868599154486
400, 225, -22.40000000000005, 313, 0.8662247044060076
401, 143, -14.199999999999966, 350, 0.714509194099146
402, 88, -8.699999999999985, 331, 0.7973470086848529
403, 180, -17.899999999999984, 340, 0.6345898570006399
404, 148, -14.699999999999964, 339, 1.2287691118127857
405, 145, -14.399999999999965, 331, 0.7855620088721991
406, 225, -22.40000000000005, 320, 0.6122231284927796
407, 111, -10.999999999999977, 327, 0.5508861956211337
408, 197, -19.60000000000001, 327, 0.7540725271083559
409, 90, -8.899999999999984, 345, 0.7421483851983361
410, 148, -14.699999999999964, 328, 0.7892427604114829
411, 225, -22.40000000000005, 330, 0.7802288373713577
412, 225, -22.40000000000005, 350, 1.0133528132076353
413, 159, -15.79999999999996, 341, 1.2030867632318785
414, 155, -15.399999999999961, 333, 0.8631751566686332
415, 94, -9.299999999999983, 326, 0.47894666208487724
416, 222, -22.100000000000044, 329, 0.7373970171057942
417, 98, -9.699999999999982, 356, 0.9302517891650939
418, 213, -21.20000000000003, 334, 0.6375071891030499
419, 84, -8.299999999999986, 343, 0.5097513891325027
420, 143, -14.199999999999966, 328, 0.3724557969951343
421, 72, -7.099999999999991, 344, 0.7248514022371402
422, 63, -6.199999999999994, 321, 0.8882499329073013
423, 94, -9.299999999999983, 316, 0.46934794826139514
424, 225, -22.40000000000005, 323, 0.47969237315208124
425, 60, -5.899999999999995, 330, 0.4699525676898464
426, 131, -12.99999999999997, 331, 0.7354685038782334
427, 61, -5.999999999999995, 352, 0.6826271369710175
428, 95, -9.399999999999983, 341, 1.1050488552510895
429, 81, -7.999999999999988, 349, 0.6370264392990603
430, 104, -10.29999999999998, 334, 0.5623371883755239
431, 151, -14.999999999999963, 351, 0.7127718296819809
432, 225, -22.40000000000005, 340, 0.9126264387467731
433, 143, -14.199999999999966, 362, 0.855244243625549
434, 70, -6.8999999999999915, 349, 0.5678992966107912
435, 225, -22.40000000000005, 343, 0.6717006875654397
436, 160, -15.89999999999996, 326, 0.8162784156145215
437, 86, -8.499999999999986, 339, 0.5533310752730205
438, 82, -8.099999999999987, 336, 0.7355301355448876
439, 225, -22.40000000000005, 351, 0.9487343182658248
440, 104, -10.29999999999998, 327, 0.33717868857211997
441, 92, -9.099999999999984, 365, 0.718832660237589
442, 75, -7.39999999999999, 338, 0.4592913148398967
443, 225, -22.40000000000005, 342, 0.36555786541204904
444, 225, -22.40000000000005, 342, 0.8393487124817023
445, 109, -10.799999999999978, 354, 0.36479371925800863
446, 54, -5.299999999999997, 347, 0.705371027421779
447, 190, -18.9, 345, 0.553131815879945
448, 225, -22.40000000000005, 353, 0.5684058116566078
449, 56, -5.4999999999999964, 338, 0.6690116141217635
450, 147, -14.599999999999964, 356, 0.41417060952767093
451, 157, -15.59999999999996, 367, 0.701310013885541
452, 225, -22.40000000000005, 348, 0.6105677933810987
453, 102, -10.09999999999998, 361, 0.6663269526431246
454, 109, -10.799999999999978, 354, 0.5117855844042909
455, 225, -22.40000000000005, 346, 1.0031823447611514
456, 225, -22.40000000000005, 368, 0.5953059219933508
457, 109, -10.799999999999978, 358, 0.6914487209017623
458, 225, -22.40000000000005, 358, 1.1011238559174388
459, 225, -22.40000000000005, 354, 0.8540913357202529
460, 198, -19.70000000000001, 369, 0.965805449948931
461, 225, -22.40000000000005, 333, 0.6926069101574284
462, 225, -22.40000000000005, 367, 0.7161472582561346
463, 225, -22.40000000000005, 361, 0.8118015536538703
464, 66, -6.499999999999993, 361, 0.6420629954567199
465, 106, -10.499999999999979, 361, 0.6494424005585095
466, 225, -22.40000000000005, 342, 0.44132946464610134
467, 62, -6.099999999999994, 354, 1.004733232406124
468, 225, -22.40000000000005, 388, 0.7622035479501772
469, 81, -7.999999999999988, 339, 0.5285870371003099
470, 198, -19.70000000000001, 366, 0.627191377034396
471, 177, -17.59999999999998, 367, 0.7028429625786461
472, 140, -13.899999999999967, 356, 0.5291126918849898
473, 225, -22.40000000000005, 359, 0.8564211441674137
474, 68, -6.699999999999992, 353, 0.7394959499655696
475, 183, -18.19999999999999, 375, 1.0180452257751078
476, 174, -17.299999999999976, 358, 0.8000303314505643
477, 134, -13.299999999999969, 340, 0.7454811214204087
478, 49, -4.799999999999999, 373, 0.7315531128287966
479, 225, -22.40000000000005, 366, 0.6839325009927204
480, 59, -5.799999999999995, 357, 1.0656821377121766
481, 225, -22.40000000000005, 358, 0.9409242760303407
482, 168, -16.699999999999967, 365, 0.9766363696745572
483, 90, -8.899999999999984, 362, 0.43253546430892964
484, 168, -16.699999999999967, 362, 0.9199285658529792
485, 225, -22.40000000000005, 372, 0.645624146364935
486, 225, -22.40000000000005, 363, 0.7575405553039436
487, 146, -14.499999999999964, 372, 0.7971402007794
488, 173, -17.199999999999974, 341, 0.5442604688076258
489, 64, -6.299999999999994, 362, 0.4953963375481685
490, 119, -11.799999999999974, 358, 0.40218819841424525
491, 94, -9.299999999999983, 345, 0.8747270522134043
492, 79, -7.799999999999988, 370, 1.0675600180086806
493, 225, -22.40000000000005, 354, 0.8606395413177412
494, 225, -22.40000000000005, 362, 0.872578164548369
495, 225, -22.40000000000005, 368, 0.48039295862649567
496, 99, -9.799999999999981, 368, 1.1089091198372976
497, 225, -22.40000000000005, 381, 0.9610223062062841
498, 124, -12.299999999999972, 396, 0.7449254483946652
499, 225, -22.40000000000005, 368, 0.7982709839046729
500, 166, -16.499999999999964, 385, 0.6030471201212402
501, 225, -22.40000000000005, 374, 1.1856035208202056
502, 225, -22.40000000000005, 379, 0.8100237948581253
503, 127, -12.599999999999971, 356, 0.8097582554907836
504, 129, -12.79999999999997, 400, 0.48678947557059793
505, 94, -9.299999999999983, 372, 0.8485206166353207
506, 142, -14.099999999999966, 391, 1.0382563795604138
507, 225, -22.40000000000005, 382, 0.8341793783998379
508, 82, -8.099999999999987, 380, 0.474814051005227
509, 94, -9.299999999999983, 380, 0.6944333592289664
510, 87, -8.599999999999985, 377, 0.8272934373949483
511, 225, -22.40000000000005, 400, 1.3615303711018676
512, 225, -22.40000000000005, 377, 0.8581310810078446
513, 219, -21.80000000000004, 380, 0.7482865563285785
514, 197, -19.60000000000001, 393, 0.6658543785330959
515, 206, -20.50000000000002, 380, 0.5042414448897032
516, 225, -22.40000000000005, 379, 0.7432649694575502
517, 135, -13.399999999999968, 375, 0.620416388195161
518, 225, -22.40000000000005, 394, 0.7602872230483633
519, 225, -22.40000000000005, 392, 0.7471065544992381
520, 225, -22.40000000000005, 380, 1.2310968428961302
521, 225, -22.40000000000005, 384, 0.6788311420394464
522, 225, -22.40000000000005, 374, 0.5845086783295468
523, 225, -22.40000000000005, 384, 0.5251322580344358
524, 144, -14.299999999999965, 380, 0.7251099248632786
525, 225, -22.40000000000005, 375, 0.5515673519296893
526, 225, -22.40000000000005, 389, 0.4325156657102811
527, 138, -13.699999999999967, 394, 0.675599127997085
528, 184, -18.29999999999999, 381, 0.7430794369122413
529, 65, -6.399999999999993, 393, 0.9238460026060142
530, 123, -12.199999999999973, 386, 0.8945195203613814
531, 131, -12.99999999999997, 391, 0.8555402753090692
532, 225, -22.40000000000005, 375, 0.6414697822883106
533, 59, -5.799999999999995, 398, 0.5505959211292408
534, 77, -7.599999999999989, 394, 0.4382472630150578
535, 213, -21.20000000000003, 387, 1.0189764703816215
536, 133, -13.199999999999969, 385, 0.939415464324151
537, 78, -7.699999999999989, 396, 0.6819308054651998
538, 225, -22.40000000000005, 379, 0.8112464625853484
539, 110, -10.899999999999977, 389, 0.580678958911502
540, 225, -22.40000000000005, 401, 0.8627473566847366
541, 225, -22.40000000000005, 416, 0.7867959945004155
542, 104, -10.29999999999998, 413, 0.5270615715515352
543, 225, -22.40000000000005, 377, 0.49841738145992753
544, 213, -21.20000000000003, 408, 0.6536589154254242
545, 225, -22.40000000000005, 398, 1.0091234640246767
546, 59, -5.799999999999995, 391, 0.48436463061210144
547, 64, -6.299999999999994, 374, 0.6620327061876918
548, 129, -12.79999999999997, 408, 0.6556299049842989
549, 168, -16.699999999999967, 392, 0.6821526562026318
550, 99, -9.799999999999981, 384, 0.594878173290823
551, 137, -13.599999999999968, 396, 0.7214113967428855
552, 225, -22.40000000000005, 406, 0.6950086293901201
553, 225, -22.40000000000005, 415, 0.708458082909678
554, 137, -13.599999999999968, 401, 0.5639694053239662
555, 106, -10.499999999999979, 419, 0.770302935946559
556, 225, -22.40000000000005, 430, 0.9834683163333415
557, 147, -14.599999999999964, 414, 0.7939548527560722
558, 176, -17.49999999999998, 437, 0.9176470046203615
559, 76, -7.499999999999989, 442, 0.6634693720072669
560, 225, -22.40000000000005, 461, 0.889055565987158
561, 225, -22.40000000000005, 416, 1.2559478926036076
562, 199, -19.80000000000001, 411, 0.51003739870804
563, 140, -13.899999999999967, 423, 0.47792975757962664
564, 126, -12.499999999999972, 437, 0.6788798830063509
565, 169, -16.79999999999997, 455, 0.4364580629921493
566, 133, -13.199999999999969, 400, 0.515936220769007
567, 225, -22.40000000000005, 393, 0.7083698974393717
568, 225, -22.40000000000005, 402, 0.5155221403088213
569, 150, -14.899999999999963, 414, 0.7418197332392285
570, 76, -7.499999999999989, 404, 0.6523450839280569
571, 161, -15.99999999999996, 414, 0.4343256763225378
572, 225, -22.40000000000005, 417, 0.9115435379248593
573, 225, -22.40000000000005, 409, 1.0366234010527622
574, 190, -18.9, 414, 0.5852442477338777
575, 225, -22.40000000000005, 394, 0.49064742698850194
576, 225, -22.40000000000005, 414, 0.7276994251597015
577, 225, -22.40000000000005, 406, 0.9655808311318312
578, 225, -22.40000000000005, 442, 0.5136264938475579
579, 225, -22.40000000000005, 405, 0.9644241098174309
580, 225, -22.40000000000005, 404, 0.4992048329717891
581, 109, -10.799999999999978, 428, 0.7635571781813386
582, 225, -22.40000000000005, 401, 0.4645608513630972
583, 188, -18.699999999999996, 418, 0.6494795949248546
584, 81, -7.999999999999988, 422, 0.48388294327579184
585, 74, -7.29999999999999, 452, 0.7064218826965585
586, 78, -7.699999999999989, 436, 0.6584571413380818
587, 147, -14.599999999999964, 412, 1.03808647890141
588, 120, -11.899999999999974, 414, 0.6478315155065206
589, 225, -22.40000000000005, 439, 0.8447431805897467
590, 125, -12.399999999999972, 428, 0.9530181090466185
591, 142, -14.099999999999966, 416, 0.7366308923880687
592, 225, -22.40000000000005, 429, 0.7644343366561719
593, 211, -21.00000000000003, 432, 0.7364231739665903
594, 195, -19.400000000000006, 416, 0.9224414029743717
595, 103, -10.19999999999998, 414, 0.7437223687952503
596, 170, -16.89999999999997, 412, 0.9488408848668235
597, 85, -8.399999999999986, 427, 0.9176968358721478
598, 215, -21.400000000000034, 424, 0.7496255209336198
599, 126, -12.499999999999972, 447, 0.7603090095793972
600, 87, -8.599999999999985, 457, 0.5976407689729659
601, 156, -15.499999999999961, 415, 0.40390426246161315
602, 225, -22.40000000000005, 447, 0.6557282889906578
603, 149, -14.799999999999963, 415, 0.6107440129008737
604, 225, -22.40000000000005, 429, 0.5667462662063443
605, 110, -10.899999999999977, 414, 0.6375450589436866
606, 225, -22.40000000000005, 449, 0.5130427785540655
607, 89, -8.799999999999985, 438, 0.6035685593276696
608, 118, -11.699999999999974, 447, 0.8258614753094158
609, 225, -22.40000000000005, 439, 0.6577140006702482
610, 225, -22.40000000000005, 421, 0.9187912379222427
611, 101, -9.99999999999998, 436, 0.7214594134833615
612, 104, -10.29999999999998, 426, 1.0063223618071089
613, 50, -4.899999999999999, 421, 1.065413884051308
614, 160, -15.89999999999996, 434, 0.9555074401924388
615, 156, -15.499999999999961, 438, 0.912001254385943
616, 77, -7.599999999999989, 446, 0.9265392474406635
617, 225, -22.40000000000005, 419, 0.9734092867496331
618, 223, -22.200000000000045, 455, 0.6415701689546456
619, 156, -15.499999999999961, 431, 0.5059978309373037
620, 225, -22.40000000000005, 424, 0.912052952814058
621, 225, -22.40000000000005, 414, 0.6045196982277101
622, 69, -6.799999999999992, 425, 0.5823166150312147
623, 225, -22.40000000000005, 453, 0.678771552391471
624, 110, -10.899999999999977, 424, 0.8563628267611954
625, 136, -13.499999999999968, 434, 0.5165216588827826
626, 148, -14.699999999999964, 429, 0.9115852995424047
627, 77, -7.599999999999989, 459, 0.9119823216553655
628, 176, -17.49999999999998, 451, 0.7562659584990155
629, 146, -14.499999999999964, 432, 0.6538418808100803
630, 225, -22.40000000000005, 430, 0.8471551857147079
631, 225, -22.40000000000005, 434, 0.7904502828624405
632, 133, -13.199999999999969, 448, 0.563078078311742
633, 225, -22.40000000000005, 447, 0.7664805473292275
634, 161, -15.99999999999996, 437, 0.6717378412379609
635, 124, -12.299999999999972, 432, 0.6114457887356708
636, 211, -21.00000000000003, 452, 0.7029113459709466
637, 225, -22.40000000000005, 441, 0.5240462026289405
638, 225, -22.40000000000005, 458, 0.5888160266796159
639, 178, -17.69999999999998, 450, 0.9266629376565501
640, 92, -9.099999999999984, 462, 0.9959933309251334
641, 205, -20.40000000000002, 441, 0.6722096845561403
642, 55, -5.399999999999997, 427, 0.5770642396966625
643, 225, -22.40000000000005, 447, 0.8933398865198636
644, 92, -9.099999999999984, 461, 0.843520664386133
645, 149, -14.799999999999963, 447, 0.6405303689024788
646, 225, -22.40000000000005, 452, 0.8721319181785361
647, 225, -22.40000000000005, 469, 0.6591375668537228
648, 73, -7.19999999999999, 451, 0.6656274607844614
649, 225, -22.40000000000005, 457, 0.7247047649013973
650, 225, -22.40000000000005, 464, 0.6354072061748246
651, 225, -22.40000000000005, 458, 0.8061556345278658
652, 49, -4.799999999999999, 460, 0.6868765128695378
653, 158, -15.69999999999996, 462, 0.6847506908331491
654, 225, -22.40000000000005, 491, 0.9356151682388312
655, 79, -7.799999999999988, 439, 1.0306263116457202
656, 167, -16.599999999999966, 449, 0.7334209378857528
657, 225, -22.40000000000005, 447, 0.6177911937977609
658, 106, -10.499999999999979, 456, 0.6394906849848234
659, 135, -13.399999999999968, 456, 1.0157752789714238
660, 128, -12.69999999999997, 458, 0.6179850959355848
661, 57, -5.599999999999996, 448, 0.7769920596153703
662, 225, -22.40000000000005, 459, 0.9600634006042927
663, 149, -14.799999999999963, 496, 0.7542873962662249
664, 214, -21.300000000000033, 460, 0.7042578818721896
665, 221, -22.000000000000043, 467, 0.7829019144726743
666, 216, -21.500000000000036, 447, 0.5178629391477934
667, 172, -17.099999999999973, 453, 0.8569830904441573
668, 223, -22.200000000000045, 464, 0.9942428647709415
669, 184, -18.29999999999999, 465, 0.6823671660613373
670, 180, -17.899999999999984, 492, 0.7913934399172788
671, 91, -8.999999999999984, 459, 0.24709691261257705
672, 99, -9.799999999999981, 458, 0.6853288229617847
673, 175, -17.399999999999977, 465, 0.5338120284322612
674, 93, -9.199999999999983, 466, 0.6615924168895728
675, 87, -8.599999999999985, 476, 0.8849169074645467
676, 52, -5.099999999999998, 476, 0.31057890505235974
677, 165, -16.399999999999963, 465, 0.928393727411265
678, 125, -12.399999999999972, 474, 0.45580039930348004
679, 225, -22.40000000000005, 469, 0.7660558032960969
680, 120, -11.899999999999974, 476, 0.9889881174049111
681, 63, -6.199999999999994, 455, 0.48851353322322977
682, 111, -10.999999999999977, 483, 0.9519994637323879
683, 77, -7.599999999999989, 450, 1.042681433475268
684, 190, -18.9, 489, 0.48398530405418194
685, 158, -15.69999999999996, 486, 0.5685256942881511
686, 78, -7.699999999999989, 490, 0.6849891812777529
687, 63, -6.199999999999994, 475, 0.8942844678098005
688, 225, -22.40000000000005, 489, 1.0809325003177452
689, 86, -8.499999999999986, 477, 0.9090329828901869
690, 225, -22.40000000000005, 474, 0.41889734836631565
691, 225, -22.40000000000005, 464, 0.6891269650367624
692, 148, -14.699999999999964, 470, 0.8767284546554444
693, 225, -22.40000000000005, 498, 1.1648381333759752
694, 188, -18.699999999999996, 490, 0.9119822677542784
695, 194, -19.300000000000004, 482, 0.5510098186800532
696, 64, -6.299999999999994, 474, 0.49589030752427465
697, 225, -22.40000000000005, 491, 0.6936061695644633
698, 103, -10.19999999999998, 492, 0.4732800488244737
699, 49, -4.799999999999999, 473, 0.8243727653328556
700, 116, -11.499999999999975, 487, 0.8360347685545557
701, 107, -10.599999999999978, 476, 0.655982424298093
702, 225, -22.40000000000005, 481, 0.7338387447538448
703, 98, -9.699999999999982, 479, 0.4216554410724178
704, 194, -19.300000000000004, 473, 0.7775311232471758
705, 225, -22.40000000000005, 492, 0.7578173821993355
706, 178, -17.69999999999998, 483, 0.9211151860776532
707, 112, -11.099999999999977, 477, 0.6787364976781736
708, 104, -10.29999999999998, 477, 0.6019007136284742
709, 225, -22.40000000000005, 478, 0.4280879954767447
710, 97, -9.599999999999982, 464, 0.8688358837562284
711, 225, -22.40000000000005, 486, 0.8725464080705829
712, 225, -22.40000000000005, 473, 0.7288485162948266
713, 56, -5.4999999999999964, 509, 0.549965851278055
714, 195, -19.400000000000006, 520, 0.639660168190455
715, 54, -5.299999999999997, 511, 0.4421641993345875
716, 225, -22.40000000000005, 463, 1.5011866624379089
717, 183, -18.19999999999999, 488, 0.7642810600747899
718, 174, -17.299999999999976, 501, 1.0849819744300504
719, 79, -7.799999999999988, 492, 1.040867791216634
720, 182, -18.099999999999987, 461, 0.6496295005221029
721, 65, -6.399999999999993, 468, 0.4091935813774956
722, 225, -22.40000000000005, 478, 0.7546980364939617
723, 225, -22.40000000000005, 463, 0.6980674258367094
724, 118, -11.699999999999974, 519, 0.7314031147264943
725, 86, -8.499999999999986, 495, 0.7594300725463601
726, 225, -22.40000000000005, 514, 0.8626304858942455
727, 186, -18.499999999999993, 504, 0.5693555771192111
728, 59, -5.799999999999995, 477, 0.8239488439549603
729, 225, -22.40000000000005, 502, 0.8066197756796466
730, 160, -15.89999999999996, 485, 0.5560199107109405
731, 225, -22.40000000000005, 485, 0.97696243317308
732, 51, -4.999999999999998, 482, 0.38579476243123034
733, 225, -22.40000000000005, 485, 0.5574314432960814
734, 103, -10.19999999999998, 499, 0.8799992096537643
735, 225, -22.40000000000005, 482, 0.5664135060228475
736, 225, -22.40000000000005, 497, 0.972881225592761
737, 128, -12.69999999999997, 507, 0.5917164578108198
738, 143, -14.199999999999966, 504, 0.5648245840588082
739, 225, -22.40000000000005, 509, 0.5940177927468602
740, 160, -15.89999999999996, 484, 0.5447282162363849
741, 143, -14.199999999999966, 475, 0.8150814880261561
742, 118, -11.699999999999974, 515, 0.6381271462572258
743, 225, -22.40000000000005, 498, 0.6891229310933178
744, 225, -22.40000000000005, 500, 0.8039281125200572
745, 195, -19.400000000000006, 511, 0.765330160509924
746, 157, -15.59999999999996, 480, 0.5181562518655971
747, 196, -19.500000000000007, 498, 0.5054372642285467
748, 225, -22.40000000000005, 517, 0.70620124543828
749, 118, -11.699999999999974, 501, 0.7002430596278378
750, 225, -22.40000000000005, 499, 0.7316053781236622
751, 55, -5.399999999999997, 504, 0.7336089702657302
752, 78, -7.699999999999989, 503, 0.7737717744963328
753, 225, -22.40000000000005, 507, 0.7579445644074507
754, 125, -12.399999999999972, 496, 0.6420317600019694
755, 225, -22.40000000000005, 515, 0.43925144434662977
756, 74, -7.29999999999999, 507, 1.0982312273197499
757, 120, -11.899999999999974, 493, 0.5442917423802456
758, 225, -22.40000000000005, 487, 0.2779306623847606
759, 225, -22.40000000000005, 536, 0.9986827732114487
760, 131, -12.99999999999997, 509, 1.0700074726028217
761, 121, -11.999999999999973, 517, 0.5674192300722317
762, 55, -5.399999999999997, 502, 0.5675480262350536
763, 123, -12.199999999999973, 484, 0.5872057066369072
764, 84, -8.299999999999986, 520, 0.715521193514623
765, 130, -12.89999999999997, 475, 0.5330147539027124
766, 146, -14.499999999999964, 517, 0.7568238633113071
767, 225, -22.40000000000005, 530, 0.7955803619890782
768, 225, -22.40000000000005, 524, 1.0026170382411832
769, 77, -7.599999999999989, 530, 0.5786985290836651
770, 225, -22.40000000000005, 526, 0.7352344956471852
771, 225, -22.40000000000005, 521, 0.3330726286683059
772, 49, -4.799999999999999, 513, 0.29038352632513664
773, 111, -10.999999999999977, 515, 1.200130892569196
774, 124, -12.299999999999972, 523, 0.8695878822143168
775, 225, -22.40000000000005, 521, 0.6722640315037203
776, 156, -15.499999999999961, 507, 0.5906687472704755
777, 155, -15.399999999999961, 521, 0.7016518977913098
778, 225, -22.40000000000005, 488, 0.3822076643484711
779, 225, -22.40000000000005, 522, 0.8083142960126524
780, 225, -22.40000000000005, 523, 1.1916319260763149
781, 127, -12.599999999999971, 514, 0.6011474384348907
782, 175, -17.399999999999977, 504, 0.5915822383212674
783, 225, -22.40000000000005, 527, 0.8871295761070255
784, 102, -10.09999999999998, 498, 0.4291047310448275
785, 165, -16.399999999999963, 531, 0.7375170738769523
786, 171, -16.99999999999997, 536, 0.9550858737343626
787, 172, -17.099999999999973, 532, 0.6005773040450197
788, 225, -22.40000000000005, 538, 0.7552543812658286
789, 225, -22.40000000000005, 531, 0.5493706153786366
790, 182, -18.099999999999987, 536, 0.750097585637457
791, 225, -22.40000000000005, 525, 1.0434215595665783
792, 141, -13.999999999999966, 522, 0.5582975902471099
793, 124, -12.299999999999972, 544, 0.8293826523669727
794, 220, -21.90000000000004, 525, 0.946865717440275
795, 225, -22.40000000000005, 514, 0.6813419029170937
796, 225, -22.40000000000005, 518, 0.6857567179058996
797, 225, -22.40000000000005, 535, 0.7551304705741146
798, 225, -22.40000000000005, 536, 0.7430677104345635
799, 67, -6.5999999999999925, 524, 0.7321521108322318
800, 225, -22.40000000000005, 495, 0.5408198452158546
801, 150, -14.899999999999963, 511, 0.8111387102101171
802, 126, -12.499999999999972, 526, 0.7665717905027334
803, 225, -22.40000000000005, 531, 0.7572567822665808
804, 106, -10.499999999999979, 520, 0.6514684643261166
805, 53, -5.1999999999999975, 520, 0.9358191886649836
806, 169, -16.79999999999997, 527, 0.6027570323464859
807, 89, -8.799999999999985, 527, 0.5154647223936522
808, 81, -7.999999999999988, 543, 0.6366758837718627
809, 136, -13.499999999999968, 518, 0.654422101343046
810, 180, -17.899999999999984, 533, 0.6886984638958533
811, 75, -7.39999999999999, 543, 0.5677321649447928
812, 225, -22.40000000000005, 536, 0.7302003151318717
813, 136, -13.499999999999968, 541, 0.8829443191797615
814, 145, -14.399999999999965, 531, 0.8305398961633772
815, 206, -20.50000000000002, 550, 0.8440615426388405
816, 225, -22.40000000000005, 534, 0.48281218125180736
817, 90, -8.899999999999984, 523, 0.3267131609628189
818, 57, -5.599999999999996, 543, 0.5914907930022468
819, 161, -15.99999999999996, 533, 0.3791218748944247
820, 225, -22.40000000000005, 536, 0.6803000871128164
821, 140, -13.899999999999967, 524, 0.46376441214875963
822, 87, -8.599999999999985, 539, 0.7647216130653685
823, 166, -16.499999999999964, 543, 0.7660327677692322
824, 225, -22.40000000000005, 546, 0.6368999972534726
825, 146, -14.499999999999964, 551, 0.7081774517515491
826, 218, -21.70000000000004, 553, 0.546454787135823
827, 225, -22.40000000000005, 523, 0.6843090081652488
828, 225, -22.40000000000005, 567, 0.7285181392594522
829, 64, -6.299999999999994, 566, 0.9009099411604748
830, 225, -22.40000000000005, 547, 0.7676694685020307
831, 124, -12.299999999999972, 550, 0.45993355759549526
832, 225, -22.40000000000005, 557, 0.8417514360278955
833, 139, -13.799999999999967, 541, 0.7913049772325631
834, 225, -22.40000000000005, 545, 0.7498981853048661
835, 225, -22.40000000000005, 518, 0.6237553787552255
836, 89, -8.799999999999985, 553, 0.793667953837079
837, 225, -22.40000000000005, 553, 0.702096673410216
838, 225, -22.40000000000005, 559, 0.8091562053015182
839, 225, -22.40000000000005, 554, 0.45240587062391224
840, 120, -11.899999999999974, 509, 0.567102316628977
841, 225, -22.40000000000005, 559, 0.8254383001827259
842, 142, -14.099999999999966, 537, 0.5102449574715591
843, 225, -22.40000000000005, 545, 0.49851971185277466
844, 224, -22.300000000000047, 564, 0.7030341203071107
845, 106, -10.499999999999979, 563, 0.7260796765689017
846, 146, -14.499999999999964, 546, 0.5177735098370122
847, 94, -9.299999999999983, 558, 0.7828423818811658
848, 225, -22.40000000000005, 548, 0.8261654966602456
849, 207, -20.600000000000023, 551, 0.6577445637422468
850, 225, -22.40000000000005, 550, 0.7239337379405928
851, 185, -18.39999999999999, 557, 0.715042490520764
852, 135, -13.399999999999968, 563, 0.8367660372687142
853, 225, -22.40000000000005, 578, 1.0553681873856102
854, 159, -15.79999999999996, 554, 0.5666234160942563
855, 162, -16.09999999999996, 544, 0.9037473088693897
856, 113, -11.199999999999976, 562, 1.020226673005285
857, 171, -16.99999999999997, 548, 0.8114794460983554
858, 71, -6.999999999999991, 569, 0.5080205053805611
859, 160, -15.89999999999996, 561, 0.9025693214450428
860, 87, -8.599999999999985, 567, 0.8104371025453401
861, 225, -22.40000000000005, 557, 0.6136389884161586
862, 225, -22.40000000000005, 566, 0.49412879200610593
863, 225, -22.40000000000005, 569, 0.5066713377118277
864, 88, -8.699999999999985, 572, 0.7064872943187135
865, 225, -22.40000000000005, 547, 0.5924973051945912
866, 225, -22.40000000000005, 569, 0.3422310230142065
867, 225, -22.40000000000005, 572, 0.6005255391998681
868, 225, -22.40000000000005, 561, 0.5683455407370657
869, 89, -8.799999999999985, 569, 0.4541446094342443
870, 128, -12.69999999999997, 584, 1.029697191965689
871, 111, -10.999999999999977, 563, 1.2595441331480495
872, 159, -15.79999999999996, 574, 0.7648237348974338
873, 100, -9.89999999999998, 567, 0.6668937267061823
874, 225, -22.40000000000005, 536, 0.9126057438504134
875, 168, -16.699999999999967, 578, 0.9531714248230427
876, 202, -20.100000000000016, 559, 0.5349089345059279
877, 225, -22.40000000000005, 562, 0.5820014567985687
878, 147, -14.599999999999964, 559, 0.8050493918491712
879, 105, -10.399999999999979, 561, 1.0657035122737204
880, 225, -22.40000000000005, 570, 0.992227242081007
881, 225, -22.40000000000005, 581, 1.1615321609203626
882, 225, -22.40000000000005, 586, 0.5667379687572556
883, 96, -9.499999999999982, 584, 0.8212437985533048
884, 225, -22.40000000000005, 571, 0.9832398343783875
885, 225, -22.40000000000005, 573, 0.9291498647435672
886, 149, -14.799999999999963, 571, 0.9172693936711449
887, 87, -8.599999999999985, 572, 0.8622730562097072
888, 99, -9.799999999999981, 586, 0.7337137844345243
889, 85, -8.399999999999986, 562, 0.6639587860560381
890, 225, -22.40000000000005, 570, 1.042089012261103
891, 225, -22.40000000000005, 562, 0.9070689119648504
892, 73, -7.19999999999999, 563, 0.3382552335916502
893, 81, -7.999999999999988, 557, 0.4149326637226358
894, 81, -7.999999999999988, 585, 0.6323963707807678
895, 225, -22.40000000000005, 562, 0.8466467988187127
896, 225, -22.40000000000005, 570, 0.7874428273601519
897, 225, -22.40000000000005, 565, 0.7753280695419855
898, 133, -13.199999999999969, 576, 0.598988918713109
899, 68, -6.699999999999992, 575, 0.9541575830041396
900, 225, -22.40000000000005, 568, 0.4988220448759355
901, 225, -22.40000000000005, 570, 0.6979579883520546
902, 143, -14.199999999999966, 583, 0.430514052001818
903, 111, -10.999999999999977, 581, 0.44617676856268496
904, 225, -22.40000000000005, 582, 0.5521314172272156
905, 225, -22.40000000000005, 605, 0.8782077049397579
906, 225, -22.40000000000005, 607, 0.7540362940660699
907, 190, -18.9, 587, 0.6066172786081176
908, 130, -12.89999999999997, 602, 0.5861655445146421
909, 50, -4.899999999999999, 599, 0.4802986376107974
910, 142, -14.099999999999966, 585, 0.7334227619676095
911, 97, -9.599999999999982, 578, 0.9448778223278866
912, 225, -22.40000000000005, 587, 1.1634273531965817
913, 183, -18.19999999999999, 610, 0.5307528417943495
914, 84, -8.299999999999986, 576, 0.8580369753386057
915, 113, -11.199999999999976, 566, 0.6573260658419096
916, 88, -8.699999999999985, 579, 0.8905170380834875
917, 225, -22.40000000000005, 576, 0.7911236751233983
918, 136, -13.499999999999968, 596, 0.8344514733555406
919, 108, -10.699999999999978, 578, 0.8290280175159266
920, 165, -16.399999999999963, 597, 0.8362499940674137
921, 199, -19.80000000000001, 589, 0.9012950962999058
922, 119, -11.799999999999974, 598, 0.6953383617107667
923, 225, -22.40000000000005, 571, 0.5746444089061189
924, 225, -22.40000000000005, 571, 0.7491890295216939
925, 83, -8.199999999999987, 600, 0.5481729590378235
926, 179, -17.799999999999983, 595, 0.9088251928196986
927, 129, -12.79999999999997, 597, 0.6208673977693002
928, 95, -9.399999999999983, 593, 0.5851295988910787
929, 106, -10.499999999999979, 597, 0.6120652654679111
930, 225, -22.40000000000005, 609, 0.6490900536824169
931, 140, -13.899999999999967, 588, 1.2916866041310628
932, 62, -6.099999999999994, 605, 0.8701372622060957
933, 112, -11.099999999999977, 610, 0.7963189459008735
934, 225, -22.40000000000005, 601, 0.6681015162532375
935, 225, -22.40000000000005, 609, 0.8872553130715062
936, 225, -22.40000000000005, 616, 1.1843832927631888
937, 184, -18.29999999999999, 610, 0.5778695770858673
938, 225, -22.40000000000005, 597, 0.6904788738266889
939, 134, -13.299999999999969, 586, 0.6916774168391671
940, 64, -6.299999999999994, 596, 0.6347582774774336
941, 225, -22.40000000000005, 600, 0.5088563334218223
942, 73, -7.19999999999999, 593, 0.47474502623288295
943, 130, -12.89999999999997, 596, 0.813275317734401
944, 69, -6.799999999999992, 592, 0.6725240894977622
945, 225, -22.40000000000005, 606, 0.4745267681285932
946, 159, -15.79999999999996, 598, 0.35360938605776004
947, 95, -9.399999999999983, 596, 0.4770615191868086
948, 115, -11.399999999999975, 604, 0.7033154327899203
949, 225, -22.40000000000005, 631, 0.8002307684966675
950, 225, -22.40000000000005, 606, 0.9726132958403522
951, 225, -22.40000000000005, 599, 0.6623365169359128
952, 166, -16.499999999999964, 608, 0.48757949738881257
953, 225, -22.40000000000005, 621, 0.9931323233718763
954, 139, -13.799999999999967, 582, 0.8785461259404554
955, 84, -8.299999999999986, 592, 0.4794136330427847
956, 80, -7.899999999999988, 599, 0.6795683353432231
957, 135, -13.399999999999968, 608, 0.9475375664478727
958, 220, -21.90000000000004, 627, 0.9600801404321335
959, 180, -17.899999999999984, 613, 0.7596808750270618
960, 70, -6.8999999999999915, 633, 0.5868715536001221
961, 94, -9.299999999999983, 629, 0.9815327002017789
962, 225, -22.40000000000005, 611, 0.7721091263505242
963, 192, -19.1, 631, 0.8407508008743549
964, 160, -15.89999999999996, 621, 0.7662334917431761
965, 225, -22.40000000000005, 614, 0.9291430639114682
966, 225, -22.40000000000005, 617, 0.7209554545845465
967, 225, -22.40000000000005, 627, 0.5952654128358266
968, 138, -13.699999999999967, 595, 0.3870087541450493
969, 225, -22.40000000000005, 599, 0.5890770006485111
970, 225, -22.40000000000005, 618, 0.8718475973261501
971, 141, -13.999999999999966, 636, 0.7685588690010425
972, 129, -12.79999999999997, 607, 0.6122057018049687
973, 225, -22.40000000000005, 614, 0.6623317583871431
974, 225, -22.40000000000005, 631, 0.6683735371078656
975, 225, -22.40000000000005, 627, 0.6969445880805676
976, 151, -14.999999999999963, 639, 0.7084526973725858
977, 225, -22.40000000000005, 614, 0.7610612391372937
978, 75, -7.39999999999999, 631, 0.6888130847737335
979, 106, -10.499999999999979, 603, 0.9295893715308257
980, 101, -9.99999999999998, 629, 0.7872606714257091
981, 225, -22.40000000000005, 625, 0.738246850914372
982, 114, -11.299999999999976, 604, 0.6798380023999555
983, 140, -13.899999999999967, 617, 0.7012776450721669
984, 225, -22.40000000000005, 624, 0.41933491492878305
985, 225, -22.40000000000005, 597, 0.6034983870847084
986, 225, -22.40000000000005, 625, 0.38358225305471594
987, 85, -8.399999999999986, 604, 0.8697116396769773
988, 115, -11.399999999999975, 612, 0.5129345645044674
989, 132, -13.09999999999997, 638, 0.7523665639551296
990, 225, -22.40000000000005, 633, 0.9998692081282288
991, 87, -8.599999999999985, 608, 0.7129408087459934
992, 225, -22.40000000000005, 653, 0.8560474835751584
993, 105, -10.399999999999979, 630, 0.6341093536215592
994, 225, -22.40000000000005, 637, 0.6330650347714923
995, 120, -11.899999999999974, 630, 0.6114629220792978
996, 95, -9.399999999999983, 633, 0.5997409587992641
997, 131, -12.99999999999997, 630, 0.8537496331965686
998, 225, -22.40000000000005, 627, 0.6230745175783419
999, 225, -22.40000000000005, 618, 0.8059322903449844
1000, 219, -21.80000000000004, 622, 0.5149250767816711
